1686089210.923584; 127838; 26
1686089210.972515; 127888; 26
1686089211.022502; 127938; 27
1686089211.072502; 127988; 27
1686089211.122509; 128038; 29
1686089211.172498; 128088; 29
1686089211.222508; 128138; 29
1686089211.272499; 128188; 30
1686089211.322502; 128238; 30
1686089211.372499; 128288; 33
1686089211.422502; 128338; 33
1686089211.472498; 128388; 33
1686089211.522507; 128438; 33
1686089211.572530; 128488; 32
1686089211.622502; 128538; 32
1686089211.672499; 128588; 33
1686089211.722507; 128638; 33
1686089211.772521; 128688; 28
1686089211.822501; 128738; 28
1686089211.872499; 128788; 25
1686089211.922502; 128838; 25
1686089211.972498; 128888; 24
1686089212.022507; 128938; 24
1686089212.072508; 128988; 21
1686089212.122498; 129038; 21
1686089212.172498; 129088; 19
1686089212.222501; 129138; 19
1686089212.272499; 129188; 19
1686089212.322507; 129238; 19
1686089212.372498; 129288; 19
1686089212.422507; 129338; 19
1686089212.472498; 129388; 19
1686089212.522507; 129438; 19
1686089212.572498; 129488; 19
1686089212.622502; 129538; 19
1686089212.672498; 129588; 19
1686089212.722507; 129638; 19
1686089212.772498; 129688; 19
1686089212.822507; 129738; 19
1686089212.872498; 129788; 19
1686089212.922501; 129838; 19
1686089212.972499; 129888; 19
1686089213.022507; 129938; 19
1686089213.072502; 129988; 19
1686089213.122503; 130038; 19
1686089213.172499; 130088; 19
1686089213.222507; 130138; 19
1686089213.272498; 130188; 20
1686089213.322508; 130238; 20
1686089213.372499; 130288; 20
1686089213.422507; 130338; 20
1686089213.472498; 130388; 20
1686089213.522507; 130438; 20
1686089213.572498; 130488; 20
1686089213.622512; 130538; 20
1686089213.672499; 130588; 20
1686089213.722502; 130638; 20
1686089213.772498; 130688; 20
1686089213.822507; 130738; 20
1686089213.872498; 130788; 20
1686089213.922533; 130838; 20
1686089213.972498; 130888; 20
1686089214.022507; 130938; 20
1686089214.072502; 130988; 20
1686089214.122509; 131038; 20
1686089214.172500; 131088; 20
1686089214.222508; 131138; 20
1686089214.272500; 131188; 20
1686089214.322508; 131238; 20
1686089214.372500; 131288; 20
1686089214.422507; 131338; 20
1686089214.472499; 131388; 20
1686089214.522502; 131438; 20
1686089214.572498; 131488; 20
1686089214.622507; 131538; 20
1686089214.672500; 131588; 20
1686089214.722501; 131638; 20
1686089214.772499; 131688; 20
1686089214.822502; 131738; 20
1686089214.872498; 131788; 20
1686089214.922507; 131838; 20
1686089214.972499; 131888; 20
1686089215.022502; 131938; 20
1686089215.072507; 131988; 20
1686089215.122498; 132038; 20
1686089215.172499; 132088; 20
1686089215.222502; 132138; 21
1686089215.272499; 132188; 21
1686089215.322507; 132238; 20
1686089215.372499; 132288; 20
1686089215.422502; 132338; 20
1686089215.472499; 132388; 20
1686089215.522507; 132438; 20
1686089215.572498; 132488; 20
1686089215.622507; 132538; 20
1686089215.672499; 132588; 20
1686089215.722502; 132638; 20
1686089215.772507; 132688; 20
1686089215.822507; 132738; 20
1686089215.872498; 132788; 20
1686089215.922501; 132838; 20
1686089215.972499; 132888; 20
1686089216.022507; 132938; 20
1686089216.072507; 132988; 20
1686089216.122498; 133038; 20
1686089216.172500; 133088; 20
1686089216.222501; 133138; 20
1686089216.272498; 133188; 20
1686089216.322508; 133238; 20
1686089216.372500; 133288; 20
1686089216.422501; 133338; 20
1686089216.472499; 133388; 20
1686089216.522507; 133438; 20
1686089216.572498; 133488; 20
1686089216.622508; 133538; 20
1686089216.672498; 133588; 20
1686089216.722508; 133638; 20
1686089216.772500; 133688; 21
1686089216.822501; 133738; 21
1686089216.872499; 133788; 21
1686089216.922502; 133838; 21
1686089216.972498; 133888; 21
1686089217.022507; 133938; 21
1686089217.072507; 133988; 21
1686089217.122498; 134038; 21
1686089217.172500; 134088; 21
1686089217.222502; 134138; 21
1686089217.272498; 134188; 21
1686089217.322507; 134238; 21
1686089217.372498; 134288; 21
1686089217.422508; 134338; 21
1686089217.472500; 134388; 21
1686089217.522502; 134438; 21
1686089217.572521; 134488; 21
1686089217.622509; 134538; 21
1686089217.672498; 134588; 21
1686089217.722507; 134638; 21
1686089217.772498; 134688; 21
1686089217.822508; 134738; 21
1686089217.872500; 134788; 21
1686089217.922510; 134838; 21
1686089217.972499; 134888; 21
1686089218.022507; 134938; 21
1686089218.072508; 134988; 21
1686089218.122500; 135038; 21
1686089218.172499; 135088; 21
1686089218.222502; 135138; 21
1686089218.272500; 135188; 21
1686089218.322501; 135238; 21
1686089218.372498; 135288; 21
1686089218.422507; 135338; 21
1686089218.472498; 135388; 21
1686089218.522507; 135438; 21
1686089218.572498; 135488; 21
1686089218.622508; 135538; 21
1686089218.672499; 135588; 21
1686089218.722502; 135638; 21
1686089218.772498; 135688; 21
1686089218.822507; 135738; 21
1686089218.872499; 135788; 21
1686089218.922507; 135838; 21
1686089218.972498; 135888; 21
1686089219.022507; 135938; 22
1686089219.072507; 135988; 22
1686089219.122503; 136038; 22
1686089219.172498; 136088; 22
1686089219.222507; 136138; 22
1686089219.272500; 136188; 22
1686089219.322501; 136238; 22
1686089219.372499; 136288; 22
1686089219.422507; 136338; 22
1686089219.472499; 136388; 22
1686089219.522507; 136438; 22
1686089219.572499; 136488; 22
1686089219.622502; 136538; 22
1686089219.672499; 136588; 22
1686089219.722507; 136638; 22
1686089219.772499; 136688; 22
1686089219.822507; 136738; 22
1686089219.872498; 136788; 22
1686089219.922507; 136838; 22
1686089219.972498; 136888; 22
1686089220.022507; 136938; 22
1686089220.072517; 136988; 22
1686089220.122509; 137038; 22
1686089220.172498; 137088; 22
1686089220.222501; 137138; 22
1686089220.272507; 137188; 22
1686089220.322501; 137238; 22
1686089220.372500; 137288; 22
1686089220.422507; 137338; 22
1686089220.472498; 137388; 22
1686089220.522501; 137438; 22
1686089220.572499; 137488; 22
1686089220.622507; 137538; 22
1686089220.672499; 137588; 22
1686089220.722508; 137638; 22
1686089220.772499; 137688; 22
1686089220.822507; 137738; 22
1686089220.872498; 137788; 22
1686089220.922501; 137838; 22
1686089220.972499; 137888; 22
1686089221.022507; 137938; 22
1686089221.072507; 137988; 22
1686089221.122498; 138038; 22
1686089221.172500; 138088; 21
1686089221.222501; 138138; 21
1686089221.272500; 138188; 20
1686089221.322507; 138238; 20
1686089221.372500; 138288; 19
1686089221.422508; 138338; 19
1686089221.472500; 138388; 20
1686089221.522507; 138438; 20
1686089221.572498; 138488; 22
1686089221.622507; 138538; 22
1686089221.672499; 138588; 22
1686089221.722507; 138638; 22
1686089221.772500; 138688; 22
1686089221.822501; 138738; 22
1686089221.872499; 138788; 22
1686089221.922507; 138838; 22
1686089221.972498; 138888; 22
1686089222.022507; 138938; 22
1686089222.072507; 138988; 22
1686089222.122509; 139038; 22
1686089222.172500; 139088; 22
1686089222.222527; 139138; 22
1686089222.272500; 139188; 22
1686089222.322508; 139238; 22
1686089222.372498; 139288; 22
1686089222.422507; 139338; 22
1686089222.472498; 139388; 22
1686089222.522508; 139438; 22
1686089222.572498; 139488; 22
1686089222.622507; 139538; 22
1686089222.672499; 139588; 22
1686089222.722507; 139638; 22
1686089222.772498; 139688; 22
1686089222.822507; 139738; 22
1686089222.872498; 139788; 22
1686089222.922507; 139838; 22
1686089222.972500; 139888; 22
1686089223.022501; 139938; 22
1686089223.072507; 139988; 22
1686089223.122498; 140038; 22
1686089223.172498; 140088; 22
1686089223.222502; 140138; 22
1686089223.272498; 140188; 22
1686089223.322507; 140238; 22
1686089223.372498; 140288; 22
1686089223.422507; 140338; 22
1686089223.472499; 140388; 22
1686089223.522502; 140438; 22
1686089223.572499; 140488; 22
1686089223.622502; 140538; 22
1686089223.672498; 140588; 22
1686089223.722507; 140638; 22
1686089223.772498; 140688; 22
1686089223.822508; 140738; 22
1686089223.872500; 140788; 22
1686089223.922501; 140838; 22
1686089223.972498; 140888; 22
1686089224.022507; 140938; 22
1686089224.072502; 140988; 22
1686089224.122509; 141038; 22
1686089224.172524; 141088; 22
1686089224.222504; 141138; 22
1686089224.272499; 141188; 22
1686089224.322502; 141238; 22
1686089224.372517; 141288; 22
1686089224.422502; 141338; 22
1686089224.472499; 141388; 22
1686089224.522501; 141438; 22
1686089224.572512; 141488; 22
1686089224.622507; 141538; 22
1686089224.672499; 141588; 22
1686089224.722502; 141638; 22
1686089224.772498; 141688; 22
1686089224.822507; 141738; 22
1686089224.872498; 141788; 22
1686089224.922507; 141838; 22
1686089224.972498; 141888; 22
1686089225.022508; 141938; 22
1686089225.072502; 141988; 22
1686089225.122509; 142038; 22
1686089225.172499; 142088; 22
1686089225.222502; 142138; 22
1686089225.272498; 142188; 22
1686089225.322507; 142238; 22
1686089225.372498; 142288; 22
1686089225.422507; 142338; 22
1686089225.472500; 142388; 22
1686089225.522501; 142438; 22
1686089225.572500; 142488; 22
1686089225.622507; 142538; 22
1686089225.672498; 142588; 23
1686089225.722501; 142638; 23
1686089225.772500; 142688; 23
1686089225.822508; 142738; 23
1686089225.872499; 142788; 23
1686089225.922502; 142838; 23
1686089225.972498; 142888; 23
1686089226.022507; 142938; 23
1686089226.072507; 142988; 23
1686089226.122509; 143038; 23
1686089226.172498; 143088; 23
1686089226.222501; 143138; 23
1686089226.272500; 143188; 23
1686089226.322502; 143238; 23
1686089226.372498; 143288; 23
1686089226.422501; 143338; 23
1686089226.472500; 143388; 23
1686089226.522507; 143438; 23
1686089226.572498; 143488; 23
1686089226.622507; 143538; 23
1686089226.672498; 143588; 23
1686089226.722521; 143638; 23
1686089226.772498; 143688; 23
1686089226.822507; 143738; 23
1686089226.872498; 143788; 23
1686089226.922507; 143838; 23
1686089226.972498; 143888; 23
1686089227.022507; 143938; 23
1686089227.072508; 143988; 23
1686089227.122509; 144038; 23
1686089227.172499; 144088; 23
1686089227.222507; 144138; 23
1686089227.272498; 144188; 23
1686089227.322507; 144238; 23
1686089227.372499; 144288; 23
1686089227.422502; 144338; 23
1686089227.472500; 144388; 23
1686089227.522502; 144438; 23
1686089227.572498; 144488; 23
1686089227.622502; 144538; 23
1686089227.672498; 144588; 23
1686089227.722507; 144638; 23
1686089227.772500; 144688; 23
1686089227.822507; 144738; 23
1686089227.872499; 144788; 23
1686089227.922502; 144838; 23
1686089227.972498; 144888; 23
1686089228.022507; 144938; 23
1686089228.072507; 144988; 23
1686089228.122509; 145038; 23
1686089228.172499; 145088; 23
1686089228.222502; 145138; 23
1686089228.272498; 145188; 23
1686089228.322507; 145238; 23
1686089228.372498; 145288; 23
1686089228.422507; 145338; 23
1686089228.472498; 145388; 23
1686089228.522507; 145438; 23
1686089228.572498; 145488; 23
1686089228.622507; 145538; 23
1686089228.672499; 145588; 23
1686089228.722508; 145638; 23
1686089228.772508; 145688; 23
1686089228.822507; 145738; 23
1686089228.872498; 145788; 23
1686089228.922508; 145838; 23
1686089228.972499; 145888; 23
1686089229.022508; 145938; 23
1686089229.072507; 145988; 23
1686089229.122503; 146038; 23
1686089229.172498; 146088; 23
1686089229.222507; 146138; 23
1686089229.272498; 146188; 23
1686089229.322507; 146238; 23
1686089229.372498; 146288; 23
1686089229.422507; 146338; 23
1686089229.472500; 146388; 23
1686089229.522501; 146438; 23
1686089229.572500; 146488; 23
1686089229.622507; 146538; 23
1686089229.672499; 146588; 23
1686089229.722502; 146638; 23
1686089229.772498; 146688; 23
1686089229.822508; 146738; 23
1686089229.872500; 146788; 23
1686089229.922508; 146838; 23
1686089229.972499; 146888; 23
1686089230.022502; 146938; 23
1686089230.072501; 146988; 23
1686089230.122503; 147038; 23
1686089230.172498; 147088; 23
1686089230.222507; 147138; 23
1686089230.272500; 147188; 23
1686089230.322508; 147238; 23
1686089230.372500; 147288; 23
1686089230.422501; 147338; 23
1686089230.472500; 147388; 23
1686089230.522502; 147438; 23
1686089230.572498; 147488; 23
1686089230.622507; 147538; 23
1686089230.672499; 147588; 23
1686089230.722513; 147638; 23
1686089230.772522; 147688; 23
1686089230.822509; 147738; 23
1686089230.872498; 147788; 23
1686089230.922508; 147838; 23
1686089230.972500; 147888; 23
1686089231.022502; 147938; 23
1686089231.072507; 147988; 23
1686089231.122509; 148038; 23
1686089231.172499; 148088; 23
1686089231.222502; 148138; 23
1686089231.272498; 148188; 23
1686089231.322502; 148238; 23
1686089231.372498; 148288; 23
1686089231.422507; 148338; 23
1686089231.472498; 148388; 23
1686089231.522507; 148438; 23
1686089231.572499; 148488; 23
1686089231.622502; 148538; 23
1686089231.672498; 148588; 23
1686089231.722502; 148638; 23
1686089231.772498; 148688; 23
1686089231.822507; 148738; 23
1686089231.872498; 148788; 23
1686089231.922507; 148838; 23
1686089231.972498; 148888; 23
1686089232.022507; 148938; 23
1686089232.072502; 148988; 23
1686089232.122509; 149038; 23
1686089232.172500; 149088; 23
1686089232.222501; 149138; 23
1686089232.272498; 149188; 23
1686089232.322507; 149238; 23
1686089232.372500; 149288; 23
1686089232.422501; 149338; 23
1686089232.472499; 149388; 23
1686089232.522502; 149438; 23
1686089232.572498; 149488; 23
1686089232.622507; 149538; 23
1686089232.672500; 149588; 23
1686089232.722501; 149638; 23
1686089232.772498; 149688; 23
1686089232.822507; 149738; 23
1686089232.872498; 149788; 23
1686089232.922501; 149838; 23
1686089232.972499; 149888; 23
1686089233.022508; 149938; 23
1686089233.072507; 149988; 23
1686089233.122498; 150038; 23
1686089233.172500; 150088; 23
1686089233.222501; 150138; 23
1686089233.272498; 150188; 23
1686089233.322507; 150238; 23
1686089233.372498; 150288; 23
1686089233.422500; 150338; 23
1686089233.472498; 150388; 23
1686089233.522502; 150438; 23
1686089233.572498; 150488; 23
1686089233.622501; 150538; 23
1686089233.672499; 150588; 23
1686089233.722507; 150638; 23
1686089233.772500; 150688; 23
1686089233.822502; 150738; 23
1686089233.872499; 150788; 23
1686089233.922502; 150838; 23
1686089233.972498; 150888; 23
1686089234.022507; 150938; 23
1686089234.072502; 150988; 23
1686089234.122509; 151038; 23
1686089234.172500; 151088; 23
1686089234.222507; 151138; 23
1686089234.272500; 151188; 23
1686089234.322507; 151238; 23
1686089234.372500; 151288; 23
1686089234.422507; 151338; 23
1686089234.472500; 151388; 23
1686089234.522507; 151438; 23
1686089234.572500; 151488; 23
1686089234.622507; 151538; 23
1686089234.672499; 151588; 23
1686089234.722502; 151638; 23
1686089234.772498; 151688; 23
1686089234.822507; 151738; 23
1686089234.872498; 151788; 23
1686089234.922507; 151838; 23
1686089234.972498; 151888; 23
1686089235.022528; 151938; 23
1686089235.072502; 151988; 23
1686089235.122503; 152038; 23
1686089235.172499; 152088; 23
1686089235.222519; 152138; 23
1686089235.272500; 152188; 23
1686089235.322502; 152238; 23
1686089235.372498; 152288; 23
1686089235.422507; 152338; 23
1686089235.472498; 152388; 23
1686089235.522507; 152438; 23
1686089235.572500; 152488; 23
1686089235.622501; 152538; 23
1686089235.672498; 152588; 23
1686089235.722507; 152638; 23
1686089235.772498; 152688; 23
1686089235.822507; 152738; 23
1686089235.872500; 152788; 23
1686089235.922502; 152838; 23
1686089235.972499; 152888; 23
1686089236.022502; 152938; 23
1686089236.072507; 152988; 23
1686089236.122509; 153038; 23
1686089236.172498; 153088; 23
1686089236.222507; 153138; 23
1686089236.272498; 153188; 23
1686089236.322508; 153238; 23
1686089236.372500; 153288; 23
1686089236.422501; 153338; 23
1686089236.472498; 153388; 23
1686089236.522507; 153438; 23
1686089236.572500; 153488; 23
1686089236.622501; 153538; 23
1686089236.672498; 153588; 23
1686089236.722507; 153638; 23
1686089236.772498; 153688; 23
1686089236.822507; 153738; 23
1686089236.872499; 153788; 23
1686089236.922502; 153838; 23
1686089236.972499; 153888; 23
1686089237.022507; 153938; 23
1686089237.072501; 153988; 23
1686089237.122509; 154038; 23
1686089237.172498; 154088; 23
1686089237.222502; 154138; 23
1686089237.272508; 154188; 23
1686089237.322507; 154238; 23
1686089237.372528; 154288; 23
1686089237.422504; 154338; 23
1686089237.472498; 154388; 23
1686089237.522501; 154438; 23
1686089237.572499; 154488; 23
1686089237.622507; 154538; 23
1686089237.672499; 154588; 23
1686089237.722507; 154638; 23
1686089237.772498; 154688; 23
1686089237.822507; 154738; 23
1686089237.872500; 154788; 23
1686089237.922501; 154838; 23
1686089237.972499; 154888; 23
1686089238.022507; 154938; 23
1686089238.072507; 154988; 23
1686089238.122509; 155038; 23
1686089238.172499; 155088; 23
1686089238.222508; 155138; 23
1686089238.272500; 155188; 23
1686089238.322501; 155238; 23
1686089238.372499; 155288; 23
1686089238.422502; 155338; 23
1686089238.472498; 155388; 23
1686089238.522507; 155438; 23
1686089238.572498; 155488; 23
1686089238.622508; 155538; 23
1686089238.672499; 155588; 23
1686089238.722507; 155638; 23
1686089238.772498; 155688; 23
1686089238.822507; 155738; 23
1686089238.872498; 155788; 23
1686089238.922501; 155838; 23
1686089238.972500; 155888; 23
1686089239.022507; 155938; 23
1686089239.072507; 155988; 23
1686089239.122509; 156038; 23
1686089239.172499; 156088; 23
1686089239.222504; 156138; 23
1686089239.272498; 156188; 23
1686089239.322502; 156238; 23
1686089239.372498; 156288; 23
1686089239.422501; 156338; 23
1686089239.472498; 156388; 23
1686089239.522507; 156438; 23
1686089239.572499; 156488; 23
1686089239.622502; 156538; 23
1686089239.672499; 156588; 23
1686089239.722502; 156638; 23
1686089239.772499; 156688; 23
1686089239.822502; 156738; 23
1686089239.872498; 156788; 22
1686089239.922507; 156838; 22
1686089239.972498; 156888; 21
1686089240.022507; 156938; 21
1686089240.072501; 156988; 22
1686089240.122509; 157038; 22
1686089240.172498; 157088; 23
1686089240.222507; 157138; 23
1686089240.272499; 157188; 22
1686089240.322507; 157238; 22
1686089240.372498; 157288; 22
1686089240.422507; 157338; 22
1686089240.472498; 157388; 23
1686089240.522507; 157438; 23
1686089240.572500; 157488; 23
1686089240.622501; 157538; 23
1686089240.672498; 157588; 23
1686089240.722507; 157638; 23
1686089240.772499; 157688; 23
1686089240.822502; 157738; 23
1686089240.872500; 157788; 23
1686089240.922501; 157838; 23
1686089240.972500; 157888; 23
1686089241.022507; 157938; 23
1686089241.072507; 157988; 23
1686089241.122498; 158038; 23
1686089241.172498; 158088; 23
1686089241.222507; 158138; 23
1686089241.272498; 158188; 23
1686089241.322507; 158238; 23
1686089241.372499; 158288; 23
1686089241.422508; 158338; 23
1686089241.472500; 158388; 23
1686089241.522501; 158438; 23
1686089241.572502; 158488; 23
1686089241.622502; 158538; 23
1686089241.672498; 158588; 23
1686089241.722508; 158638; 23
1686089241.772499; 158688; 23
1686089241.822507; 158738; 23
1686089241.872498; 158788; 23
1686089241.922507; 158838; 23
1686089241.972498; 158888; 23
1686089242.022508; 158938; 23
1686089242.072508; 158988; 23
1686089242.122509; 159038; 23
1686089242.172498; 159088; 23
1686089242.222502; 159138; 23
1686089242.272498; 159188; 23
1686089242.322507; 159238; 23
1686089242.372500; 159288; 23
1686089242.422507; 159338; 23
1686089242.472498; 159388; 23
1686089242.522507; 159438; 23
1686089242.572498; 159488; 23
1686089242.622508; 159538; 23
1686089242.672499; 159588; 23
1686089242.722501; 159638; 23
1686089242.772500; 159688; 23
1686089242.822507; 159738; 23
1686089242.872500; 159788; 23
1686089242.922501; 159838; 23
1686089242.972499; 159888; 23
1686089243.022502; 159938; 23
1686089243.072507; 159988; 23
1686089243.122503; 160038; 23
1686089243.172498; 160088; 23
1686089243.222501; 160138; 23
1686089243.272499; 160188; 23
1686089243.322501; 160238; 23
1686089243.372498; 160288; 23
1686089243.422501; 160338; 23
1686089243.472500; 160388; 23
1686089243.522501; 160438; 23
1686089243.572499; 160488; 23
1686089243.622508; 160538; 23
1686089243.672498; 160588; 23
1686089243.722507; 160638; 23
1686089243.772500; 160688; 23
1686089243.822501; 160738; 23
1686089243.872498; 160788; 23
1686089243.922507; 160838; 23
1686089243.972511; 160888; 23
1686089244.022510; 160938; 23
1686089244.072508; 160988; 23
1686089244.122509; 161038; 23
1686089244.172498; 161088; 23
1686089244.222507; 161138; 23
1686089244.272498; 161188; 23
1686089244.322507; 161238; 23
1686089244.372500; 161288; 23
1686089244.422501; 161338; 23
1686089244.472498; 161388; 23
1686089244.522507; 161438; 23
1686089244.572498; 161488; 23
1686089244.622507; 161538; 23
1686089244.672499; 161588; 23
1686089244.722502; 161638; 23
1686089244.772499; 161688; 23
1686089244.822502; 161738; 23
1686089244.872498; 161788; 23
1686089244.922508; 161838; 23
1686089244.972500; 161888; 24
1686089245.022501; 161938; 24
1686089245.072507; 161988; 24
1686089245.122498; 162038; 24
1686089245.172499; 162088; 24
1686089245.222502; 162138; 24
1686089245.272498; 162188; 24
1686089245.322507; 162238; 24
1686089245.372498; 162288; 23
1686089245.422507; 162338; 23
1686089245.472498; 162388; 22
1686089245.522507; 162438; 22
1686089245.572498; 162488; 23
1686089245.622507; 162538; 23
1686089245.672498; 162588; 24
1686089245.722501; 162638; 24
1686089245.772500; 162688; 25
1686089245.822502; 162738; 25
1686089245.872507; 162788; 25
1686089245.922507; 162838; 25
1686089245.972498; 162888; 25
1686089246.022507; 162938; 23
1686089246.072502; 162988; 23
1686089246.122509; 163038; 22
1686089246.172500; 163088; 22
1686089246.222507; 163138; 23
1686089246.272498; 163188; 23
1686089246.322502; 163238; 24
1686089246.372498; 163288; 24
1686089246.422502; 163338; 24
1686089246.472498; 163388; 24
1686089246.522502; 163438; 25
1686089246.572499; 163488; 25
1686089246.622501; 163538; 26
1686089246.672500; 163588; 26
1686089246.722507; 163638; 26
1686089246.772498; 163688; 26
1686089246.822507; 163738; 26
1686089246.872500; 163788; 26
1686089246.922502; 163838; 25
1686089246.972498; 163888; 25
1686089247.022507; 163938; 25
1686089247.072508; 163988; 25
1686089247.122510; 164038; 25
1686089247.172498; 164088; 25
1686089247.222507; 164138; 26
1686089247.272500; 164188; 26
1686089247.322507; 164238; 27
1686089247.372498; 164288; 27
1686089247.422502; 164338; 27
1686089247.472498; 164388; 27
1686089247.522507; 164438; 28
1686089247.572500; 164488; 28
1686089247.622507; 164538; 28
1686089247.672498; 164588; 28
1686089247.722501; 164638; 29
1686089247.772499; 164688; 29
1686089247.822502; 164738; 28
1686089247.872498; 164788; 28
1686089247.922507; 164838; 31
1686089247.972500; 164888; 31
1686089248.022507; 164938; 34
1686089248.072508; 164988; 34
1686089248.122509; 165038; 37
1686089248.172499; 165088; 37
1686089248.222502; 165138; 39
1686089248.272498; 165188; 39
1686089248.322502; 165238; 39
1686089248.372499; 165288; 35
1686089248.422502; 165338; 35
1686089248.472498; 165388; 30
1686089248.522507; 165438; 30
1686089248.572500; 165488; 27
1686089248.622501; 165538; 27
1686089248.672498; 165588; 26
1686089248.722507; 165638; 26
1686089248.772498; 165688; 26
1686089248.822507; 165738; 26
1686089248.872498; 165788; 26
1686089248.922507; 165838; 26
1686089248.972498; 165888; 26
1686089249.022507; 165938; 26
1686089249.072502; 165988; 26
1686089249.122509; 166038; 26
1686089249.172499; 166088; 27
1686089249.222502; 166138; 27
1686089249.272498; 166188; 27
1686089249.322502; 166238; 27
1686089249.372499; 166288; 27
1686089249.422507; 166338; 27
1686089249.472498; 166388; 26
1686089249.522507; 166438; 26
1686089249.572499; 166488; 26
1686089249.622507; 166538; 26
1686089249.672499; 166588; 27
1686089249.722507; 166638; 27
1686089249.772498; 166688; 26
1686089249.822507; 166738; 26
1686089249.872500; 166788; 26
1686089249.922501; 166838; 26
1686089249.972498; 166888; 26
1686089250.022507; 166938; 26
1686089250.072502; 166988; 26
1686089250.122509; 167038; 26
1686089250.172500; 167088; 26
1686089250.222501; 167138; 26
1686089250.272500; 167188; 26
1686089250.322502; 167238; 26
1686089250.372498; 167288; 26
1686089250.422507; 167338; 26
1686089250.472498; 167388; 26
1686089250.522507; 167438; 26
1686089250.572524; 167488; 26
1686089250.622509; 167538; 26
1686089250.672499; 167588; 26
1686089250.722508; 167638; 26
1686089250.772500; 167688; 26
1686089250.822507; 167738; 26
1686089250.872500; 167788; 26
1686089250.922507; 167838; 26
1686089250.972500; 167888; 26
1686089251.022502; 167938; 26
1686089251.072501; 167988; 26
1686089251.122509; 168038; 26
1686089251.172499; 168088; 26
1686089251.222508; 168138; 26
1686089251.272498; 168188; 26
1686089251.322507; 168238; 26
1686089251.372498; 168288; 26
1686089251.422501; 168338; 26
1686089251.472499; 168388; 26
1686089251.522502; 168438; 26
1686089251.572498; 168488; 26
1686089251.622507; 168538; 26
1686089251.672499; 168588; 26
1686089251.722507; 168638; 26
1686089251.772498; 168688; 26
1686089251.822507; 168738; 26
1686089251.872498; 168788; 26
1686089251.922508; 168838; 26
1686089251.972500; 168888; 26
1686089252.022501; 168938; 26
1686089252.072508; 168988; 26
1686089252.122510; 169038; 26
1686089252.172498; 169088; 26
1686089252.222499; 169138; 26
1686089252.272498; 169188; 26
1686089252.322507; 169238; 26
1686089252.372499; 169288; 26
1686089252.422502; 169338; 26
1686089252.472498; 169388; 26
1686089252.522507; 169438; 26
1686089252.572500; 169488; 26
1686089252.622507; 169538; 26
1686089252.672498; 169588; 26
1686089252.722507; 169638; 26
1686089252.772498; 169688; 26
1686089252.822507; 169738; 26
1686089252.872499; 169788; 26
1686089252.922507; 169838; 26
1686089252.972498; 169888; 26
1686089253.022507; 169938; 26
1686089253.072507; 169988; 26
1686089253.122509; 170038; 26
1686089253.172500; 170088; 26
1686089253.222502; 170138; 26
1686089253.272498; 170188; 26
1686089253.322507; 170238; 26
1686089253.372500; 170288; 26
1686089253.422501; 170338; 26
1686089253.472498; 170388; 26
1686089253.522507; 170438; 26
1686089253.572499; 170488; 26
1686089253.622507; 170538; 26
1686089253.672498; 170588; 26
1686089253.722508; 170638; 26
1686089253.772498; 170688; 26
1686089253.822507; 170738; 26
1686089253.872500; 170788; 26
1686089253.922501; 170838; 26
1686089253.972498; 170888; 26
1686089254.022507; 170938; 26
1686089254.072501; 170988; 26
1686089254.122509; 171038; 26
1686089254.172516; 171088; 26
1686089254.222507; 171138; 26
1686089254.272498; 171188; 26
1686089254.322507; 171238; 26
1686089254.372499; 171288; 26
1686089254.422507; 171338; 26
1686089254.472498; 171388; 26
1686089254.522507; 171438; 26
1686089254.572498; 171488; 26
1686089254.622501; 171538; 26
1686089254.672499; 171588; 26
1686089254.722501; 171638; 26
1686089254.772500; 171688; 26
1686089254.822502; 171738; 26
1686089254.872498; 171788; 26
1686089254.922507; 171838; 26
1686089254.972500; 171888; 26
1686089255.022507; 171938; 26
1686089255.072502; 171988; 26
1686089255.122498; 172038; 26
1686089255.172500; 172088; 26
1686089255.222508; 172138; 26
1686089255.272500; 172188; 26
1686089255.322507; 172238; 26
1686089255.372498; 172288; 26
1686089255.422507; 172338; 26
1686089255.472500; 172388; 26
1686089255.522508; 172438; 26
1686089255.572500; 172488; 26
1686089255.622508; 172538; 26
1686089255.672499; 172588; 26
1686089255.722502; 172638; 26
1686089255.772498; 172688; 26
1686089255.822508; 172738; 26
1686089255.872500; 172788; 26
1686089255.922501; 172838; 26
1686089255.972499; 172888; 26
1686089256.022507; 172938; 27
1686089256.072507; 172988; 27
1686089256.122509; 173038; 27
1686089256.172499; 173088; 27
1686089256.222501; 173138; 27
1686089256.272499; 173188; 27
1686089256.322528; 173238; 28
1686089256.372500; 173288; 28
1686089256.422508; 173338; 28
1686089256.472500; 173388; 28
1686089256.522515; 173438; 28
1686089256.572499; 173488; 28
1686089256.622502; 173538; 26
1686089256.672499; 173588; 26
1686089256.722502; 173638; 26
1686089256.772498; 173688; 26
1686089256.822507; 173738; 26
1686089256.872498; 173788; 26
1686089256.922507; 173838; 25
1686089256.972499; 173888; 25
1686089257.022507; 173938; 26
1686089257.072507; 173988; 26
1686089257.122498; 174038; 26
1686089257.172524; 174088; 26
1686089257.222509; 174138; 26
1686089257.272498; 174188; 26
1686089257.322502; 174238; 26
1686089257.372499; 174288; 26
1686089257.422502; 174338; 26
1686089257.472498; 174388; 26
1686089257.522507; 174438; 26
1686089257.572499; 174488; 25
1686089257.622502; 174538; 25
1686089257.672498; 174588; 24
1686089257.722507; 174638; 24
1686089257.772499; 174688; 25
1686089257.822502; 174738; 25
1686089257.872498; 174788; 26
1686089257.922508; 174838; 26
1686089257.972500; 174888; 26
1686089258.022507; 174938; 26
1686089258.072501; 174988; 26
1686089258.122509; 175038; 26
1686089258.172499; 175088; 26
1686089258.222502; 175138; 26
1686089258.272500; 175188; 26
1686089258.322501; 175238; 26
1686089258.372500; 175288; 26
1686089258.422501; 175338; 26
1686089258.472508; 175388; 26
1686089258.522507; 175438; 26
1686089258.572508; 175488; 26
1686089258.622502; 175538; 26
1686089258.672545; 175588; 26
1686089258.722507; 175638; 26
1686089258.772498; 175688; 26
1686089258.822502; 175738; 26
1686089258.872498; 175788; 26
1686089258.922507; 175838; 26
1686089258.972498; 175888; 26
1686089259.022507; 175938; 26
1686089259.072507; 175988; 26
1686089259.122498; 176038; 26
1686089259.172498; 176088; 26
1686089259.222507; 176138; 26
1686089259.272498; 176188; 26
1686089259.322502; 176238; 26
1686089259.372498; 176288; 26
1686089259.422507; 176338; 26
1686089259.472500; 176388; 26
1686089259.522502; 176438; 26
1686089259.572498; 176488; 26
1686089259.622502; 176538; 26
1686089259.672499; 176588; 26
1686089259.722501; 176638; 26
1686089259.772499; 176688; 26
1686089259.822507; 176738; 26
1686089259.872500; 176788; 26
1686089259.922508; 176838; 26
1686089259.972500; 176888; 26
1686089260.022507; 176938; 26
1686089260.072507; 176988; 26
1686089260.122509; 177038; 26
1686089260.172499; 177088; 26
1686089260.222501; 177138; 26
1686089260.272499; 177188; 26
1686089260.322507; 177238; 26
1686089260.372498; 177288; 26
1686089260.422507; 177338; 26
1686089260.472498; 177388; 26
1686089260.522508; 177438; 26
1686089260.572500; 177488; 26
1686089260.622507; 177538; 26
1686089260.672499; 177588; 26
1686089260.722507; 177638; 26
1686089260.772498; 177688; 26
1686089260.822516; 177738; 26
1686089260.872498; 177788; 26
1686089260.922507; 177838; 26
1686089260.972500; 177888; 26
1686089261.022502; 177938; 26
1686089261.072501; 177988; 26
1686089261.122509; 178038; 26
1686089261.172498; 178088; 26
1686089261.222507; 178138; 26
1686089261.272498; 178188; 26
1686089261.322507; 178238; 26
1686089261.372499; 178288; 26
1686089261.422502; 178338; 26
1686089261.472498; 178388; 26
1686089261.522507; 178438; 26
1686089261.572499; 178488; 26
1686089261.622502; 178538; 26
1686089261.672498; 178588; 26
1686089261.722507; 178638; 26
1686089261.772499; 178688; 26
1686089261.822502; 178738; 26
1686089261.872498; 178788; 26
1686089261.922507; 178838; 26
1686089261.972498; 178888; 26
1686089262.022507; 178938; 26
1686089262.072507; 178988; 26
1686089262.122509; 179038; 26
1686089262.172498; 179088; 26
1686089262.222502; 179138; 26
1686089262.272498; 179188; 26
1686089262.322507; 179238; 26
1686089262.372498; 179288; 26
1686089262.422507; 179338; 26
1686089262.472498; 179388; 26
1686089262.522507; 179438; 26
1686089262.572499; 179488; 26
1686089262.622502; 179538; 26
1686089262.672507; 179588; 26
1686089262.722507; 179638; 26
1686089262.772498; 179688; 25
1686089262.822502; 179738; 25
1686089262.872500; 179788; 25
1686089262.922507; 179838; 25
1686089262.972498; 179888; 25
1686089263.022502; 179938; 25
1686089263.072501; 179988; 24
1686089263.122509; 180038; 24
1686089263.172499; 180088; 25
1686089263.222507; 180138; 25
1686089263.272498; 180188; 24
1686089263.322507; 180238; 24
1686089263.372498; 180288; 24
1686089263.422507; 180338; 24
1686089263.472500; 180388; 25
1686089263.522501; 180438; 25
1686089263.572500; 180488; 24
1686089263.622508; 180538; 24
1686089263.672498; 180588; 24
1686089263.722508; 180638; 24
1686089263.772499; 180688; 25
1686089263.822522; 180738; 25
1686089263.872500; 180788; 25
1686089263.922507; 180838; 25
1686089263.972498; 180888; 25
1686089264.022501; 180938; 25
1686089264.072508; 180988; 25
1686089264.122509; 181038; 25
1686089264.172500; 181088; 24
1686089264.222507; 181138; 24
1686089264.272498; 181188; 25
1686089264.322507; 181238; 25
1686089264.372498; 181288; 25
1686089264.422507; 181338; 25
1686089264.472500; 181388; 24
1686089264.522508; 181438; 24
1686089264.572499; 181488; 24
1686089264.622508; 181538; 25
1686089264.672499; 181588; 25
1686089264.722502; 181638; 25
1686089264.772498; 181688; 25
1686089264.822507; 181738; 26
1686089264.872499; 181788; 26
1686089264.922502; 181838; 27
1686089264.972498; 181888; 27
1686089265.022508; 181938; 27
1686089265.072502; 181988; 27
1686089265.122509; 182038; 27
1686089265.172498; 182088; 27
1686089265.222507; 182138; 27
1686089265.272500; 182188; 27
1686089265.322501; 182238; 27
1686089265.372500; 182288; 27
1686089265.422501; 182338; 27
1686089265.472498; 182388; 27
1686089265.522507; 182438; 28
1686089265.572499; 182488; 28
1686089265.622502; 182538; 28
1686089265.672498; 182588; 28
1686089265.722507; 182638; 28
1686089265.772500; 182688; 28
1686089265.822501; 182738; 27
1686089265.872498; 182788; 27
1686089265.922507; 182838; 27
1686089265.972500; 182888; 27
1686089266.022501; 182938; 27
1686089266.072508; 182988; 27
1686089266.122509; 183038; 26
1686089266.172499; 183088; 26
1686089266.222507; 183138; 26
1686089266.272498; 183188; 26
1686089266.322507; 183238; 26
1686089266.372498; 183288; 26
1686089266.422507; 183338; 26
1686089266.472498; 183388; 26
1686089266.522507; 183438; 26
1686089266.572500; 183488; 26
1686089266.622502; 183538; 26
1686089266.672498; 183588; 26
1686089266.722507; 183638; 26
1686089266.772498; 183688; 26
1686089266.822507; 183738; 26
1686089266.872499; 183788; 26
1686089266.922502; 183838; 26
1686089266.972515; 183888; 26
1686089267.022501; 183938; 26
1686089267.072507; 183988; 26
1686089267.122509; 184038; 26
1686089267.172510; 184088; 27
1686089267.222507; 184138; 27
1686089267.272500; 184188; 27
1686089267.322508; 184238; 27
1686089267.372499; 184288; 27
1686089267.422501; 184338; 27
1686089267.472500; 184388; 27
1686089267.522508; 184438; 27
1686089267.572500; 184488; 27
1686089267.622501; 184538; 27
1686089267.672499; 184588; 27
1686089267.722507; 184638; 27
1686089267.772498; 184688; 27
1686089267.822508; 184738; 27
1686089267.872499; 184788; 27
1686089267.922501; 184838; 27
1686089267.972499; 184888; 27
1686089268.022502; 184938; 27
1686089268.072508; 184988; 27
1686089268.122498; 185038; 27
1686089268.172500; 185088; 27
1686089268.222501; 185138; 27
1686089268.272499; 185188; 27
1686089268.322501; 185238; 27
1686089268.372500; 185288; 27
1686089268.422508; 185338; 27
1686089268.472500; 185388; 27
1686089268.522507; 185438; 27
1686089268.572500; 185488; 27
1686089268.622507; 185538; 27
1686089268.672499; 185588; 28
1686089268.722501; 185638; 28
1686089268.772500; 185688; 28
1686089268.822501; 185738; 28
1686089268.872499; 185788; 28
1686089268.922502; 185838; 28
1686089268.972498; 185888; 28
1686089269.022507; 185938; 28
1686089269.072507; 185988; 29
1686089269.122524; 186038; 29
1686089269.172499; 186088; 29
1686089269.222507; 186138; 32
1686089269.272498; 186188; 32
1686089269.322520; 186238; 33
1686089269.372499; 186288; 33
1686089269.422502; 186338; 31
1686089269.472498; 186388; 31
1686089269.522507; 186438; 31
1686089269.572499; 186488; 31
1686089269.622502; 186538; 34
1686089269.672499; 186588; 34
1686089269.722502; 186638; 35
1686089269.772498; 186688; 35
1686089269.822507; 186738; 35
1686089269.872500; 186788; 35
1686089269.922501; 186838; 34
1686089269.972500; 186888; 34
1686089270.022501; 186938; 34
1686089270.072508; 186988; 34
1686089270.122509; 187038; 34
1686089270.172500; 187088; 34
1686089270.222501; 187138; 34
1686089270.272498; 187188; 34
1686089270.322507; 187238; 36
1686089270.372499; 187288; 36
1686089270.422518; 187338; 35
1686089270.472511; 187388; 35
1686089270.522508; 187438; 35
1686089270.572498; 187488; 35
1686089270.622507; 187538; 33
1686089270.672498; 187588; 33
1686089270.722507; 187638; 33
1686089270.772498; 187688; 33
1686089270.822507; 187738; 32
1686089270.872499; 187788; 32
1686089270.922507; 187838; 32
