1686091018.840021; 431570; 18
1686091018.889432; 431620; 18
1686091018.939428; 431670; 18
1686091018.989426; 431720; 18
1686091019.039434; 431770; 18
1686091019.089428; 431820; 18
1686091019.139436; 431870; 18
1686091019.189426; 431920; 18
1686091019.239434; 431970; 18
1686091019.289432; 432020; 18
1686091019.339428; 432070; 18
1686091019.389432; 432120; 18
1686091019.439428; 432170; 18
1686091019.489432; 432220; 18
1686091019.539428; 432270; 18
1686091019.589432; 432320; 18
1686091019.639428; 432370; 18
1686091019.689432; 432420; 18
1686091019.739428; 432470; 18
1686091019.789426; 432520; 18
1686091019.839434; 432570; 18
1686091019.889426; 432620; 18
1686091019.939434; 432670; 18
1686091019.989432; 432720; 18
1686091020.039428; 432770; 18
1686091020.089428; 432820; 18
1686091020.139424; 432870; 18
1686091020.189432; 432920; 18
1686091020.239428; 432970; 18
1686091020.289433; 433020; 18
1686091020.339429; 433070; 18
1686091020.389426; 433120; 18
1686091020.439434; 433170; 18
1686091020.489426; 433220; 18
1686091020.539434; 433270; 18
1686091020.589427; 433320; 18
1686091020.639434; 433370; 18
1686091020.689426; 433420; 18
1686091020.739428; 433470; 18
1686091020.789433; 433520; 18
1686091020.839428; 433570; 18
1686091020.889432; 433620; 18
1686091020.939428; 433670; 18
1686091020.989432; 433720; 18
1686091021.039428; 433770; 18
1686091021.089428; 433820; 18
1686091021.139424; 433870; 18
1686091021.189426; 433920; 18
1686091021.239428; 433970; 18
1686091021.289432; 434020; 18
1686091021.339434; 434070; 18
1686091021.389426; 434120; 18
1686091021.439434; 434170; 18
1686091021.489426; 434220; 18
1686091021.539434; 434270; 18
1686091021.589426; 434320; 18
1686091021.639428; 434370; 18
1686091021.689432; 434420; 18
1686091021.739428; 434470; 18
1686091021.789432; 434520; 18
1686091021.839428; 434570; 18
1686091021.889432; 434620; 18
1686091021.939428; 434670; 18
1686091021.989432; 434720; 18
1686091022.039428; 434770; 18
1686091022.089428; 434820; 18
1686091022.139424; 434870; 18
1686091022.189426; 434920; 18
1686091022.239428; 434970; 18
1686091022.289432; 435020; 18
1686091022.339428; 435070; 18
1686091022.389432; 435120; 18
1686091022.439434; 435170; 18
1686091022.489426; 435220; 18
1686091022.539428; 435270; 18
1686091022.589432; 435320; 18
1686091022.639434; 435370; 18
1686091022.689426; 435420; 18
1686091022.739427; 435470; 18
1686091022.789432; 435520; 18
1686091022.839428; 435570; 18
1686091022.889432; 435620; 18
1686091022.939428; 435670; 18
1686091022.989432; 435720; 18
1686091023.039428; 435770; 18
1686091023.089434; 435820; 18
1686091023.139436; 435870; 18
1686091023.189432; 435920; 18
1686091023.239428; 435970; 18
1686091023.289432; 436020; 18
1686091023.339428; 436070; 18
1686091023.389426; 436120; 18
1686091023.439434; 436170; 18
1686091023.489426; 436220; 18
1686091023.539434; 436270; 18
1686091023.589426; 436320; 18
1686091023.639434; 436370; 18
1686091023.689426; 436420; 18
1686091023.739434; 436470; 18
1686091023.789432; 436520; 18
1686091023.839428; 436570; 18
1686091023.889426; 436620; 18
1686091023.939434; 436670; 18
1686091023.989432; 436720; 18
1686091024.039428; 436770; 18
1686091024.089434; 436820; 18
1686091024.139436; 436870; 18
1686091024.189432; 436920; 18
1686091024.239428; 436970; 18
1686091024.289432; 437020; 18
1686091024.339428; 437070; 18
1686091024.389432; 437120; 18
1686091024.439428; 437170; 18
1686091024.489426; 437220; 18
1686091024.539434; 437270; 18
1686091024.589426; 437320; 18
1686091024.639434; 437370; 18
1686091024.689432; 437420; 18
1686091024.739428; 437470; 18
1686091024.789432; 437520; 18
1686091024.839428; 437570; 18
1686091024.889435; 437620; 18
1686091024.939434; 437670; 18
1686091024.989426; 437720; 18
1686091025.039434; 437770; 18
1686091025.089435; 437820; 18
1686091025.139424; 437870; 18
1686091025.189426; 437920; 18
1686091025.239434; 437970; 18
1686091025.289426; 438020; 18
1686091025.339428; 438070; 18
1686091025.389432; 438120; 18
1686091025.439434; 438170; 18
1686091025.489443; 438220; 18
1686091025.539434; 438270; 18
1686091025.589432; 438320; 18
1686091025.639428; 438370; 18
1686091025.689432; 438420; 18
1686091025.739434; 438470; 18
1686091025.789426; 438520; 18
1686091025.839434; 438570; 18
1686091025.889426; 438620; 18
1686091025.939434; 438670; 18
1686091025.989426; 438720; 18
1686091026.039434; 438770; 18
1686091026.089434; 438820; 18
1686091026.139436; 438870; 18
1686091026.189432; 438920; 18
1686091026.239428; 438970; 18
1686091026.289432; 439020; 18
1686091026.339434; 439070; 18
1686091026.389426; 439120; 18
1686091026.439434; 439170; 18
1686091026.489426; 439220; 18
1686091026.539434; 439270; 18
1686091026.589426; 439320; 18
1686091026.639434; 439370; 18
1686091026.689426; 439420; 18
1686091026.739434; 439470; 18
1686091026.789426; 439520; 18
1686091026.839428; 439570; 18
1686091026.889432; 439620; 18
1686091026.939428; 439670; 18
1686091026.989433; 439720; 18
1686091027.039456; 439770; 18
1686091027.089434; 439820; 18
1686091027.139425; 439870; 18
1686091027.189432; 439920; 18
1686091027.239428; 439970; 18
1686091027.289432; 440020; 18
1686091027.339428; 440070; 18
1686091027.389432; 440120; 18
1686091027.439428; 440170; 18
1686091027.489432; 440220; 18
1686091027.539428; 440270; 18
1686091027.589426; 440320; 18
1686091027.639434; 440370; 18
1686091027.689426; 440420; 18
1686091027.739434; 440470; 18
1686091027.789426; 440520; 18
1686091027.839434; 440570; 18
1686091027.889426; 440620; 18
1686091027.939434; 440670; 18
1686091027.989426; 440720; 18
1686091028.039434; 440770; 18
1686091028.089434; 440820; 18
1686091028.139436; 440870; 18
1686091028.189432; 440920; 18
1686091028.239428; 440970; 18
1686091028.289432; 441020; 18
1686091028.339428; 441070; 18
1686091028.389432; 441120; 18
1686091028.439428; 441170; 18
1686091028.489432; 441220; 18
1686091028.539428; 441270; 18
1686091028.589432; 441320; 18
1686091028.639428; 441370; 18
1686091028.689432; 441420; 18
1686091028.739428; 441470; 18
1686091028.789426; 441520; 18
1686091028.839434; 441570; 18
1686091028.889432; 441620; 18
1686091028.939428; 441670; 18
1686091028.989426; 441720; 18
1686091029.039428; 441770; 18
1686091029.089428; 441820; 18
1686091029.139424; 441870; 18
1686091029.189443; 441920; 18
1686091029.239434; 441970; 18
1686091029.289426; 442020; 18
1686091029.339434; 442070; 18
1686091029.389437; 442120; 18
1686091029.439434; 442170; 18
1686091029.489426; 442220; 18
1686091029.539434; 442270; 18
1686091029.589426; 442320; 18
1686091029.639428; 442370; 18
1686091029.689432; 442420; 18
1686091029.739428; 442470; 18
1686091029.789432; 442520; 18
1686091029.839428; 442570; 18
1686091029.889432; 442620; 18
1686091029.939428; 442670; 18
1686091029.989432; 442720; 18
1686091030.039434; 442770; 18
1686091030.089434; 442820; 18
1686091030.139436; 442870; 18
1686091030.189432; 442920; 18
1686091030.239434; 442970; 18
1686091030.289426; 443020; 18
1686091030.339434; 443070; 18
1686091030.389427; 443120; 18
1686091030.439428; 443170; 18
1686091030.489432; 443220; 18
1686091030.539434; 443270; 18
1686091030.589426; 443320; 18
1686091030.639428; 443370; 18
1686091030.689432; 443420; 18
1686091030.739434; 443470; 18
1686091030.789426; 443520; 18
1686091030.839434; 443570; 19
1686091030.889426; 443620; 19
1686091030.939434; 443670; 19
1686091030.989426; 443720; 19
1686091031.039428; 443770; 19
1686091031.089428; 443820; 19
1686091031.139425; 443870; 19
1686091031.189426; 443920; 19
1686091031.239434; 443970; 19
1686091031.289432; 444020; 19
1686091031.339434; 444070; 19
1686091031.389432; 444120; 19
1686091031.439428; 444170; 19
1686091031.489426; 444220; 19
1686091031.539434; 444270; 19
1686091031.589426; 444320; 19
1686091031.639434; 444370; 19
1686091031.689432; 444420; 19
1686091031.739428; 444470; 19
1686091031.789432; 444520; 19
1686091031.839428; 444570; 19
1686091031.889426; 444620; 19
1686091031.939434; 444670; 19
1686091031.989426; 444720; 19
1686091032.039434; 444770; 19
1686091032.089445; 444820; 19
1686091032.139438; 444870; 20
1686091032.189426; 444920; 20
1686091032.239434; 444970; 20
1686091032.289426; 445020; 19
1686091032.339434; 445070; 19
1686091032.389432; 445120; 19
1686091032.439428; 445170; 19
1686091032.489432; 445220; 19
1686091032.539428; 445270; 19
1686091032.589426; 445320; 19
1686091032.639434; 445370; 19
1686091032.689426; 445420; 19
1686091032.739434; 445470; 19
1686091032.789426; 445520; 19
1686091032.839428; 445570; 19
1686091032.889432; 445620; 19
1686091032.939428; 445670; 19
1686091032.989426; 445720; 19
1686091033.039434; 445770; 19
1686091033.089434; 445820; 19
1686091033.139436; 445870; 19
1686091033.189432; 445920; 19
1686091033.239428; 445970; 19
1686091033.289432; 446020; 19
1686091033.339428; 446070; 19
1686091033.389457; 446120; 20
1686091033.439428; 446170; 20
1686091033.489432; 446220; 20
1686091033.539428; 446270; 20
1686091033.589425; 446320; 20
1686091033.639428; 446370; 20
1686091033.689432; 446420; 20
1686091033.739428; 446470; 20
1686091033.789432; 446520; 20
1686091033.839434; 446570; 20
1686091033.889426; 446620; 20
1686091033.939434; 446670; 20
1686091033.989426; 446720; 20
1686091034.039428; 446770; 20
1686091034.089428; 446820; 20
1686091034.139424; 446870; 20
1686091034.189426; 446920; 20
1686091034.239428; 446970; 20
1686091034.289432; 447020; 20
1686091034.339428; 447070; 20
1686091034.389432; 447120; 20
1686091034.439428; 447170; 20
1686091034.489432; 447220; 20
1686091034.539434; 447270; 20
1686091034.589426; 447320; 20
1686091034.639434; 447370; 20
1686091034.689426; 447420; 20
1686091034.739434; 447470; 20
1686091034.789426; 447520; 20
1686091034.839434; 447570; 21
1686091034.889426; 447620; 21
1686091034.939434; 447670; 21
1686091034.989426; 447720; 21
1686091035.039428; 447770; 23
1686091035.089428; 447820; 23
1686091035.139424; 447870; 24
1686091035.189426; 447920; 24
1686091035.239434; 447970; 23
1686091035.289426; 448020; 23
1686091035.339434; 448070; 21
1686091035.389426; 448120; 21
1686091035.439434; 448170; 21
1686091035.489426; 448220; 21
1686091035.539434; 448270; 22
1686091035.589426; 448320; 22
1686091035.639434; 448370; 22
1686091035.689426; 448420; 22
1686091035.739434; 448470; 22
1686091035.789426; 448520; 22
1686091035.839434; 448570; 22
1686091035.889432; 448620; 22
1686091035.939428; 448670; 22
1686091035.989432; 448720; 22
1686091036.039428; 448770; 22
1686091036.089434; 448820; 22
1686091036.139436; 448870; 22
1686091036.189432; 448920; 22
1686091036.239428; 448970; 23
1686091036.289426; 449020; 23
1686091036.339434; 449070; 23
1686091036.389426; 449120; 23
1686091036.439434; 449170; 24
1686091036.489426; 449220; 24
1686091036.539434; 449270; 24
1686091036.589426; 449320; 24
1686091036.639434; 449370; 24
1686091036.689432; 449420; 24
1686091036.739428; 449470; 23
1686091036.789432; 449520; 23
1686091036.839428; 449570; 23
1686091036.889432; 449620; 23
1686091036.939428; 449670; 23
1686091036.989432; 449720; 23
1686091037.039428; 449770; 23
1686091037.089428; 449820; 23
1686091037.139424; 449870; 23
1686091037.189432; 449920; 23
1686091037.239428; 449970; 23
1686091037.289432; 450020; 22
1686091037.339428; 450070; 22
1686091037.389432; 450120; 24
1686091037.439428; 450170; 24
1686091037.489426; 450220; 26
1686091037.539434; 450270; 26
1686091037.589426; 450320; 22
1686091037.639434; 450370; 22
1686091037.689453; 450420; 18
1686091037.739434; 450470; 18
1686091037.789426; 450520; 18
1686091037.839428; 450570; 18
1686091037.889445; 450620; 18
1686091037.939434; 450670; 18
1686091037.989426; 450720; 18
1686091038.039428; 450770; 18
1686091038.089428; 450820; 18
1686091038.139424; 450870; 18
1686091038.189426; 450920; 18
1686091038.239434; 450970; 18
1686091038.289426; 451020; 18
1686091038.339434; 451070; 18
1686091038.389426; 451120; 18
1686091038.439434; 451170; 18
1686091038.489426; 451220; 18
1686091038.539434; 451270; 18
1686091038.589426; 451320; 18
1686091038.639434; 451370; 18
1686091038.689447; 451420; 18
1686091038.739430; 451470; 18
1686091038.789426; 451520; 18
1686091038.839434; 451570; 18
1686091038.889426; 451620; 18
1686091038.939428; 451670; 18
1686091038.989432; 451720; 18
1686091039.039428; 451770; 18
1686091039.089428; 451820; 18
1686091039.139425; 451870; 18
1686091039.189426; 451920; 18
1686091039.239428; 451970; 18
1686091039.289432; 452020; 18
1686091039.339428; 452070; 18
1686091039.389432; 452120; 18
1686091039.439428; 452170; 18
1686091039.489432; 452220; 18
1686091039.539434; 452270; 18
1686091039.589426; 452320; 18
1686091039.639434; 452370; 18
1686091039.689426; 452420; 18
1686091039.739428; 452470; 18
1686091039.789432; 452520; 18
1686091039.839428; 452570; 18
1686091039.889432; 452620; 18
1686091039.939434; 452670; 18
1686091039.989426; 452720; 18
1686091040.039434; 452770; 18
1686091040.089434; 452820; 18
1686091040.139436; 452870; 18
1686091040.189426; 452920; 18
1686091040.239428; 452970; 19
1686091040.289426; 453020; 19
1686091040.339434; 453070; 19
1686091040.389432; 453120; 19
1686091040.439428; 453170; 19
1686091040.489432; 453220; 19
1686091040.539428; 453270; 19
1686091040.589426; 453320; 19
1686091040.639434; 453370; 18
1686091040.689426; 453420; 18
1686091040.739434; 453470; 18
1686091040.789432; 453520; 18
1686091040.839434; 453570; 19
1686091040.889426; 453620; 19
1686091040.939434; 453670; 19
1686091040.989432; 453720; 19
1686091041.039428; 453770; 19
1686091041.089428; 453820; 19
1686091041.139424; 453870; 19
1686091041.189432; 453920; 19
1686091041.239428; 453970; 19
1686091041.289432; 454020; 19
1686091041.339428; 454070; 20
1686091041.389432; 454120; 20
1686091041.439428; 454170; 20
1686091041.489432; 454220; 20
1686091041.539428; 454270; 20
1686091041.589426; 454320; 20
1686091041.639434; 454370; 20
1686091041.689426; 454420; 20
1686091041.739434; 454470; 20
1686091041.789432; 454520; 21
1686091041.839428; 454570; 21
1686091041.889432; 454620; 21
1686091041.939428; 454670; 21
1686091041.989432; 454720; 22
1686091042.039428; 454770; 22
1686091042.089428; 454820; 22
1686091042.139424; 454870; 22
1686091042.189439; 454920; 23
1686091042.239428; 454970; 23
1686091042.289432; 455020; 23
1686091042.339428; 455070; 23
1686091042.389432; 455120; 23
1686091042.439434; 455170; 23
1686091042.489426; 455220; 24
1686091042.539434; 455270; 24
1686091042.589426; 455320; 24
1686091042.639434; 455370; 24
1686091042.689426; 455420; 25
1686091042.739434; 455470; 25
1686091042.789426; 455520; 24
1686091042.839428; 455570; 24
1686091042.889432; 455620; 23
1686091042.939428; 455670; 23
1686091042.989432; 455720; 23
1686091043.039428; 455770; 23
1686091043.089428; 455820; 23
1686091043.139436; 455870; 23
1686091043.189432; 455920; 23
1686091043.239434; 455970; 23
1686091043.289426; 456020; 24
1686091043.339434; 456070; 24
1686091043.389426; 456120; 24
1686091043.439434; 456170; 24
1686091043.489426; 456220; 23
1686091043.539434; 456270; 23
1686091043.589426; 456320; 23
1686091043.639434; 456370; 23
1686091043.689426; 456420; 23
1686091043.739434; 456470; 23
1686091043.789426; 456520; 23
1686091043.839428; 456570; 23
1686091043.889432; 456620; 23
1686091043.939428; 456670; 24
1686091043.989432; 456720; 24
1686091044.039456; 456770; 24
1686091044.089428; 456820; 24
1686091044.139424; 456870; 24
1686091044.189426; 456920; 24
1686091044.239434; 456970; 24
1686091044.289426; 457020; 24
1686091044.339434; 457070; 24
1686091044.389426; 457120; 24
1686091044.439434; 457170; 24
1686091044.489432; 457220; 24
1686091044.539428; 457270; 24
1686091044.589432; 457320; 24
1686091044.639428; 457370; 24
1686091044.689426; 457420; 24
1686091044.739434; 457470; 24
1686091044.789426; 457520; 24
1686091044.839434; 457570; 23
1686091044.889426; 457620; 23
1686091044.939434; 457670; 23
1686091044.989426; 457720; 23
1686091045.039434; 457770; 23
1686091045.089428; 457820; 23
1686091045.139425; 457870; 23
1686091045.189426; 457920; 23
1686091045.239434; 457970; 23
1686091045.289447; 458020; 23
1686091045.339430; 458070; 23
1686091045.389426; 458120; 23
1686091045.439434; 458170; 22
1686091045.489426; 458220; 22
1686091045.539434; 458270; 22
1686091045.589426; 458320; 22
1686091045.639434; 458370; 22
1686091045.689426; 458420; 22
1686091045.739434; 458470; 22
1686091045.789426; 458520; 22
1686091045.839434; 458570; 22
1686091045.889432; 458620; 22
1686091045.939428; 458670; 24
1686091045.989432; 458720; 24
1686091046.039435; 458770; 24
1686091046.089425; 458820; 25
1686091046.139433; 458870; 25
1686091046.189434; 458920; 25
1686091046.239435; 458970; 25
1686091046.289426; 459020; 25
1686091046.339428; 459070; 25
1686091046.389432; 459120; 25
1686091046.439428; 459170; 25
1686091046.489432; 459220; 25
1686091046.539434; 459270; 25
1686091046.589426; 459320; 25
1686091046.639434; 459370; 25
1686091046.689426; 459420; 25
1686091046.739428; 459470; 25
1686091046.789432; 459520; 24
1686091046.839434; 459570; 24
1686091046.889426; 459620; 25
1686091046.939428; 459670; 25
1686091046.989432; 459720; 24
1686091047.039428; 459770; 24
1686091047.089428; 459820; 25
1686091047.139425; 459870; 25
1686091047.189426; 459920; 25
1686091047.239434; 459970; 25
1686091047.289426; 460020; 25
1686091047.339428; 460070; 25
1686091047.389432; 460120; 25
1686091047.439428; 460170; 25
1686091047.489432; 460220; 25
1686091047.539428; 460270; 25
1686091047.589432; 460320; 25
1686091047.639434; 460370; 25
1686091047.689426; 460420; 25
1686091047.739428; 460470; 25
1686091047.789432; 460520; 25
1686091047.839428; 460570; 25
1686091047.889432; 460620; 25
1686091047.939428; 460670; 25
1686091047.989432; 460720; 25
1686091048.039428; 460770; 25
1686091048.089428; 460820; 25
1686091048.139436; 460870; 25
1686091048.189432; 460920; 25
1686091048.239428; 460970; 25
1686091048.289432; 461020; 26
1686091048.339441; 461070; 26
1686091048.389426; 461120; 26
1686091048.439428; 461170; 26
1686091048.489432; 461220; 26
1686091048.539443; 461270; 26
1686091048.589432; 461320; 26
1686091048.639428; 461370; 26
1686091048.689432; 461420; 26
1686091048.739428; 461470; 26
1686091048.789432; 461520; 26
1686091048.839428; 461570; 26
1686091048.889432; 461620; 26
1686091048.939428; 461670; 27
1686091048.989426; 461720; 27
1686091049.039434; 461770; 27
1686091049.089434; 461820; 27
1686091049.139436; 461870; 27
1686091049.189426; 461920; 27
1686091049.239434; 461970; 27
1686091049.289426; 462020; 27
1686091049.339434; 462070; 27
1686091049.389426; 462120; 27
1686091049.439434; 462170; 28
1686091049.489426; 462220; 28
1686091049.539434; 462270; 32
1686091049.589432; 462320; 32
1686091049.639428; 462370; 38
1686091049.689432; 462420; 38
1686091049.739428; 462470; 35
1686091049.789426; 462520; 35
1686091049.839434; 462570; 30
1686091049.889426; 462620; 30
1686091049.939434; 462670; 28
1686091049.989426; 462720; 28
1686091050.039434; 462770; 28
1686091050.089434; 462820; 28
1686091050.139436; 462870; 28
1686091050.189432; 462920; 28
1686091050.239428; 462970; 28
1686091050.289432; 463020; 28
1686091050.339428; 463070; 28
1686091050.389432; 463120; 28
1686091050.439428; 463170; 27
1686091050.489450; 463220; 27
1686091050.539428; 463270; 28
1686091050.589432; 463320; 28
1686091050.639428; 463370; 28
1686091050.689433; 463420; 28
1686091050.739434; 463470; 28
1686091050.789426; 463520; 28
1686091050.839434; 463570; 28
1686091050.889426; 463620; 28
1686091050.939428; 463670; 28
1686091050.989432; 463720; 28
1686091051.039428; 463770; 28
1686091051.089434; 463820; 29
1686091051.139436; 463870; 29
1686091051.189432; 463920; 29
1686091051.239428; 463970; 29
1686091051.289432; 464020; 29
1686091051.339428; 464070; 29
1686091051.389432; 464120; 28
1686091051.439428; 464170; 28
1686091051.489432; 464220; 28
1686091051.539428; 464270; 28
1686091051.589432; 464320; 29
1686091051.639434; 464370; 29
1686091051.689426; 464420; 29
1686091051.739428; 464470; 29
1686091051.789432; 464520; 30
1686091051.839434; 464570; 30
1686091051.889447; 464620; 30
1686091051.939430; 464670; 30
1686091051.989426; 464720; 29
1686091052.039434; 464770; 29
1686091052.089434; 464820; 30
1686091052.139436; 464870; 30
1686091052.189432; 464920; 30
1686091052.239428; 464970; 30
1686091052.289432; 465020; 30
1686091052.339434; 465070; 30
1686091052.389426; 465120; 30
1686091052.439434; 465170; 30
1686091052.489426; 465220; 29
1686091052.539434; 465270; 29
1686091052.589432; 465320; 29
1686091052.639428; 465370; 29
1686091052.689432; 465420; 29
1686091052.739434; 465470; 29
1686091052.789426; 465520; 29
1686091052.839428; 465570; 29
1686091052.889432; 465620; 29
1686091052.939428; 465670; 29
1686091052.989432; 465720; 29
1686091053.039428; 465770; 30
1686091053.089434; 465820; 30
1686091053.139436; 465870; 30
1686091053.189432; 465920; 30
1686091053.239428; 465970; 30
1686091053.289432; 466020; 30
1686091053.339428; 466070; 30
1686091053.389432; 466120; 30
1686091053.439428; 466170; 30
1686091053.489432; 466220; 30
1686091053.539428; 466270; 30
1686091053.589432; 466320; 30
1686091053.639428; 466370; 29
1686091053.689432; 466420; 29
1686091053.739428; 466470; 29
1686091053.789426; 466520; 29
1686091053.839434; 466570; 28
1686091053.889426; 466620; 28
1686091053.939434; 466670; 27
1686091053.989432; 466720; 27
1686091054.039428; 466770; 27
1686091054.089428; 466820; 27
1686091054.139424; 466870; 27
1686091054.189426; 466920; 27
1686091054.239434; 466970; 27
1686091054.289426; 467020; 27
1686091054.339434; 467070; 27
1686091054.389432; 467120; 27
1686091054.439428; 467170; 26
1686091054.489432; 467220; 26
1686091054.539428; 467270; 27
1686091054.589432; 467320; 27
1686091054.639428; 467370; 26
1686091054.689433; 467420; 26
1686091054.739428; 467470; 26
1686091054.789433; 467520; 26
1686091054.839434; 467570; 26
1686091054.889427; 467620; 26
1686091054.939428; 467670; 26
1686091054.989432; 467720; 26
1686091055.039434; 467770; 26
1686091055.089434; 467820; 26
1686091055.139436; 467870; 26
1686091055.189432; 467920; 26
1686091055.239434; 467970; 26
1686091055.289426; 468020; 26
1686091055.339434; 468070; 26
1686091055.389426; 468120; 26
1686091055.439434; 468170; 26
1686091055.489426; 468220; 26
1686091055.539428; 468270; 26
1686091055.589432; 468320; 26
1686091055.639428; 468370; 26
1686091055.689432; 468420; 26
1686091055.739428; 468470; 26
1686091055.789432; 468520; 26
1686091055.839428; 468570; 26
1686091055.889432; 468620; 26
1686091055.939428; 468670; 26
1686091055.989432; 468720; 26
1686091056.039428; 468770; 26
1686091056.089428; 468820; 26
1686091056.139424; 468870; 26
1686091056.189426; 468920; 26
1686091056.239434; 468970; 26
1686091056.289426; 469020; 26
1686091056.339434; 469070; 26
1686091056.389426; 469120; 26
1686091056.439428; 469170; 26
1686091056.489432; 469220; 26
1686091056.539434; 469270; 26
1686091056.589426; 469320; 26
1686091056.639428; 469370; 26
1686091056.689432; 469420; 26
1686091056.739428; 469470; 26
1686091056.789432; 469520; 26
1686091056.839427; 469570; 26
1686091056.889432; 469620; 26
1686091056.939434; 469670; 26
1686091056.989426; 469720; 26
1686091057.039427; 469770; 26
1686091057.089428; 469820; 26
1686091057.139424; 469870; 26
1686091057.189426; 469920; 26
1686091057.239434; 469970; 26
1686091057.289426; 470020; 26
1686091057.339434; 470070; 26
1686091057.389426; 470120; 26
1686091057.439434; 470170; 26
1686091057.489426; 470220; 26
1686091057.539434; 470270; 26
1686091057.589426; 470320; 26
1686091057.639434; 470370; 26
1686091057.689426; 470420; 26
1686091057.739434; 470470; 26
1686091057.789432; 470520; 26
1686091057.839428; 470570; 26
1686091057.889432; 470620; 26
1686091057.939428; 470670; 26
1686091057.989432; 470720; 26
1686091058.039428; 470770; 26
1686091058.089434; 470820; 26
1686091058.139436; 470870; 26
1686091058.189426; 470920; 26
1686091058.239434; 470970; 26
1686091058.289426; 471020; 26
1686091058.339434; 471070; 26
1686091058.389426; 471120; 26
1686091058.439434; 471170; 26
1686091058.489447; 471220; 26
1686091058.539430; 471270; 26
1686091058.589426; 471320; 26
1686091058.639434; 471370; 26
1686091058.689432; 471420; 26
1686091058.739428; 471470; 26
1686091058.789426; 471520; 26
1686091058.839434; 471570; 26
1686091058.889432; 471620; 26
1686091058.939428; 471670; 26
1686091058.989432; 471720; 26
1686091059.039428; 471770; 26
1686091059.089428; 471820; 26
1686091059.139436; 471870; 26
1686091059.189432; 471920; 26
1686091059.239428; 471970; 26
1686091059.289432; 472020; 26
1686091059.339434; 472070; 26
1686091059.389426; 472120; 26
1686091059.439434; 472170; 26
1686091059.489426; 472220; 26
1686091059.539434; 472270; 26
1686091059.589426; 472320; 26
1686091059.639434; 472370; 26
1686091059.689426; 472420; 26
1686091059.739434; 472470; 26
1686091059.789426; 472520; 26
1686091059.839434; 472570; 26
1686091059.889426; 472620; 26
1686091059.939434; 472670; 26
1686091059.989426; 472720; 26
1686091060.039434; 472770; 26
1686091060.089434; 472820; 26
1686091060.139436; 472870; 26
1686091060.189432; 472920; 26
1686091060.239434; 472970; 26
1686091060.289426; 473020; 26
1686091060.339434; 473070; 26
1686091060.389426; 473120; 26
1686091060.439434; 473170; 26
1686091060.489426; 473220; 26
1686091060.539428; 473270; 26
1686091060.589432; 473320; 26
1686091060.639428; 473370; 26
1686091060.689432; 473420; 26
1686091060.739434; 473470; 26
1686091060.789426; 473520; 26
1686091060.839434; 473570; 26
1686091060.889426; 473620; 26
1686091060.939434; 473670; 26
1686091060.989426; 473720; 26
1686091061.039434; 473770; 26
1686091061.089434; 473820; 26
1686091061.139454; 473870; 26
1686091061.189432; 473920; 26
1686091061.239434; 473970; 26
1686091061.289432; 474020; 26
1686091061.339445; 474070; 26
1686091061.389432; 474120; 26
1686091061.439428; 474170; 26
1686091061.489432; 474220; 27
1686091061.539428; 474270; 27
1686091061.589432; 474320; 26
1686091061.639428; 474370; 26
1686091061.689432; 474420; 26
1686091061.739428; 474470; 26
1686091061.789432; 474520; 26
1686091061.839428; 474570; 26
1686091061.889432; 474620; 26
1686091061.939428; 474670; 26
1686091061.989426; 474720; 26
1686091062.039434; 474770; 26
1686091062.089428; 474820; 26
1686091062.139436; 474870; 26
1686091062.189432; 474920; 27
1686091062.239428; 474970; 27
1686091062.289432; 475020; 27
1686091062.339428; 475070; 27
1686091062.389426; 475120; 27
1686091062.439434; 475170; 26
1686091062.489426; 475220; 26
1686091062.539434; 475270; 26
1686091062.589432; 475320; 26
1686091062.639428; 475370; 26
1686091062.689432; 475420; 26
1686091062.739428; 475470; 27
1686091062.789432; 475520; 27
1686091062.839434; 475570; 27
1686091062.889426; 475620; 27
1686091062.939434; 475670; 27
1686091062.989426; 475720; 27
1686091063.039434; 475770; 27
1686091063.089434; 475820; 27
1686091063.139436; 475870; 27
1686091063.189432; 475920; 27
1686091063.239428; 475970; 27
1686091063.289432; 476020; 27
1686091063.339428; 476070; 27
1686091063.389433; 476120; 27
1686091063.439434; 476170; 27
1686091063.489426; 476220; 27
1686091063.539434; 476270; 26
1686091063.589426; 476320; 26
1686091063.639428; 476370; 26
1686091063.689432; 476420; 26
1686091063.739428; 476470; 26
1686091063.789432; 476520; 26
1686091063.839428; 476570; 26
1686091063.889432; 476620; 26
1686091063.939428; 476670; 26
1686091063.989432; 476720; 26
1686091064.039428; 476770; 26
1686091064.089428; 476820; 26
1686091064.139424; 476870; 26
1686091064.189426; 476920; 26
1686091064.239434; 476970; 26
1686091064.289426; 477020; 26
1686091064.339434; 477070; 26
1686091064.389426; 477120; 26
1686091064.439434; 477170; 26
1686091064.489426; 477220; 26
1686091064.539434; 477270; 26
1686091064.589426; 477320; 26
1686091064.639428; 477370; 26
1686091064.689432; 477420; 26
1686091064.739428; 477470; 26
1686091064.789432; 477520; 26
1686091064.839434; 477570; 26
1686091064.889426; 477620; 26
1686091064.939434; 477670; 26
1686091064.989426; 477720; 26
1686091065.039434; 477770; 26
1686091065.089445; 477820; 26
1686091065.139426; 477870; 26
1686091065.189432; 477920; 26
1686091065.239437; 477970; 26
1686091065.289432; 478020; 26
1686091065.339428; 478070; 26
1686091065.389432; 478120; 26
1686091065.439434; 478170; 26
1686091065.489432; 478220; 26
1686091065.539428; 478270; 26
1686091065.589432; 478320; 26
1686091065.639442; 478370; 26
1686091065.689426; 478420; 26
1686091065.739434; 478470; 26
1686091065.789426; 478520; 26
1686091065.839434; 478570; 26
1686091065.889432; 478620; 26
1686091065.939428; 478670; 26
1686091065.989432; 478720; 26
1686091066.039428; 478770; 26
1686091066.089428; 478820; 26
1686091066.139424; 478870; 26
1686091066.189426; 478920; 26
1686091066.239434; 478970; 26
1686091066.289426; 479020; 26
1686091066.339434; 479070; 26
1686091066.389433; 479120; 26
1686091066.439428; 479170; 26
1686091066.489426; 479220; 26
1686091066.539434; 479270; 26
1686091066.589426; 479320; 26
1686091066.639434; 479370; 26
1686091066.689432; 479420; 25
1686091066.739428; 479470; 25
1686091066.789432; 479520; 22
1686091066.839428; 479570; 22
1686091066.889432; 479620; 22
1686091066.939428; 479670; 22
1686091066.989432; 479720; 22
1686091067.039428; 479770; 25
1686091067.089428; 479820; 25
1686091067.139424; 479870; 25
1686091067.189426; 479920; 25
1686091067.239434; 479970; 24
1686091067.289426; 480020; 24
1686091067.339434; 480070; 24
1686091067.389426; 480120; 24
1686091067.439434; 480170; 23
1686091067.489443; 480220; 23
1686091067.539428; 480270; 23
1686091067.589432; 480320; 23
1686091067.639428; 480370; 21
1686091067.689424; 480420; 21
1686091067.739428; 480470; 22
1686091067.789432; 480520; 22
1686091067.839434; 480570; 23
1686091067.889432; 480620; 23
1686091067.939434; 480670; 26
1686091067.989426; 480720; 26
1686091068.039434; 480770; 26
1686091068.089434; 480820; 26
1686091068.139424; 480870; 26
1686091068.189426; 480920; 26
1686091068.239434; 480970; 26
1686091068.289426; 481020; 26
1686091068.339434; 481070; 26
1686091068.389426; 481120; 26
1686091068.439434; 481170; 26
1686091068.489426; 481220; 26
1686091068.539434; 481270; 26
1686091068.589426; 481320; 26
1686091068.639428; 481370; 26
1686091068.689432; 481420; 26
1686091068.739434; 481470; 26
1686091068.789426; 481520; 26
1686091068.839428; 481570; 26
1686091068.889432; 481620; 26
1686091068.939428; 481670; 26
1686091068.989432; 481720; 26
1686091069.039428; 481770; 26
1686091069.089428; 481820; 26
1686091069.139424; 481870; 26
1686091069.189426; 481920; 26
1686091069.239434; 481970; 26
1686091069.289426; 482020; 26
1686091069.339434; 482070; 26
1686091069.389426; 482120; 26
1686091069.439434; 482170; 26
1686091069.489426; 482220; 26
1686091069.539428; 482270; 26
1686091069.589432; 482320; 26
1686091069.639434; 482370; 26
1686091069.689432; 482420; 26
1686091069.739434; 482470; 26
1686091069.789432; 482520; 27
1686091069.839434; 482570; 27
1686091069.889426; 482620; 27
1686091069.939434; 482670; 27
1686091069.989432; 482720; 26
1686091070.039428; 482770; 26
1686091070.089428; 482820; 26
1686091070.139424; 482870; 26
1686091070.189426; 482920; 26
1686091070.239434; 482970; 26
1686091070.289426; 483020; 26
1686091070.339434; 483070; 26
1686091070.389426; 483120; 26
1686091070.439434; 483170; 26
1686091070.489426; 483220; 26
1686091070.539434; 483270; 26
1686091070.589432; 483320; 26
1686091070.639428; 483370; 26
1686091070.689432; 483420; 26
1686091070.739428; 483470; 26
1686091070.789432; 483520; 26
1686091070.839428; 483570; 26
1686091070.889432; 483620; 26
1686091070.939428; 483670; 26
1686091070.989432; 483720; 26
1686091071.039428; 483770; 26
1686091071.089428; 483820; 26
1686091071.139425; 483870; 26
1686091071.189426; 483920; 26
1686091071.239434; 483970; 26
1686091071.289426; 484020; 26
1686091071.339434; 484070; 26
1686091071.389426; 484120; 26
1686091071.439434; 484170; 26
1686091071.489432; 484220; 26
1686091071.539428; 484270; 26
1686091071.589432; 484320; 26
1686091071.639428; 484370; 26
1686091071.689432; 484420; 26
1686091071.739448; 484470; 26
1686091071.789434; 484520; 26
1686091071.839428; 484570; 26
1686091071.889426; 484620; 26
1686091071.939434; 484670; 26
1686091071.989435; 484720; 26
1686091072.039434; 484770; 26
1686091072.089434; 484820; 26
1686091072.139436; 484870; 26
1686091072.189432; 484920; 26
1686091072.239428; 484970; 26
1686091072.289432; 485020; 26
1686091072.339428; 485070; 26
1686091072.389432; 485120; 26
1686091072.439434; 485170; 26
1686091072.489426; 485220; 26
1686091072.539434; 485270; 27
1686091072.589426; 485320; 27
1686091072.639434; 485370; 27
1686091072.689426; 485420; 27
1686091072.739434; 485470; 27
1686091072.789426; 485520; 27
1686091072.839434; 485570; 27
1686091072.889426; 485620; 27
1686091072.939434; 485670; 27
1686091072.989426; 485720; 27
1686091073.039434; 485770; 26
1686091073.089434; 485820; 26
1686091073.139436; 485870; 26
1686091073.189432; 485920; 26
1686091073.239434; 485970; 26
1686091073.289426; 486020; 26
1686091073.339428; 486070; 27
1686091073.389432; 486120; 27
1686091073.439428; 486170; 27
1686091073.489432; 486220; 27
1686091073.539428; 486270; 27
1686091073.589432; 486320; 27
1686091073.639434; 486370; 27
1686091073.689426; 486420; 27
1686091073.739428; 486470; 27
1686091073.789432; 486520; 27
1686091073.839434; 486570; 27
1686091073.889426; 486620; 27
1686091073.939434; 486670; 27
1686091073.989426; 486720; 27
1686091074.039428; 486770; 27
1686091074.089428; 486820; 28
1686091074.139424; 486870; 28
1686091074.189426; 486920; 28
1686091074.239434; 486970; 28
1686091074.289426; 487020; 28
1686091074.339434; 487070; 28
1686091074.389426; 487120; 28
1686091074.439434; 487170; 28
1686091074.489432; 487220; 29
1686091074.539428; 487270; 29
1686091074.589432; 487320; 29
1686091074.639428; 487370; 29
1686091074.689432; 487420; 29
1686091074.739428; 487470; 29
1686091074.789432; 487520; 29
1686091074.839428; 487570; 29
1686091074.889432; 487620; 29
1686091074.939428; 487670; 29
1686091074.989432; 487720; 29
1686091075.039428; 487770; 29
1686091075.089434; 487820; 30
1686091075.139436; 487870; 30
1686091075.189426; 487920; 30
1686091075.239434; 487970; 30
1686091075.289432; 488020; 29
1686091075.339428; 488070; 29
1686091075.389432; 488120; 29
1686091075.439428; 488170; 29
1686091075.489426; 488220; 29
1686091075.539434; 488270; 29
1686091075.589432; 488320; 30
1686091075.639428; 488370; 30
1686091075.689432; 488420; 30
1686091075.739428; 488470; 30
1686091075.789432; 488520; 30
1686091075.839428; 488570; 30
1686091075.889432; 488620; 30
1686091075.939428; 488670; 30
1686091075.989432; 488720; 30
1686091076.039428; 488770; 30
1686091076.089428; 488820; 30
1686091076.139436; 488870; 30
1686091076.189432; 488920; 30
1686091076.239428; 488970; 31
1686091076.289444; 489020; 31
1686091076.339434; 489070; 31
1686091076.389426; 489120; 31
1686091076.439428; 489170; 31
1686091076.489432; 489220; 31
1686091076.539434; 489270; 31
1686091076.589426; 489320; 31
1686091076.639434; 489370; 30
1686091076.689426; 489420; 30
1686091076.739428; 489470; 30
1686091076.789432; 489520; 30
1686091076.839428; 489570; 31
1686091076.889432; 489620; 31
1686091076.939434; 489670; 31
1686091076.989426; 489720; 31
1686091077.039434; 489770; 30
1686091077.089434; 489820; 30
1686091077.139436; 489870; 30
1686091077.189432; 489920; 30
1686091077.239428; 489970; 30
1686091077.289432; 490020; 30
1686091077.339434; 490070; 30
1686091077.389426; 490120; 30
1686091077.439434; 490170; 30
1686091077.489426; 490220; 30
1686091077.539434; 490270; 30
1686091077.589426; 490320; 30
1686091077.639434; 490370; 30
1686091077.689426; 490420; 30
1686091077.739434; 490470; 30
1686091077.789426; 490520; 30
1686091077.839434; 490570; 30
1686091077.889426; 490620; 30
1686091077.939434; 490670; 30
1686091077.989426; 490720; 30
1686091078.039434; 490770; 30
1686091078.089434; 490820; 30
1686091078.139440; 490870; 30
1686091078.189433; 490920; 30
1686091078.239428; 490970; 30
1686091078.289432; 491020; 30
1686091078.339449; 491070; 30
1686091078.389438; 491120; 30
1686091078.439434; 491170; 30
1686091078.489426; 491220; 30
1686091078.539434; 491270; 30
1686091078.589426; 491320; 31
1686091078.639434; 491370; 31
1686091078.689426; 491420; 31
1686091078.739434; 491470; 31
1686091078.789432; 491520; 31
1686091078.839428; 491570; 31
