1686086312.709450; 797880; 4
1686086312.758901; 797930; 4
1686086312.808872; 797980; 4
1686086312.858871; 798030; 4
1686086312.908876; 798080; 4
1686086312.958874; 798130; 4
1686086313.008876; 798180; 4
1686086313.058872; 798230; 4
1686086313.108874; 798280; 4
1686086313.158871; 798330; 4
1686086313.208872; 798380; 4
1686086313.258871; 798430; 4
1686086313.308872; 798480; 4
1686086313.358870; 798530; 4
1686086313.408872; 798580; 4
1686086313.458871; 798630; 4
1686086313.508876; 798680; 4
1686086313.558870; 798730; 4
1686086313.608876; 798780; 4
1686086313.658874; 798830; 4
1686086313.708876; 798880; 4
1686086313.758874; 798930; 4
1686086313.808872; 798980; 4
1686086313.858871; 799030; 4
1686086313.908876; 799080; 4
1686086313.958870; 799130; 4
1686086314.008872; 799180; 4
1686086314.058872; 799230; 4
1686086314.108874; 799280; 4
1686086314.158871; 799330; 4
1686086314.208876; 799380; 4
1686086314.258874; 799430; 4
1686086314.308876; 799480; 4
1686086314.358874; 799530; 4
1686086314.408876; 799580; 4
1686086314.458874; 799630; 4
1686086314.508872; 799680; 4
1686086314.558871; 799730; 4
1686086314.608871; 799780; 4
1686086314.658874; 799830; 4
1686086314.708876; 799880; 4
1686086314.758874; 799930; 4
1686086314.808872; 799980; 4
1686086314.858874; 800030; 4
1686086314.908885; 800080; 4
1686086314.958870; 800130; 4
1686086315.008872; 800180; 4
1686086315.058876; 800230; 4
1686086315.108872; 800280; 4
1686086315.158874; 800330; 4
1686086315.208872; 800380; 4
1686086315.258874; 800430; 4
1686086315.308872; 800480; 4
1686086315.358870; 800530; 4
1686086315.408872; 800580; 4
1686086315.458874; 800630; 4
1686086315.508872; 800680; 4
1686086315.558870; 800730; 4
1686086315.608872; 800780; 4
1686086315.658870; 800830; 4
1686086315.708876; 800880; 4
1686086315.758871; 800930; 4
1686086315.808876; 800980; 4
1686086315.858871; 801030; 4
1686086315.908876; 801080; 4
1686086315.958871; 801130; 4
1686086316.008876; 801180; 4
1686086316.058876; 801230; 4
1686086316.108872; 801280; 4
1686086316.158870; 801330; 4
1686086316.208872; 801380; 4
1686086316.258871; 801430; 4
1686086316.308876; 801480; 4
1686086316.358874; 801530; 4
1686086316.408876; 801580; 4
1686086316.458871; 801630; 4
1686086316.508876; 801680; 4
1686086316.558874; 801730; 4
1686086316.608872; 801780; 4
1686086316.658870; 801830; 4
1686086316.708872; 801880; 4
1686086316.758870; 801930; 4
1686086316.808876; 801980; 4
1686086316.858874; 802030; 4
1686086316.908876; 802080; 4
1686086316.958874; 802130; 4
1686086317.008872; 802180; 4
1686086317.058872; 802230; 4
1686086317.108874; 802280; 4
1686086317.158870; 802330; 4
1686086317.208876; 802380; 4
1686086317.258874; 802430; 4
1686086317.308872; 802480; 4
1686086317.358871; 802530; 4
1686086317.408872; 802580; 4
1686086317.458871; 802630; 4
1686086317.508872; 802680; 4
1686086317.558871; 802730; 4
1686086317.608876; 802780; 4
1686086317.658874; 802830; 4
1686086317.708876; 802880; 4
1686086317.758874; 802930; 4
1686086317.808876; 802980; 4
1686086317.858874; 803030; 4
1686086317.908872; 803080; 4
1686086317.958871; 803130; 4
1686086318.008872; 803180; 4
1686086318.058872; 803230; 4
1686086318.108872; 803280; 4
1686086318.158871; 803330; 4
1686086318.208876; 803380; 4
1686086318.258874; 803430; 4
1686086318.308876; 803480; 4
1686086318.358874; 803530; 4
1686086318.408876; 803580; 4
1686086318.458871; 803630; 4
1686086318.508876; 803680; 4
1686086318.558874; 803730; 4
1686086318.608872; 803780; 4
1686086318.658870; 803830; 4
1686086318.708872; 803880; 4
1686086318.758870; 803930; 4
1686086318.808872; 803980; 4
1686086318.858870; 804030; 4
1686086318.908884; 804080; 4
1686086318.958871; 804130; 4
1686086319.008876; 804180; 4
1686086319.058876; 804230; 4
1686086319.108880; 804280; 4
1686086319.158874; 804330; 4
1686086319.208872; 804380; 4
1686086319.258874; 804430; 4
1686086319.308872; 804480; 4
1686086319.358870; 804530; 4
1686086319.408872; 804580; 4
1686086319.458874; 804630; 4
1686086319.508872; 804680; 4
1686086319.558891; 804730; 4
1686086319.608883; 804780; 4
1686086319.658870; 804830; 4
1686086319.708876; 804880; 4
1686086319.758871; 804930; 4
1686086319.808876; 804980; 4
1686086319.858870; 805030; 4
1686086319.908876; 805080; 4
1686086319.958874; 805130; 4
1686086320.008872; 805180; 4
1686086320.058872; 805230; 4
1686086320.108874; 805280; 4
1686086320.158874; 805330; 4
1686086320.208872; 805380; 4
1686086320.258870; 805430; 4
1686086320.308876; 805480; 4
1686086320.358870; 805530; 4
1686086320.408872; 805580; 4
1686086320.458874; 805630; 4
1686086320.508872; 805680; 4
1686086320.558870; 805730; 4
1686086320.608872; 805780; 4
1686086320.658871; 805830; 4
1686086320.708876; 805880; 4
1686086320.758874; 805930; 4
1686086320.808872; 805980; 4
1686086320.858874; 806030; 4
1686086320.908872; 806080; 4
1686086320.958870; 806130; 4
1686086321.008872; 806180; 4
1686086321.058890; 806230; 4
1686086321.108874; 806280; 4
1686086321.158871; 806330; 4
1686086321.208876; 806380; 4
1686086321.258884; 806430; 4
1686086321.308872; 806480; 4
1686086321.358871; 806530; 4
1686086321.408872; 806580; 4
1686086321.458871; 806630; 4
1686086321.508876; 806680; 4
1686086321.558874; 806730; 4
1686086321.608872; 806780; 4
1686086321.658871; 806830; 4
1686086321.708876; 806880; 4
1686086321.758874; 806930; 4
1686086321.808872; 806980; 4
1686086321.858871; 807030; 4
1686086321.908872; 807080; 4
1686086321.958871; 807130; 4
1686086322.008872; 807180; 4
1686086322.058872; 807230; 4
1686086322.108874; 807280; 4
1686086322.158871; 807330; 4
1686086322.208872; 807380; 4
1686086322.258871; 807430; 4
1686086322.308876; 807480; 4
1686086322.358874; 807530; 4
1686086322.408872; 807580; 4
1686086322.458871; 807630; 4
1686086322.508876; 807680; 4
1686086322.558871; 807730; 4
1686086322.608876; 807780; 4
1686086322.658871; 807830; 4
1686086322.708872; 807880; 4
1686086322.758871; 807930; 4
1686086322.808876; 807980; 4
1686086322.858874; 808030; 4
1686086322.908872; 808080; 4
1686086322.958871; 808130; 4
1686086323.008872; 808180; 4
1686086323.058872; 808230; 4
1686086323.108874; 808280; 4
1686086323.158870; 808330; 4
1686086323.208896; 808380; 4
1686086323.258874; 808430; 4
1686086323.308872; 808480; 4
1686086323.358870; 808530; 4
1686086323.408889; 808580; 4
1686086323.458874; 808630; 4
1686086323.508872; 808680; 4
1686086323.558871; 808730; 4
1686086323.608876; 808780; 4
1686086323.658874; 808830; 4
1686086323.708872; 808880; 4
1686086323.758871; 808930; 4
1686086323.808876; 808980; 4
1686086323.858870; 809030; 4
1686086323.908872; 809080; 4
1686086323.958871; 809130; 4
1686086324.008876; 809180; 4
1686086324.058876; 809230; 4
1686086324.108872; 809280; 4
1686086324.158870; 809330; 4
1686086324.208872; 809380; 4
1686086324.258874; 809430; 4
1686086324.308872; 809480; 4
1686086324.358874; 809530; 4
1686086324.408876; 809580; 4
1686086324.458870; 809630; 4
1686086324.508872; 809680; 4
1686086324.558874; 809730; 4
1686086324.608872; 809780; 4
1686086324.658874; 809830; 4
1686086324.708872; 809880; 4
1686086324.758871; 809930; 4
1686086324.808876; 809980; 4
1686086324.858870; 810030; 4
1686086324.908872; 810080; 4
1686086324.958870; 810130; 4
1686086325.008876; 810180; 4
1686086325.058872; 810230; 4
1686086325.108872; 810280; 4
1686086325.158874; 810330; 4
1686086325.208872; 810380; 4
1686086325.258870; 810430; 4
1686086325.308876; 810480; 4
1686086325.358885; 810530; 4
1686086325.408872; 810580; 4
1686086325.458871; 810630; 4
1686086325.508872; 810680; 4
1686086325.558887; 810730; 4
1686086325.608876; 810780; 4
1686086325.658874; 810830; 4
1686086325.708876; 810880; 4
1686086325.758874; 810930; 4
1686086325.808876; 810980; 4
1686086325.858874; 811030; 4
1686086325.908872; 811080; 4
1686086325.958871; 811130; 4
1686086326.008872; 811180; 4
1686086326.058872; 811230; 4
1686086326.108874; 811280; 4
1686086326.158871; 811330; 4
1686086326.208876; 811380; 4
1686086326.258874; 811430; 4
1686086326.308876; 811480; 4
1686086326.358870; 811530; 4
1686086326.408895; 811580; 4
1686086326.458872; 811630; 4
1686086326.508872; 811680; 4
1686086326.558870; 811730; 4
1686086326.608872; 811780; 4
1686086326.658871; 811830; 4
1686086326.708872; 811880; 4
1686086326.758871; 811930; 4
1686086326.808872; 811980; 4
1686086326.858871; 812030; 4
1686086326.908876; 812080; 4
1686086326.958874; 812130; 4
1686086327.008872; 812180; 4
1686086327.058872; 812230; 4
1686086327.108874; 812280; 4
1686086327.158871; 812330; 4
1686086327.208872; 812380; 4
1686086327.258871; 812430; 4
1686086327.308872; 812480; 4
1686086327.358870; 812530; 4
1686086327.408875; 812580; 4
1686086327.458871; 812630; 4
1686086327.508876; 812680; 4
1686086327.558874; 812730; 4
1686086327.608876; 812780; 4
1686086327.658870; 812830; 4
1686086327.708876; 812880; 4
1686086327.758874; 812930; 4
1686086327.808872; 812980; 4
1686086327.858870; 813030; 4
1686086327.908872; 813080; 4
1686086327.958870; 813130; 4
1686086328.008872; 813180; 4
1686086328.058872; 813230; 4
1686086328.108874; 813280; 4
1686086328.158870; 813330; 4
1686086328.208876; 813380; 4
1686086328.258874; 813430; 4
1686086328.308876; 813480; 4
1686086328.358870; 813530; 4
1686086328.408872; 813580; 4
1686086328.458874; 813630; 4
1686086328.508872; 813680; 4
1686086328.558874; 813730; 4
1686086328.608872; 813780; 4
1686086328.658874; 813830; 4
1686086328.708872; 813880; 4
1686086328.758870; 813930; 4
1686086328.808876; 813980; 4
1686086328.858874; 814030; 4
1686086328.908872; 814080; 4
1686086328.958874; 814130; 4
1686086329.008872; 814180; 4
1686086329.058872; 814230; 4
1686086329.108872; 814280; 4
1686086329.158870; 814330; 4
1686086329.208876; 814380; 4
1686086329.258871; 814430; 4
1686086329.308876; 814480; 4
1686086329.358871; 814530; 4
1686086329.408872; 814580; 4
1686086329.458874; 814630; 4
1686086329.508872; 814680; 4
1686086329.558873; 814730; 4
1686086329.608872; 814780; 4
1686086329.658874; 814830; 4
1686086329.708876; 814880; 4
1686086329.758871; 814930; 4
1686086329.808876; 814980; 4
1686086329.858874; 815030; 4
1686086329.908872; 815080; 4
1686086329.958870; 815130; 4
1686086330.008876; 815180; 4
1686086330.058872; 815230; 4
1686086330.108872; 815280; 4
1686086330.158870; 815330; 4
1686086330.208876; 815380; 4
1686086330.258874; 815430; 4
1686086330.308876; 815480; 4
1686086330.358874; 815530; 4
1686086330.408872; 815580; 4
1686086330.458871; 815630; 4
1686086330.508876; 815680; 4
1686086330.558874; 815730; 4
1686086330.608872; 815780; 4
1686086330.658871; 815830; 4
1686086330.708872; 815880; 4
1686086330.758871; 815930; 4
1686086330.808872; 815980; 4
1686086330.858870; 816030; 4
1686086330.908872; 816080; 4
1686086330.958871; 816130; 4
1686086331.008872; 816180; 4
1686086331.058872; 816230; 4
1686086331.108872; 816280; 4
1686086331.158871; 816330; 4
1686086331.208872; 816380; 4
1686086331.258870; 816430; 4
1686086331.308876; 816480; 4
1686086331.358874; 816530; 4
1686086331.408872; 816580; 4
1686086331.458871; 816630; 4
1686086331.508872; 816680; 4
1686086331.558870; 816730; 4
1686086331.608872; 816780; 4
1686086331.658871; 816830; 4
1686086331.708887; 816880; 4
1686086331.758874; 816930; 4
1686086331.808876; 816980; 4
1686086331.858874; 817030; 4
1686086331.908880; 817080; 4
1686086331.958874; 817130; 4
1686086332.008872; 817180; 4
1686086332.058872; 817230; 4
1686086332.108872; 817280; 4
1686086332.158870; 817330; 4
1686086332.208876; 817380; 4
1686086332.258874; 817430; 4
1686086332.308872; 817480; 4
1686086332.358874; 817530; 4
1686086332.408876; 817580; 4
1686086332.458870; 817630; 4
1686086332.508876; 817680; 4
1686086332.558874; 817730; 4
1686086332.608872; 817780; 4
1686086332.658874; 817830; 4
1686086332.708872; 817880; 4
1686086332.758870; 817930; 4
1686086332.808872; 817980; 4
1686086332.858874; 818030; 4
1686086332.908872; 818080; 4
1686086332.958874; 818130; 4
1686086333.008872; 818180; 4
1686086333.058872; 818230; 4
1686086333.108872; 818280; 4
1686086333.158871; 818330; 4
1686086333.208896; 818380; 4
1686086333.258876; 818430; 4
1686086333.308872; 818480; 4
1686086333.358870; 818530; 4
1686086333.408872; 818580; 4
1686086333.458874; 818630; 4
1686086333.508872; 818680; 4
1686086333.558870; 818730; 4
1686086333.608872; 818780; 4
1686086333.658874; 818830; 4
1686086333.708872; 818880; 4
1686086333.758871; 818930; 4
1686086333.808876; 818980; 4
1686086333.858901; 819030; 4
1686086333.908876; 819080; 4
1686086333.958874; 819130; 4
1686086334.008876; 819180; 4
1686086334.058879; 819230; 4
1686086334.108874; 819280; 4
1686086334.158870; 819330; 4
1686086334.208872; 819380; 4
1686086334.258871; 819430; 4
1686086334.308876; 819480; 4
1686086334.358874; 819530; 4
1686086334.408872; 819580; 4
1686086334.458870; 819630; 4
1686086334.508876; 819680; 4
1686086334.558874; 819730; 4
1686086334.608872; 819780; 4
1686086334.658870; 819830; 4
1686086334.708872; 819880; 4
1686086334.758870; 819930; 4
1686086334.808872; 819980; 4
1686086334.858870; 820030; 4
1686086334.908876; 820080; 4
1686086334.958874; 820130; 4
1686086335.008876; 820180; 4
1686086335.058872; 820230; 4
1686086335.108874; 820280; 4
1686086335.158871; 820330; 4
1686086335.208876; 820380; 4
1686086335.258874; 820430; 4
1686086335.308872; 820480; 4
1686086335.358870; 820530; 4
1686086335.408872; 820580; 4
1686086335.458870; 820630; 4
1686086335.508872; 820680; 4
1686086335.558871; 820730; 4
1686086335.608876; 820780; 4
1686086335.658874; 820830; 4
1686086335.708876; 820880; 4
1686086335.758874; 820930; 4
1686086335.808872; 820980; 4
1686086335.858870; 821030; 4
1686086335.908872; 821080; 4
1686086335.958870; 821130; 4
1686086336.008885; 821180; 4
1686086336.058872; 821230; 4
1686086336.108874; 821280; 4
1686086336.158870; 821330; 4
1686086336.208912; 821380; 4
1686086336.258870; 821430; 4
1686086336.308876; 821480; 4
1686086336.358870; 821530; 4
1686086336.408876; 821580; 4
1686086336.458870; 821630; 4
1686086336.508872; 821680; 4
1686086336.558870; 821730; 4
1686086336.608872; 821780; 4
1686086336.658874; 821830; 4
1686086336.708872; 821880; 4
1686086336.758870; 821930; 4
1686086336.808876; 821980; 4
1686086336.858874; 822030; 4
1686086336.908872; 822080; 4
1686086336.958870; 822130; 4
1686086337.008872; 822180; 4
1686086337.058876; 822230; 4
1686086337.108872; 822280; 4
1686086337.158870; 822330; 4
1686086337.208872; 822380; 4
1686086337.258874; 822430; 4
1686086337.308872; 822480; 4
1686086337.358870; 822530; 4
1686086337.408872; 822580; 4
1686086337.458870; 822630; 4
1686086337.508872; 822680; 4
1686086337.558870; 822730; 4
1686086337.608872; 822780; 4
1686086337.658870; 822830; 4
1686086337.708872; 822880; 4
1686086337.758870; 822930; 4
1686086337.808872; 822980; 4
1686086337.858870; 823030; 4
1686086337.908872; 823080; 4
1686086337.958874; 823130; 4
1686086338.008872; 823180; 4
1686086338.058872; 823230; 4
1686086338.108874; 823280; 4
1686086338.158874; 823330; 4
1686086338.208876; 823380; 4
1686086338.258870; 823430; 4
1686086338.308872; 823480; 4
1686086338.358886; 823530; 4
1686086338.408872; 823580; 4
1686086338.458870; 823630; 4
1686086338.508876; 823680; 4
1686086338.558874; 823730; 4
1686086338.608872; 823780; 4
1686086338.658871; 823830; 4
1686086338.708872; 823880; 4
1686086338.758870; 823930; 4
1686086338.808872; 823980; 4
1686086338.858871; 824030; 4
1686086338.908876; 824080; 4
1686086338.958874; 824130; 4
1686086339.008872; 824180; 4
1686086339.058872; 824230; 4
1686086339.108872; 824280; 4
1686086339.158871; 824330; 4
1686086339.208872; 824380; 4
1686086339.258874; 824430; 4
1686086339.308872; 824480; 4
1686086339.358871; 824530; 4
1686086339.408876; 824580; 4
1686086339.458874; 824630; 4
1686086339.508872; 824680; 4
1686086339.558870; 824730; 4
1686086339.608872; 824780; 4
1686086339.658870; 824830; 4
1686086339.708876; 824880; 4
1686086339.758874; 824930; 4
1686086339.808876; 824980; 4
1686086339.858870; 825030; 4
1686086339.908876; 825080; 4
1686086339.958874; 825130; 4
1686086340.008876; 825180; 4
1686086340.058895; 825230; 4
1686086340.108874; 825280; 4
1686086340.158871; 825330; 4
1686086340.208875; 825380; 4
1686086340.258871; 825430; 4
1686086340.308872; 825480; 4
1686086340.358874; 825530; 4
1686086340.408873; 825580; 4
1686086340.458870; 825630; 4
1686086340.508876; 825680; 4
1686086340.558874; 825730; 4
1686086340.608872; 825780; 4
1686086340.658874; 825830; 4
1686086340.708872; 825880; 4
1686086340.758870; 825930; 4
1686086340.808872; 825980; 4
1686086340.858871; 826030; 4
1686086340.908876; 826080; 4
1686086340.958874; 826130; 4
1686086341.008872; 826180; 4
1686086341.058876; 826230; 4
1686086341.108872; 826280; 4
1686086341.158874; 826330; 4
1686086341.208872; 826380; 4
1686086341.258870; 826430; 4
1686086341.308876; 826480; 4
1686086341.358874; 826530; 4
1686086341.408872; 826580; 4
1686086341.458874; 826630; 4
1686086341.508872; 826680; 4
1686086341.558874; 826730; 4
1686086341.608872; 826780; 4
1686086341.658870; 826830; 4
1686086341.708872; 826880; 4
1686086341.758871; 826930; 4
1686086341.808876; 826980; 4
1686086341.858874; 827030; 4
1686086341.908872; 827080; 4
1686086341.958874; 827130; 4
1686086342.008872; 827180; 4
1686086342.058872; 827230; 4
1686086342.108874; 827280; 4
1686086342.158870; 827330; 4
1686086342.208876; 827380; 4
1686086342.258874; 827430; 4
1686086342.308872; 827480; 4
1686086342.358872; 827530; 4
1686086342.408872; 827580; 4
1686086342.458874; 827630; 4
1686086342.508876; 827680; 4
1686086342.558870; 827730; 4
1686086342.608876; 827780; 4
1686086342.658874; 827830; 4
1686086342.708872; 827880; 4
1686086342.758871; 827930; 4
1686086342.808872; 827980; 4
1686086342.858871; 828030; 4
1686086342.908876; 828080; 4
1686086342.958874; 828130; 4
1686086343.008876; 828180; 4
1686086343.058876; 828230; 4
1686086343.108872; 828280; 4
1686086343.158871; 828330; 4
1686086343.208876; 828380; 4
1686086343.258874; 828430; 4
1686086343.308872; 828480; 4
1686086343.358871; 828530; 4
1686086343.408872; 828580; 4
1686086343.458871; 828630; 4
1686086343.508872; 828680; 4
1686086343.558870; 828730; 4
1686086343.608872; 828780; 4
1686086343.658871; 828830; 4
1686086343.708876; 828880; 4
1686086343.758874; 828930; 4
1686086343.808872; 828980; 4
1686086343.858870; 829030; 4
1686086343.908876; 829080; 4
1686086343.958874; 829130; 4
1686086344.008876; 829180; 4
1686086344.058872; 829230; 4
1686086344.108874; 829280; 4
1686086344.158870; 829330; 4
1686086344.208872; 829380; 4
1686086344.258870; 829430; 4
1686086344.308872; 829480; 4
1686086344.358871; 829530; 4
1686086344.408873; 829580; 4
1686086344.458870; 829630; 4
1686086344.508880; 829680; 4
1686086344.558874; 829730; 4
1686086344.608872; 829780; 4
1686086344.658870; 829830; 4
1686086344.708885; 829880; 4
1686086344.758874; 829930; 4
1686086344.808872; 829980; 4
1686086344.858874; 830030; 4
1686086344.908872; 830080; 4
1686086344.958871; 830130; 4
1686086345.008876; 830180; 4
1686086345.058872; 830230; 4
1686086345.108874; 830280; 4
1686086345.158874; 830330; 4
1686086345.208872; 830380; 4
1686086345.258871; 830430; 4
1686086345.308872; 830480; 4
1686086345.358870; 830530; 4
1686086345.408872; 830580; 4
1686086345.458874; 830630; 4
1686086345.508872; 830680; 4
1686086345.558871; 830730; 4
1686086345.608872; 830780; 4
1686086345.658874; 830830; 4
1686086345.708872; 830880; 4
1686086345.758874; 830930; 4
1686086345.808872; 830980; 4
1686086345.858874; 831030; 4
1686086345.908872; 831080; 4
1686086345.958870; 831130; 4
1686086346.008872; 831180; 4
1686086346.058876; 831230; 4
1686086346.108872; 831280; 4
1686086346.158874; 831330; 4
1686086346.208872; 831380; 4
1686086346.258874; 831430; 4
1686086346.308872; 831480; 4
1686086346.358874; 831530; 4
1686086346.408872; 831580; 4
1686086346.458871; 831630; 4
1686086346.508876; 831680; 4
1686086346.558874; 831730; 4
1686086346.608872; 831780; 4
1686086346.658895; 831830; 4
1686086346.708872; 831880; 4
1686086346.758874; 831930; 4
1686086346.808876; 831980; 4
1686086346.858920; 832030; 4
1686086346.908878; 832080; 4
1686086346.958874; 832130; 4
1686086347.008876; 832180; 4
1686086347.058872; 832230; 4
1686086347.108874; 832280; 4
1686086347.158871; 832330; 4
1686086347.208876; 832380; 4
1686086347.258874; 832430; 4
1686086347.308872; 832480; 4
1686086347.358871; 832530; 4
1686086347.408872; 832580; 4
1686086347.458871; 832630; 4
1686086347.508872; 832680; 4
1686086347.558871; 832730; 4
1686086347.608876; 832780; 4
1686086347.658874; 832830; 4
1686086347.708876; 832880; 4
1686086347.758874; 832930; 4
1686086347.808872; 832980; 4
1686086347.858870; 833030; 4
1686086347.908872; 833080; 4
1686086347.958871; 833130; 4
1686086348.008876; 833180; 4
1686086348.058872; 833230; 4
1686086348.108872; 833280; 4
1686086348.158870; 833330; 4
1686086348.208876; 833380; 4
1686086348.258874; 833430; 4
1686086348.308872; 833480; 4
1686086348.358871; 833530; 4
1686086348.408876; 833580; 4
1686086348.458874; 833630; 4
1686086348.508876; 833680; 4
1686086348.558870; 833730; 4
1686086348.608876; 833780; 4
1686086348.658871; 833830; 4
1686086348.708872; 833880; 4
1686086348.758870; 833930; 4
1686086348.808876; 833980; 4
1686086348.858870; 834030; 4
1686086348.908871; 834080; 4
1686086348.958874; 834130; 4
1686086349.008885; 834180; 4
1686086349.058872; 834230; 4
1686086349.108872; 834280; 4
1686086349.158874; 834330; 4
1686086349.208872; 834380; 4
1686086349.258870; 834430; 4
1686086349.308872; 834480; 4
1686086349.358871; 834530; 4
1686086349.408872; 834580; 4
1686086349.458874; 834630; 4
1686086349.508872; 834680; 4
1686086349.558874; 834730; 4
1686086349.608872; 834780; 4
1686086349.658874; 834830; 4
1686086349.708872; 834880; 4
1686086349.758870; 834930; 4
1686086349.808872; 834980; 4
1686086349.858870; 835030; 4
1686086349.908872; 835080; 4
1686086349.958874; 835130; 4
1686086350.008872; 835180; 4
1686086350.058872; 835230; 4
1686086350.108874; 835280; 4
1686086350.158870; 835330; 4
1686086350.208876; 835380; 4
1686086350.258871; 835430; 4
1686086350.308876; 835480; 4
1686086350.358870; 835530; 4
1686086350.408872; 835580; 4
1686086350.458874; 835630; 4
1686086350.508872; 835680; 4
1686086350.558874; 835730; 4
1686086350.608872; 835780; 4
1686086350.658874; 835830; 4
1686086350.708872; 835880; 4
1686086350.758874; 835930; 4
1686086350.808872; 835980; 4
1686086350.858873; 836030; 4
1686086350.908872; 836080; 4
1686086350.958870; 836130; 4
1686086351.008872; 836180; 4
1686086351.058876; 836230; 4
1686086351.108874; 836280; 4
1686086351.158871; 836330; 4
1686086351.208872; 836380; 4
1686086351.258870; 836430; 4
1686086351.308872; 836480; 4
1686086351.358870; 836530; 4
1686086351.408872; 836580; 4
1686086351.458871; 836630; 4
1686086351.508872; 836680; 4
1686086351.558870; 836730; 4
1686086351.608876; 836780; 4
1686086351.658871; 836830; 4
1686086351.708872; 836880; 4
1686086351.758871; 836930; 4
1686086351.808876; 836980; 4
1686086351.858870; 837030; 4
1686086351.908876; 837080; 4
1686086351.958874; 837130; 4
1686086352.008876; 837180; 4
1686086352.058876; 837230; 4
1686086352.108874; 837280; 4
1686086352.158870; 837330; 4
1686086352.208872; 837380; 4
1686086352.258871; 837430; 4
1686086352.308876; 837480; 4
1686086352.358874; 837530; 4
1686086352.408872; 837580; 4
1686086352.458871; 837630; 4
1686086352.508876; 837680; 4
1686086352.558874; 837730; 4
1686086352.608876; 837780; 4
1686086352.658874; 837830; 4
1686086352.708876; 837880; 4
1686086352.758874; 837930; 4
1686086352.808872; 837980; 4
1686086352.858871; 838030; 4
1686086352.908876; 838080; 4
1686086352.958871; 838130; 4
1686086353.008883; 838180; 4
1686086353.058872; 838230; 4
1686086353.108872; 838280; 4
1686086353.158874; 838330; 4
1686086353.208870; 838380; 4
1686086353.258870; 838430; 4
1686086353.308876; 838480; 4
1686086353.358870; 838530; 4
1686086353.408872; 838580; 4
1686086353.458870; 838630; 4
1686086353.508872; 838680; 4
1686086353.558874; 838730; 4
1686086353.608872; 838780; 4
1686086353.658870; 838830; 4
1686086353.708896; 838880; 4
1686086353.758876; 838930; 4
1686086353.808872; 838980; 4
1686086353.858874; 839030; 4
1686086353.908872; 839080; 4
1686086353.958874; 839130; 4
1686086354.008872; 839180; 4
1686086354.058876; 839230; 4
1686086354.108874; 839280; 4
1686086354.158874; 839330; 4
1686086354.208872; 839380; 4
1686086354.258874; 839430; 4
1686086354.308872; 839480; 4
1686086354.358874; 839530; 4
1686086354.408876; 839580; 4
1686086354.458870; 839630; 4
1686086354.508872; 839680; 4
1686086354.558874; 839730; 4
1686086354.608872; 839780; 4
1686086354.658870; 839830; 4
1686086354.708876; 839880; 4
1686086354.758874; 839930; 4
1686086354.808872; 839980; 4
1686086354.858874; 840030; 4
1686086354.908872; 840080; 4
1686086354.958871; 840130; 4
1686086355.008876; 840180; 4
1686086355.058872; 840230; 4
1686086355.108874; 840280; 4
1686086355.158897; 840330; 4
1686086355.208876; 840380; 4
1686086355.258871; 840430; 4
1686086355.308876; 840480; 4
1686086355.358882; 840530; 4
1686086355.408876; 840580; 4
1686086355.458874; 840630; 4
1686086355.508876; 840680; 4
1686086355.558874; 840730; 4
1686086355.608872; 840780; 4
1686086355.658870; 840830; 4
1686086355.708876; 840880; 4
1686086355.758874; 840930; 4
1686086355.808876; 840980; 4
1686086355.858874; 841030; 4
1686086355.908872; 841080; 4
1686086355.958871; 841130; 4
1686086356.008876; 841180; 4
1686086356.058872; 841230; 4
1686086356.108872; 841280; 4
1686086356.158871; 841330; 4
1686086356.208876; 841380; 4
1686086356.258874; 841430; 4
1686086356.308876; 841480; 4
1686086356.358874; 841530; 4
1686086356.408876; 841580; 4
1686086356.458874; 841630; 4
1686086356.508872; 841680; 4
1686086356.558871; 841730; 4
1686086356.608872; 841780; 4
1686086356.658870; 841830; 4
1686086356.708876; 841880; 4
1686086356.758874; 841930; 4
1686086356.808872; 841980; 4
1686086356.858870; 842030; 4
1686086356.908876; 842080; 4
1686086356.958874; 842130; 4
1686086357.008872; 842180; 4
1686086357.058872; 842230; 4
1686086357.108872; 842280; 4
1686086357.158870; 842330; 4
1686086357.208872; 842380; 4
1686086357.258871; 842430; 4
1686086357.308896; 842480; 4
1686086357.358871; 842530; 4
1686086357.408872; 842580; 4
1686086357.458870; 842630; 4
1686086357.508890; 842680; 4
1686086357.558874; 842730; 4
1686086357.608872; 842780; 4
1686086357.658874; 842830; 4
1686086357.708872; 842880; 4
1686086357.758874; 842930; 4
1686086357.808872; 842980; 4
1686086357.858871; 843030; 4
1686086357.908876; 843080; 4
1686086357.958874; 843130; 4
1686086358.008872; 843180; 4
1686086358.058876; 843230; 4
1686086358.108872; 843280; 4
1686086358.158874; 843330; 4
1686086358.208872; 843380; 4
1686086358.258870; 843430; 4
1686086358.308876; 843480; 4
1686086358.358871; 843530; 4
1686086358.408872; 843580; 4
1686086358.458874; 843630; 4
1686086358.508872; 843680; 4
1686086358.558874; 843730; 4
1686086358.608872; 843780; 4
1686086358.658870; 843830; 4
1686086358.708872; 843880; 4
1686086358.758874; 843930; 4
1686086358.808872; 843980; 4
1686086358.858874; 844030; 4
1686086358.908872; 844080; 4
1686086358.958871; 844130; 4
1686086359.008876; 844180; 4
1686086359.058872; 844230; 4
1686086359.108874; 844280; 4
1686086359.158870; 844330; 4
1686086359.208872; 844380; 4
1686086359.258874; 844430; 4
1686086359.308872; 844480; 4
1686086359.358871; 844530; 4
1686086359.408872; 844580; 4
1686086359.458883; 844630; 4
1686086359.508872; 844680; 4
1686086359.558871; 844730; 4
1686086359.608872; 844780; 4
1686086359.658900; 844830; 4
1686086359.708872; 844880; 4
1686086359.758870; 844930; 4
1686086359.808872; 844980; 4
1686086359.858870; 845030; 4
1686086359.908872; 845080; 4
1686086359.958870; 845130; 4
1686086360.008872; 845180; 4
1686086360.058872; 845230; 4
1686086360.108874; 845280; 4
1686086360.158871; 845330; 4
1686086360.208872; 845380; 4
1686086360.258871; 845430; 4
1686086360.308872; 845480; 4
1686086360.358871; 845530; 4
1686086360.408876; 845580; 4
1686086360.458874; 845630; 4
1686086360.508896; 845680; 4
1686086360.558873; 845730; 4
1686086360.608872; 845780; 4
1686086360.658871; 845830; 4
1686086360.708876; 845880; 4
1686086360.758874; 845930; 4
1686086360.808876; 845980; 4
1686086360.858874; 846030; 4
1686086360.908876; 846080; 4
1686086360.958870; 846130; 4
1686086361.008872; 846180; 4
1686086361.058872; 846230; 4
1686086361.108874; 846280; 4
1686086361.158871; 846330; 4
1686086361.208872; 846380; 4
1686086361.258870; 846430; 4
1686086361.308876; 846480; 4
1686086361.358874; 846530; 4
1686086361.408872; 846580; 4
1686086361.458871; 846630; 4
1686086361.508871; 846680; 4
1686086361.558874; 846730; 4
1686086361.608872; 846780; 4
1686086361.658874; 846830; 4
1686086361.708871; 846880; 4
1686086361.758874; 846930; 4
1686086361.808872; 846980; 4
1686086361.858874; 847030; 4
1686086361.908872; 847080; 4
1686086361.958871; 847130; 4
1686086362.008876; 847180; 4
1686086362.058876; 847230; 4
1686086362.108872; 847280; 4
1686086362.158874; 847330; 4
1686086362.208872; 847380; 4
1686086362.258871; 847430; 4
1686086362.308876; 847480; 4
1686086362.358871; 847530; 4
1686086362.408872; 847580; 4
1686086362.458874; 847630; 4
1686086362.508872; 847680; 4
1686086362.558874; 847730; 4
1686086362.608872; 847780; 4
1686086362.658874; 847830; 4
1686086362.708872; 847880; 4
1686086362.758870; 847930; 4
1686086362.808876; 847980; 4
1686086362.858870; 848030; 4
1686086362.908876; 848080; 4
1686086362.958870; 848130; 4
1686086363.008872; 848180; 4
1686086363.058872; 848230; 4
1686086363.108874; 848280; 4
1686086363.158871; 848330; 4
1686086363.208872; 848380; 4
1686086363.258874; 848430; 4
1686086363.308872; 848480; 4
1686086363.358874; 848530; 4
1686086363.408872; 848580; 4
1686086363.458870; 848630; 4
1686086363.508876; 848680; 4
1686086363.558871; 848730; 4
1686086363.608876; 848780; 4
1686086363.658873; 848830; 4
1686086363.708872; 848880; 4
1686086363.758871; 848930; 4
1686086363.808872; 848980; 4
1686086363.858872; 849030; 4
1686086363.908876; 849080; 4
1686086363.958874; 849130; 4
1686086364.008876; 849180; 4
1686086364.058876; 849230; 4
1686086364.108872; 849280; 4
1686086364.158871; 849330; 4
1686086364.208872; 849380; 4
1686086364.258871; 849430; 4
1686086364.308876; 849480; 4
1686086364.358874; 849530; 4
1686086364.408876; 849580; 4
1686086364.458871; 849630; 4
1686086364.508872; 849680; 4
1686086364.558871; 849730; 4
1686086364.608876; 849780; 4
1686086364.658871; 849830; 4
1686086364.708872; 849880; 4
1686086364.758871; 849930; 4
1686086364.808876; 849980; 4
1686086364.858874; 850030; 4
1686086364.908876; 850080; 4
1686086364.958874; 850130; 4
1686086365.008876; 850180; 4
1686086365.058872; 850230; 4
1686086365.108874; 850280; 4
1686086365.158871; 850330; 4
1686086365.208876; 850380; 4
1686086365.258874; 850430; 4
1686086365.308872; 850480; 4
1686086365.358870; 850530; 4
1686086365.408876; 850580; 4
1686086365.458874; 850630; 4
1686086365.508876; 850680; 4
1686086365.558874; 850730; 4
1686086365.608872; 850780; 4
1686086365.658871; 850830; 4
1686086365.708872; 850880; 4
1686086365.758870; 850930; 4
1686086365.808884; 850980; 4
1686086365.858871; 851030; 4
1686086365.908876; 851080; 4
1686086365.958874; 851130; 4
1686086366.008873; 851180; 4
1686086366.058872; 851230; 4
1686086366.108874; 851280; 4
1686086366.158874; 851330; 4
1686086366.208872; 851380; 4
1686086366.258870; 851430; 4
1686086366.308876; 851480; 4
1686086366.358870; 851530; 4
1686086366.408872; 851580; 4
1686086366.458870; 851630; 4
1686086366.508872; 851680; 4
1686086366.558874; 851730; 4
1686086366.608872; 851780; 4
1686086366.658874; 851830; 4
1686086366.708872; 851880; 4
1686086366.758874; 851930; 4
1686086366.808873; 851980; 4
1686086366.858871; 852030; 4
1686086366.908874; 852080; 4
1686086366.958869; 852130; 4
1686086367.008873; 852180; 4
1686086367.058873; 852230; 4
1686086367.108874; 852280; 4
1686086367.158871; 852330; 4
1686086367.208872; 852380; 4
1686086367.258870; 852430; 4
1686086367.308876; 852480; 4
1686086367.358895; 852530; 4
1686086367.408874; 852580; 4
1686086367.458874; 852630; 4
1686086367.508872; 852680; 4
1686086367.558871; 852730; 4
1686086367.608876; 852780; 4
1686086367.658870; 852830; 4
1686086367.708876; 852880; 4
1686086367.758870; 852930; 4
1686086367.808872; 852980; 4
1686086367.858871; 853030; 4
1686086367.908876; 853080; 4
1686086367.958904; 853130; 4
1686086368.008876; 853180; 4
1686086368.058872; 853230; 4
1686086368.108874; 853280; 4
1686086368.158888; 853330; 4
1686086368.208876; 853380; 4
1686086368.258874; 853430; 4
1686086368.308876; 853480; 4
1686086368.358874; 853530; 4
1686086368.408872; 853580; 4
1686086368.458870; 853630; 4
1686086368.508876; 853680; 4
1686086368.558874; 853730; 4
1686086368.608872; 853780; 4
1686086368.658871; 853830; 4
1686086368.708872; 853880; 4
1686086368.758871; 853930; 4
1686086368.808872; 853980; 4
1686086368.858871; 854030; 4
1686086368.908876; 854080; 4
1686086368.958871; 854130; 4
1686086369.008872; 854180; 4
1686086369.058872; 854230; 4
1686086369.108872; 854280; 4
1686086369.158870; 854330; 4
1686086369.208872; 854380; 4
1686086369.258870; 854430; 4
1686086369.308872; 854480; 4
1686086369.358871; 854530; 4
1686086369.408872; 854580; 4
1686086369.458871; 854630; 4
1686086369.508876; 854680; 4
1686086369.558874; 854730; 4
1686086369.608872; 854780; 4
1686086369.658871; 854830; 4
1686086369.708872; 854880; 4
1686086369.758871; 854930; 4
1686086369.808872; 854980; 4
1686086369.858871; 855030; 4
1686086369.908876; 855080; 4
1686086369.958874; 855130; 4
1686086370.008876; 855180; 4
1686086370.058876; 855230; 4
1686086370.108883; 855280; 4
1686086370.158871; 855330; 4
1686086370.208871; 855380; 4
1686086370.258871; 855430; 4
1686086370.308911; 855480; 4
1686086370.358874; 855530; 4
1686086370.408872; 855580; 4
1686086370.458874; 855630; 4
1686086370.508872; 855680; 4
1686086370.558870; 855730; 4
1686086370.608872; 855780; 4
1686086370.658874; 855830; 4
1686086370.708872; 855880; 4
1686086370.758874; 855930; 4
1686086370.808872; 855980; 4
1686086370.858871; 856030; 4
1686086370.908876; 856080; 4
1686086370.958874; 856130; 4
1686086371.008872; 856180; 4
1686086371.058876; 856230; 4
1686086371.108872; 856280; 4
1686086371.158874; 856330; 4
1686086371.208872; 856380; 4
1686086371.258874; 856430; 4
1686086371.308872; 856480; 4
1686086371.358871; 856530; 4
1686086371.408872; 856580; 4
1686086371.458874; 856630; 4
1686086371.508872; 856680; 4
1686086371.558874; 856730; 4
1686086371.608872; 856780; 4
1686086371.658874; 856830; 4
1686086371.708872; 856880; 4
1686086371.758870; 856930; 4
1686086371.808876; 856980; 4
1686086371.858874; 857030; 4
1686086371.908872; 857080; 4
1686086371.958870; 857130; 4
1686086372.008876; 857180; 4
1686086372.058876; 857230; 4
1686086372.108872; 857280; 4
1686086372.158869; 857330; 4
1686086372.208876; 857380; 4
1686086372.258874; 857430; 4
1686086372.308872; 857480; 4
1686086372.358874; 857530; 4
1686086372.408876; 857580; 4
1686086372.458886; 857630; 4
1686086372.508876; 857680; 4
1686086372.558874; 857730; 4
1686086372.608872; 857780; 4
1686086372.658870; 857830; 4
1686086372.708872; 857880; 4
