1686089821.854674; 738770; 117
1686089821.904514; 738820; 123
1686089821.954504; 738870; 123
1686089822.004502; 738920; 116
1686089822.054500; 738970; 116
1686089822.104509; 739020; 116
1686089822.154504; 739070; 116
1686089822.204502; 739120; 108
1686089822.254509; 739170; 108
1686089822.304508; 739220; 77
1686089822.354504; 739270; 77
1686089822.404508; 739320; 40
1686089822.454504; 739370; 40
1686089822.504508; 739420; 40
1686089822.554509; 739470; 37
1686089822.604499; 739520; 37
1686089822.654509; 739570; 40
1686089822.704502; 739620; 40
1686089822.754509; 739670; 42
1686089822.804502; 739720; 42
1686089822.854509; 739770; 45
1686089822.904502; 739820; 45
1686089822.954504; 739870; 53
1686089823.004508; 739920; 53
1686089823.054511; 739970; 57
1686089823.104504; 740020; 57
1686089823.154509; 740070; 64
1686089823.204502; 740120; 64
1686089823.254504; 740170; 65
1686089823.304508; 740220; 65
1686089823.354504; 740270; 56
1686089823.404508; 740320; 56
1686089823.454509; 740370; 53
1686089823.504502; 740420; 53
1686089823.554509; 740470; 53
1686089823.604502; 740520; 53
1686089823.654504; 740570; 52
1686089823.704508; 740620; 52
1686089823.754504; 740670; 53
1686089823.804508; 740720; 53
1686089823.854509; 740770; 48
1686089823.904502; 740820; 48
1686089823.954509; 740870; 40
1686089824.004502; 740920; 40
1686089824.054511; 740970; 38
1686089824.104504; 741020; 38
1686089824.154504; 741070; 38
1686089824.204508; 741120; 38
1686089824.254509; 741170; 40
1686089824.304502; 741220; 40
1686089824.354509; 741270; 43
1686089824.404502; 741320; 43
1686089824.454504; 741370; 42
1686089824.504508; 741420; 42
1686089824.554518; 741470; 37
1686089824.604502; 741520; 37
1686089824.654509; 741570; 34
1686089824.704502; 741620; 34
1686089824.754500; 741670; 34
1686089824.804502; 741720; 34
1686089824.854509; 741770; 34
1686089824.904502; 741820; 33
1686089824.954509; 741870; 33
1686089825.004502; 741920; 34
1686089825.054511; 741970; 34
1686089825.104504; 742020; 41
1686089825.154509; 742070; 41
1686089825.204502; 742120; 47
1686089825.254509; 742170; 47
1686089825.304508; 742220; 45
1686089825.354504; 742270; 45
1686089825.404502; 742320; 42
1686089825.454509; 742370; 42
1686089825.504508; 742420; 46
1686089825.554504; 742470; 46
1686089825.604508; 742520; 55
1686089825.654504; 742570; 55
1686089825.704508; 742620; 63
1686089825.754504; 742670; 63
1686089825.804508; 742720; 64
1686089825.854504; 742770; 64
1686089825.904502; 742820; 58
1686089825.954509; 742870; 58
1686089826.004502; 742920; 53
1686089826.054511; 742970; 53
1686089826.104504; 743020; 48
1686089826.154504; 743070; 48
1686089826.204502; 743120; 48
1686089826.254509; 743170; 48
1686089826.304502; 743220; 49
1686089826.354509; 743270; 49
1686089826.404508; 743320; 48
1686089826.454504; 743370; 48
1686089826.504502; 743420; 45
1686089826.554509; 743470; 45
1686089826.604507; 743520; 43
1686089826.654509; 743570; 43
1686089826.704507; 743620; 42
1686089826.754504; 743670; 42
1686089826.804508; 743720; 41
1686089826.854504; 743770; 41
1686089826.904532; 743820; 40
1686089826.954504; 743870; 40
1686089827.004508; 743920; 40
1686089827.054500; 743970; 40
1686089827.104509; 744020; 40
1686089827.154504; 744070; 39
1686089827.204508; 744120; 39
1686089827.254504; 744170; 39
1686089827.304508; 744220; 39
1686089827.354509; 744270; 39
1686089827.404502; 744320; 39
1686089827.454509; 744370; 39
1686089827.504502; 744420; 39
1686089827.554509; 744470; 40
1686089827.604502; 744520; 40
1686089827.654504; 744570; 39
1686089827.704508; 744620; 39
1686089827.754504; 744670; 40
1686089827.804508; 744720; 40
1686089827.854509; 744770; 40
1686089827.904502; 744820; 40
1686089827.954504; 744870; 40
1686089828.004507; 744920; 40
1686089828.054511; 744970; 39
1686089828.104504; 745020; 39
1686089828.154509; 745070; 38
1686089828.204502; 745120; 38
1686089828.254509; 745170; 37
1686089828.304502; 745220; 37
1686089828.354509; 745270; 37
1686089828.404502; 745320; 37
1686089828.454538; 745370; 37
1686089828.504502; 745420; 37
1686089828.554504; 745470; 36
1686089828.604508; 745520; 36
1686089828.654504; 745570; 35
1686089828.704508; 745620; 35
1686089828.754498; 745670; 37
1686089828.804502; 745720; 37
1686089828.854522; 745770; 38
1686089828.904507; 745820; 38
1686089828.954509; 745870; 39
1686089829.004508; 745920; 39
1686089829.054534; 745970; 36
1686089829.104504; 746020; 36
1686089829.154509; 746070; 36
1686089829.204502; 746120; 36
1686089829.254509; 746170; 34
1686089829.304508; 746220; 34
1686089829.354504; 746270; 33
1686089829.404502; 746320; 33
1686089829.454509; 746370; 33
1686089829.504502; 746420; 32
1686089829.554509; 746470; 32
1686089829.604507; 746520; 31
1686089829.654504; 746570; 31
1686089829.704508; 746620; 32
1686089829.754504; 746670; 32
1686089829.804508; 746720; 32
1686089829.854504; 746770; 32
1686089829.904502; 746820; 31
1686089829.954509; 746870; 31
1686089830.004508; 746920; 29
1686089830.054511; 746970; 29
1686089830.104509; 747020; 29
1686089830.154504; 747070; 29
1686089830.204507; 747120; 30
1686089830.254504; 747170; 30
1686089830.304502; 747220; 32
1686089830.354509; 747270; 32
1686089830.404502; 747320; 32
1686089830.454509; 747370; 32
1686089830.504508; 747420; 31
1686089830.554504; 747470; 31
1686089830.604502; 747520; 30
1686089830.654509; 747570; 30
1686089830.704508; 747620; 32
1686089830.754504; 747670; 32
1686089830.804508; 747720; 33
1686089830.854504; 747770; 33
1686089830.904502; 747820; 32
1686089830.954509; 747870; 32
1686089831.004502; 747920; 32
1686089831.054511; 747970; 32
1686089831.104509; 748020; 32
1686089831.154504; 748070; 32
1686089831.204521; 748120; 33
1686089831.254504; 748170; 33
1686089831.304508; 748220; 34
1686089831.354504; 748270; 34
1686089831.404507; 748320; 35
1686089831.454504; 748370; 35
1686089831.504508; 748420; 35
1686089831.554504; 748470; 35
1686089831.604508; 748520; 33
1686089831.654509; 748570; 33
1686089831.704502; 748620; 34
1686089831.754504; 748670; 34
1686089831.804508; 748720; 34
1686089831.854509; 748770; 35
1686089831.904502; 748820; 35
1686089831.954504; 748870; 35
1686089832.004508; 748920; 35
1686089832.054511; 748970; 37
1686089832.104504; 749020; 37
1686089832.154509; 749070; 40
1686089832.204502; 749120; 40
1686089832.254504; 749170; 41
1686089832.304508; 749220; 41
1686089832.354504; 749270; 36
1686089832.404508; 749320; 36
1686089832.454504; 749370; 29
1686089832.504507; 749420; 29
1686089832.554509; 749470; 28
1686089832.604502; 749520; 28
1686089832.654504; 749570; 28
1686089832.704508; 749620; 28
1686089832.754509; 749670; 28
1686089832.804502; 749720; 28
1686089832.854509; 749770; 29
1686089832.904502; 749820; 29
1686089832.954509; 749870; 29
1686089833.004502; 749920; 29
1686089833.054507; 749970; 30
1686089833.104509; 750020; 30
1686089833.154509; 750070; 30
1686089833.204507; 750120; 30
1686089833.254498; 750170; 30
1686089833.304502; 750220; 30
1686089833.354509; 750270; 27
1686089833.404508; 750320; 27
1686089833.454504; 750370; 27
1686089833.504502; 750420; 27
1686089833.554509; 750470; 27
1686089833.604502; 750520; 27
1686089833.654509; 750570; 28
1686089833.704508; 750620; 28
1686089833.754504; 750670; 26
1686089833.804508; 750720; 26
1686089833.854504; 750770; 26
1686089833.904502; 750820; 26
1686089833.954509; 750870; 26
1686089834.004502; 750920; 26
1686089834.054511; 750970; 26
1686089834.104504; 751020; 30
1686089834.154509; 751070; 30
1686089834.204502; 751120; 28
1686089834.254509; 751170; 28
1686089834.304502; 751220; 23
1686089834.354509; 751270; 23
1686089834.404502; 751320; 22
1686089834.454509; 751370; 22
1686089834.504502; 751420; 22
1686089834.554509; 751470; 22
1686089834.604502; 751520; 23
1686089834.654509; 751570; 23
1686089834.704508; 751620; 24
1686089834.754504; 751670; 24
1686089834.804502; 751720; 25
1686089834.854509; 751770; 25
1686089834.904508; 751820; 25
1686089834.954504; 751870; 25
1686089835.004502; 751920; 26
1686089835.054517; 751970; 26
1686089835.104515; 752020; 26
1686089835.154504; 752070; 26
1686089835.204511; 752120; 27
1686089835.254504; 752170; 27
1686089835.304508; 752220; 27
1686089835.354509; 752270; 27
1686089835.404500; 752320; 28
1686089835.454504; 752370; 28
1686089835.504508; 752420; 30
1686089835.554504; 752470; 30
1686089835.604508; 752520; 32
1686089835.654509; 752570; 32
1686089835.704502; 752620; 33
1686089835.754504; 752670; 33
1686089835.804508; 752720; 35
1686089835.854504; 752770; 35
1686089835.904508; 752820; 35
1686089835.954504; 752870; 35
1686089836.004508; 752920; 37
1686089836.054500; 752970; 37
1686089836.104509; 753020; 38
1686089836.154509; 753070; 38
1686089836.204502; 753120; 38
1686089836.254509; 753170; 38
1686089836.304502; 753220; 38
1686089836.354509; 753270; 38
1686089836.404502; 753320; 38
1686089836.454509; 753370; 39
1686089836.504502; 753420; 39
1686089836.554509; 753470; 41
1686089836.604502; 753520; 41
1686089836.654509; 753570; 42
1686089836.704502; 753620; 42
1686089836.754504; 753670; 42
1686089836.804507; 753720; 42
1686089836.854509; 753770; 40
1686089836.904502; 753820; 40
1686089836.954504; 753870; 36
1686089837.004507; 753920; 36
1686089837.054510; 753970; 35
1686089837.104509; 754020; 35
1686089837.154509; 754070; 35
1686089837.204502; 754120; 35
1686089837.254504; 754170; 33
1686089837.304508; 754220; 33
1686089837.354509; 754270; 31
1686089837.404502; 754320; 31
1686089837.454504; 754370; 30
1686089837.504502; 754420; 30
1686089837.554518; 754470; 30
1686089837.604502; 754520; 30
1686089837.654509; 754570; 30
1686089837.704507; 754620; 30
1686089837.754504; 754670; 30
1686089837.804502; 754720; 30
1686089837.854509; 754770; 30
1686089837.904508; 754820; 30
1686089837.954504; 754870; 30
1686089838.004508; 754920; 30
1686089838.054511; 754970; 30
1686089838.104509; 755020; 30
1686089838.154504; 755070; 31
1686089838.204502; 755120; 31
1686089838.254509; 755170; 32
1686089838.304502; 755220; 32
1686089838.354509; 755270; 33
1686089838.404502; 755320; 33
1686089838.454509; 755370; 33
1686089838.504507; 755420; 33
1686089838.554504; 755470; 33
1686089838.604502; 755520; 33
1686089838.654509; 755570; 33
1686089838.704508; 755620; 33
1686089838.754504; 755670; 33
1686089838.804502; 755720; 32
1686089838.854509; 755770; 32
1686089838.904502; 755820; 32
1686089838.954509; 755870; 32
1686089839.004502; 755920; 33
1686089839.054511; 755970; 33
1686089839.104509; 756020; 33
1686089839.154504; 756070; 33
1686089839.204507; 756120; 33
1686089839.254504; 756170; 33
1686089839.304507; 756220; 34
1686089839.354504; 756270; 34
1686089839.404508; 756320; 33
1686089839.454504; 756370; 33
1686089839.504508; 756420; 33
1686089839.554509; 756470; 33
1686089839.604502; 756520; 34
1686089839.654509; 756570; 34
1686089839.704518; 756620; 34
1686089839.754509; 756670; 34
1686089839.804502; 756720; 35
1686089839.854509; 756770; 35
1686089839.904502; 756820; 36
1686089839.954504; 756870; 36
1686089840.004508; 756920; 35
1686089840.054511; 756970; 35
1686089840.104504; 757020; 35
1686089840.154509; 757070; 35
1686089840.204502; 757120; 36
1686089840.254509; 757170; 36
1686089840.304502; 757220; 37
1686089840.354509; 757270; 37
1686089840.404502; 757320; 36
1686089840.454504; 757370; 36
1686089840.504507; 757420; 32
1686089840.554509; 757470; 32
1686089840.604502; 757520; 30
1686089840.654504; 757570; 30
1686089840.704508; 757620; 29
1686089840.754509; 757670; 29
1686089840.804502; 757720; 29
1686089840.854504; 757770; 29
1686089840.904507; 757820; 29
1686089840.954504; 757870; 29
1686089841.004508; 757920; 29
1686089841.054511; 757970; 29
1686089841.104504; 758020; 29
1686089841.154509; 758070; 30
1686089841.204502; 758120; 30
1686089841.254509; 758170; 29
1686089841.304502; 758220; 29
1686089841.354509; 758270; 24
1686089841.404502; 758320; 24
1686089841.454509; 758370; 24
1686089841.504502; 758420; 24
1686089841.554504; 758470; 22
1686089841.604508; 758520; 22
1686089841.654504; 758570; 23
1686089841.704522; 758620; 23
1686089841.754506; 758670; 23
1686089841.804508; 758720; 23
1686089841.854504; 758770; 22
1686089841.904508; 758820; 22
1686089841.954504; 758870; 20
1686089842.004502; 758920; 20
1686089842.054511; 758970; 19
1686089842.104504; 759020; 19
1686089842.154509; 759070; 19
1686089842.204508; 759120; 19
1686089842.254504; 759170; 19
1686089842.304502; 759220; 19
1686089842.354509; 759270; 19
1686089842.404508; 759320; 19
1686089842.454504; 759370; 19
1686089842.504502; 759420; 19
1686089842.554509; 759470; 19
1686089842.604502; 759520; 19
1686089842.654509; 759570; 19
1686089842.704502; 759620; 19
1686089842.754509; 759670; 19
1686089842.804507; 759720; 19
1686089842.854504; 759770; 19
1686089842.904508; 759820; 19
1686089842.954504; 759870; 19
1686089843.004508; 759920; 19
1686089843.054511; 759970; 19
1686089843.104504; 760020; 19
1686089843.154509; 760070; 19
1686089843.204508; 760120; 19
1686089843.254504; 760170; 19
1686089843.304502; 760220; 19
1686089843.354509; 760270; 19
1686089843.404508; 760320; 19
1686089843.454504; 760370; 19
1686089843.504508; 760420; 19
1686089843.554504; 760470; 19
1686089843.604502; 760520; 19
1686089843.654509; 760570; 19
1686089843.704499; 760620; 19
1686089843.754504; 760670; 19
1686089843.804508; 760720; 19
1686089843.854504; 760770; 19
1686089843.904508; 760820; 19
1686089843.954504; 760870; 19
1686089844.004508; 760920; 20
1686089844.054511; 760970; 20
1686089844.104504; 761020; 20
1686089844.154504; 761070; 20
1686089844.204508; 761120; 20
1686089844.254504; 761170; 20
1686089844.304508; 761220; 19
1686089844.354504; 761270; 19
1686089844.404508; 761320; 20
1686089844.454504; 761370; 20
1686089844.504507; 761420; 19
1686089844.554504; 761470; 19
1686089844.604508; 761520; 19
1686089844.654509; 761570; 19
1686089844.704502; 761620; 19
1686089844.754504; 761670; 19
1686089844.804507; 761720; 19
1686089844.854509; 761770; 19
1686089844.904502; 761820; 19
1686089844.954504; 761870; 19
1686089845.004508; 761920; 18
1686089845.054500; 761970; 18
1686089845.104509; 762020; 19
1686089845.154509; 762070; 19
1686089845.204502; 762120; 19
1686089845.254509; 762170; 19
1686089845.304502; 762220; 19
1686089845.354504; 762270; 19
1686089845.404507; 762320; 19
1686089845.454504; 762370; 19
1686089845.504508; 762420; 19
1686089845.554504; 762470; 19
1686089845.604508; 762520; 19
1686089845.654504; 762570; 19
1686089845.704508; 762620; 19
1686089845.754504; 762670; 19
1686089845.804508; 762720; 19
1686089845.854510; 762770; 19
1686089845.904508; 762820; 19
1686089845.954504; 762870; 19
1686089846.004508; 762920; 19
1686089846.054499; 762970; 19
1686089846.104504; 763020; 19
1686089846.154509; 763070; 19
1686089846.204508; 763120; 19
1686089846.254504; 763170; 19
1686089846.304507; 763220; 19
1686089846.354504; 763270; 19
1686089846.404508; 763320; 19
1686089846.454504; 763370; 19
1686089846.504507; 763420; 19
1686089846.554504; 763470; 19
1686089846.604502; 763520; 19
1686089846.654509; 763570; 19
1686089846.704507; 763620; 19
1686089846.754504; 763670; 19
1686089846.804508; 763720; 19
1686089846.854504; 763770; 19
1686089846.904502; 763820; 19
1686089846.954509; 763870; 19
1686089847.004507; 763920; 19
1686089847.054511; 763970; 19
1686089847.104509; 764020; 19
1686089847.154504; 764070; 19
1686089847.204508; 764120; 19
1686089847.254504; 764170; 19
1686089847.304508; 764220; 19
1686089847.354504; 764270; 19
1686089847.404508; 764320; 19
1686089847.454504; 764370; 19
1686089847.504502; 764420; 19
1686089847.554509; 764470; 19
1686089847.604507; 764520; 19
1686089847.654504; 764570; 19
1686089847.704502; 764620; 19
1686089847.754509; 764670; 19
1686089847.804508; 764720; 19
1686089847.854504; 764770; 19
1686089847.904508; 764820; 19
1686089847.954504; 764870; 19
1686089848.004515; 764920; 19
1686089848.054500; 764970; 19
1686089848.104509; 765020; 19
1686089848.154504; 765070; 19
1686089848.204521; 765120; 19
1686089848.254509; 765170; 19
1686089848.304522; 765220; 19
1686089848.354511; 765270; 19
1686089848.404508; 765320; 19
1686089848.454509; 765370; 19
1686089848.504502; 765420; 19
1686089848.554509; 765470; 19
1686089848.604502; 765520; 19
1686089848.654509; 765570; 19
1686089848.704502; 765620; 19
1686089848.754509; 765670; 19
1686089848.804502; 765720; 19
1686089848.854504; 765770; 19
1686089848.904508; 765820; 19
1686089848.954509; 765870; 19
1686089849.004502; 765920; 19
1686089849.054500; 765970; 19
1686089849.104509; 766020; 19
1686089849.154504; 766070; 19
1686089849.204508; 766120; 19
1686089849.254509; 766170; 19
1686089849.304502; 766220; 19
1686089849.354509; 766270; 19
1686089849.404502; 766320; 19
1686089849.454509; 766370; 19
1686089849.504502; 766420; 19
1686089849.554509; 766470; 19
1686089849.604502; 766520; 19
1686089849.654509; 766570; 19
1686089849.704502; 766620; 19
1686089849.754509; 766670; 19
1686089849.804502; 766720; 20
1686089849.854509; 766770; 20
1686089849.904502; 766820; 20
1686089849.954504; 766870; 20
1686089850.004508; 766920; 20
1686089850.054507; 766970; 20
1686089850.104509; 767020; 20
1686089850.154525; 767070; 20
1686089850.204502; 767120; 21
1686089850.254504; 767170; 21
1686089850.304508; 767220; 21
1686089850.354509; 767270; 21
1686089850.404502; 767320; 21
1686089850.454509; 767370; 21
1686089850.504502; 767420; 21
1686089850.554509; 767470; 21
1686089850.604502; 767520; 21
1686089850.654509; 767570; 21
1686089850.704502; 767620; 21
1686089850.754509; 767670; 21
1686089850.804502; 767720; 21
1686089850.854509; 767770; 22
1686089850.904508; 767820; 22
1686089850.954504; 767870; 22
1686089851.004508; 767920; 22
1686089851.054511; 767970; 22
1686089851.104509; 768020; 22
1686089851.154504; 768070; 22
1686089851.204502; 768120; 22
1686089851.254509; 768170; 22
1686089851.304502; 768220; 22
1686089851.354509; 768270; 22
1686089851.404508; 768320; 22
1686089851.454504; 768370; 22
1686089851.504508; 768420; 22
1686089851.554504; 768470; 22
1686089851.604502; 768520; 22
1686089851.654509; 768570; 21
1686089851.704502; 768620; 21
1686089851.754509; 768670; 21
1686089851.804502; 768720; 21
1686089851.854509; 768770; 21
1686089851.904508; 768820; 21
1686089851.954504; 768870; 21
1686089852.004502; 768920; 21
1686089852.054511; 768970; 21
1686089852.104504; 769020; 21
1686089852.154509; 769070; 21
1686089852.204502; 769120; 21
1686089852.254504; 769170; 21
1686089852.304520; 769220; 21
1686089852.354509; 769270; 21
1686089852.404508; 769320; 21
1686089852.454504; 769370; 21
1686089852.504533; 769420; 21
1686089852.554504; 769470; 21
1686089852.604507; 769520; 21
1686089852.654504; 769570; 21
1686089852.704507; 769620; 21
1686089852.754509; 769670; 21
1686089852.804502; 769720; 21
1686089852.854504; 769770; 21
1686089852.904508; 769820; 21
1686089852.954509; 769870; 21
1686089853.004502; 769920; 21
1686089853.054511; 769970; 21
1686089853.104504; 770020; 22
1686089853.154509; 770070; 22
1686089853.204502; 770120; 22
1686089853.254509; 770170; 22
1686089853.304502; 770220; 23
1686089853.354509; 770270; 23
1686089853.404502; 770320; 23
1686089853.454509; 770370; 23
1686089853.504502; 770420; 22
1686089853.554509; 770470; 22
1686089853.604502; 770520; 23
1686089853.654504; 770570; 23
1686089853.704508; 770620; 23
1686089853.754509; 770670; 23
1686089853.804502; 770720; 23
1686089853.854504; 770770; 23
1686089853.904508; 770820; 22
1686089853.954504; 770870; 22
1686089854.004508; 770920; 22
1686089854.054529; 770970; 22
1686089854.104509; 771020; 22
1686089854.154504; 771070; 22
1686089854.204508; 771120; 23
1686089854.254504; 771170; 23
1686089854.304507; 771220; 23
1686089854.354502; 771270; 23
1686089854.404508; 771320; 23
1686089854.454504; 771370; 23
1686089854.504508; 771420; 24
1686089854.554504; 771470; 24
1686089854.604508; 771520; 24
1686089854.654504; 771570; 24
1686089854.704508; 771620; 24
1686089854.754504; 771670; 24
1686089854.804508; 771720; 23
1686089854.854504; 771770; 23
1686089854.904522; 771820; 23
1686089854.954506; 771870; 23
1686089855.004502; 771920; 23
1686089855.054511; 771970; 23
1686089855.104509; 772020; 23
1686089855.154504; 772070; 24
1686089855.204508; 772120; 24
1686089855.254504; 772170; 25
1686089855.304508; 772220; 25
1686089855.354504; 772270; 23
1686089855.404502; 772320; 23
1686089855.454509; 772370; 22
1686089855.504502; 772420; 22
1686089855.554509; 772470; 21
1686089855.604502; 772520; 21
1686089855.654509; 772570; 21
1686089855.704508; 772620; 21
1686089855.754504; 772670; 22
1686089855.804508; 772720; 22
1686089855.854504; 772770; 22
1686089855.904508; 772820; 22
1686089855.954504; 772870; 22
1686089856.004508; 772920; 22
1686089856.054511; 772970; 22
1686089856.104504; 773020; 22
1686089856.154509; 773070; 23
1686089856.204502; 773120; 23
1686089856.254509; 773170; 23
1686089856.304502; 773220; 23
1686089856.354509; 773270; 23
1686089856.404508; 773320; 23
1686089856.454504; 773370; 24
1686089856.504501; 773420; 24
1686089856.554509; 773470; 25
1686089856.604502; 773520; 25
1686089856.654504; 773570; 25
1686089856.704499; 773620; 25
1686089856.754509; 773670; 24
1686089856.804502; 773720; 24
1686089856.854509; 773770; 24
1686089856.904502; 773820; 24
1686089856.954509; 773870; 25
1686089857.004502; 773920; 25
1686089857.054511; 773970; 25
1686089857.104504; 774020; 25
1686089857.154504; 774070; 25
1686089857.204508; 774120; 25
1686089857.254504; 774170; 25
1686089857.304508; 774220; 25
1686089857.354504; 774270; 25
1686089857.404508; 774320; 26
1686089857.454504; 774370; 26
1686089857.504507; 774420; 25
1686089857.554504; 774470; 25
1686089857.604508; 774520; 27
1686089857.654504; 774570; 27
1686089857.704507; 774620; 27
1686089857.754504; 774670; 27
1686089857.804508; 774720; 25
1686089857.854504; 774770; 25
1686089857.904508; 774820; 21
1686089857.954509; 774870; 21
1686089858.004502; 774920; 20
1686089858.054511; 774970; 20
1686089858.104504; 775020; 19
1686089858.154504; 775070; 19
1686089858.204508; 775120; 19
1686089858.254504; 775170; 19
1686089858.304508; 775220; 19
1686089858.354509; 775270; 19
1686089858.404502; 775320; 19
1686089858.454509; 775370; 19
1686089858.504502; 775420; 19
1686089858.554509; 775470; 19
1686089858.604502; 775520; 20
1686089858.654519; 775570; 20
1686089858.704502; 775620; 20
1686089858.754509; 775670; 20
1686089858.804502; 775720; 20
1686089858.854509; 775770; 20
1686089858.904502; 775820; 20
1686089858.954509; 775870; 20
1686089859.004508; 775920; 20
1686089859.054500; 775970; 20
1686089859.104504; 776020; 20
1686089859.154509; 776070; 20
1686089859.204502; 776120; 20
1686089859.254509; 776170; 20
1686089859.304502; 776220; 20
1686089859.354509; 776270; 20
1686089859.404502; 776320; 20
1686089859.454509; 776370; 20
1686089859.504508; 776420; 20
1686089859.554504; 776470; 20
1686089859.604508; 776520; 20
1686089859.654509; 776570; 20
1686089859.704502; 776620; 20
1686089859.754509; 776670; 20
1686089859.804508; 776720; 20
1686089859.854504; 776770; 20
1686089859.904502; 776820; 20
1686089859.954509; 776870; 21
1686089860.004502; 776920; 21
1686089860.054511; 776970; 21
1686089860.104504; 777020; 21
1686089860.154509; 777070; 21
1686089860.204502; 777120; 21
1686089860.254509; 777170; 21
1686089860.304502; 777220; 21
1686089860.354509; 777270; 21
1686089860.404508; 777320; 21
1686089860.454504; 777370; 20
1686089860.504508; 777420; 20
1686089860.554504; 777470; 20
1686089860.604502; 777520; 20
1686089860.654504; 777570; 21
1686089860.704508; 777620; 21
1686089860.754504; 777670; 21
1686089860.804529; 777720; 21
1686089860.854509; 777770; 21
1686089860.904502; 777820; 21
1686089860.954509; 777870; 21
1686089861.004502; 777920; 21
1686089861.054511; 777970; 21
1686089861.104504; 778020; 21
1686089861.154509; 778070; 21
1686089861.204502; 778120; 21
1686089861.254509; 778170; 21
1686089861.304502; 778220; 21
1686089861.354509; 778270; 21
1686089861.404502; 778320; 21
1686089861.454504; 778370; 21
1686089861.504511; 778420; 21
1686089861.554511; 778470; 21
1686089861.604508; 778520; 21
1686089861.654504; 778570; 21
1686089861.704507; 778620; 21
1686089861.754504; 778670; 21
1686089861.804508; 778720; 21
1686089861.854504; 778770; 21
1686089861.904508; 778820; 21
1686089861.954509; 778870; 21
1686089862.004502; 778920; 20
1686089862.054511; 778970; 20
1686089862.104504; 779020; 20
1686089862.154509; 779070; 20
1686089862.204502; 779120; 21
1686089862.254504; 779170; 21
1686089862.304508; 779220; 21
1686089862.354509; 779270; 21
1686089862.404502; 779320; 21
1686089862.454504; 779370; 21
1686089862.504508; 779420; 21
1686089862.554504; 779470; 21
1686089862.604508; 779520; 21
1686089862.654504; 779570; 21
1686089862.704507; 779620; 21
1686089862.754509; 779670; 21
1686089862.804502; 779720; 21
1686089862.854498; 779770; 21
1686089862.904502; 779820; 21
1686089862.954519; 779870; 21
1686089863.004502; 779920; 21
1686089863.054512; 779970; 21
1686089863.104509; 780020; 21
1686089863.154544; 780070; 21
1686089863.204508; 780120; 21
1686089863.254504; 780170; 21
1686089863.304508; 780220; 21
1686089863.354504; 780270; 21
1686089863.404502; 780320; 21
1686089863.454509; 780370; 21
1686089863.504502; 780420; 21
1686089863.554509; 780470; 21
1686089863.604502; 780520; 21
1686089863.654509; 780570; 21
1686089863.704502; 780620; 21
1686089863.754509; 780670; 21
1686089863.804502; 780720; 21
1686089863.854509; 780770; 21
1686089863.904508; 780820; 21
1686089863.954504; 780870; 21
1686089864.004508; 780920; 21
1686089864.054511; 780970; 21
1686089864.104509; 781020; 21
1686089864.154504; 781070; 21
1686089864.204502; 781120; 21
1686089864.254509; 781170; 22
1686089864.304502; 781220; 22
1686089864.354509; 781270; 22
1686089864.404508; 781320; 22
1686089864.454504; 781370; 24
1686089864.504502; 781420; 24
1686089864.554509; 781470; 25
1686089864.604502; 781520; 25
1686089864.654504; 781570; 26
1686089864.704508; 781620; 26
1686089864.754504; 781670; 27
1686089864.804508; 781720; 27
1686089864.854504; 781770; 28
1686089864.904502; 781820; 28
1686089864.954509; 781870; 28
1686089865.004508; 781920; 28
1686089865.054511; 781970; 28
1686089865.104504; 782020; 28
1686089865.154504; 782070; 28
1686089865.204503; 782120; 28
1686089865.254504; 782170; 28
1686089865.304524; 782220; 28
1686089865.354504; 782270; 28
1686089865.404508; 782320; 28
1686089865.454509; 782370; 28
1686089865.504502; 782420; 28
1686089865.554509; 782470; 29
1686089865.604502; 782520; 29
1686089865.654504; 782570; 30
1686089865.704508; 782620; 30
1686089865.754509; 782670; 31
1686089865.804502; 782720; 31
1686089865.854509; 782770; 31
1686089865.904502; 782820; 31
1686089865.954509; 782870; 31
1686089866.004502; 782920; 31
1686089866.054511; 782970; 31
1686089866.104504; 783020; 31
1686089866.154504; 783070; 32
1686089866.204507; 783120; 32
1686089866.254504; 783170; 35
1686089866.304507; 783220; 35
1686089866.354509; 783270; 38
1686089866.404502; 783320; 38
1686089866.454504; 783370; 34
1686089866.504508; 783420; 34
1686089866.554509; 783470; 34
1686089866.604502; 783520; 26
1686089866.654504; 783570; 26
1686089866.704508; 783620; 24
1686089866.754509; 783670; 24
1686089866.804502; 783720; 24
1686089866.854504; 783770; 24
1686089866.904507; 783820; 24
1686089866.954504; 783870; 24
1686089867.004507; 783920; 24
1686089867.054500; 783970; 24
1686089867.104509; 784020; 24
1686089867.154509; 784070; 24
1686089867.204502; 784120; 24
1686089867.254504; 784170; 24
1686089867.304508; 784220; 24
1686089867.354509; 784270; 24
1686089867.404502; 784320; 24
1686089867.454509; 784370; 24
1686089867.504507; 784420; 25
1686089867.554504; 784470; 25
1686089867.604508; 784520; 25
1686089867.654504; 784570; 25
1686089867.704508; 784620; 23
1686089867.754504; 784670; 23
1686089867.804507; 784720; 22
1686089867.854504; 784770; 22
1686089867.904502; 784820; 22
1686089867.954509; 784870; 22
1686089868.004502; 784920; 22
1686089868.054511; 784970; 22
1686089868.104524; 785020; 23
1686089868.154506; 785070; 23
1686089868.204502; 785120; 22
1686089868.254509; 785170; 22
1686089868.304508; 785220; 22
1686089868.354504; 785270; 22
1686089868.404507; 785320; 22
1686089868.454504; 785370; 22
1686089868.504508; 785420; 22
1686089868.554504; 785470; 22
1686089868.604508; 785520; 22
1686089868.654504; 785570; 22
1686089868.704508; 785620; 23
1686089868.754504; 785670; 23
1686089868.804508; 785720; 26
1686089868.854504; 785770; 26
1686089868.904508; 785820; 26
1686089868.954504; 785870; 27
1686089869.004508; 785920; 27
1686089869.054511; 785970; 25
1686089869.104504; 786020; 25
1686089869.154509; 786070; 23
1686089869.204502; 786120; 23
1686089869.254509; 786170; 23
1686089869.304507; 786220; 23
1686089869.354504; 786270; 23
1686089869.404508; 786320; 23
1686089869.454504; 786370; 23
1686089869.504508; 786420; 23
1686089869.554507; 786470; 23
1686089869.604508; 786520; 23
1686089869.654500; 786570; 23
1686089869.704508; 786620; 23
1686089869.754510; 786670; 23
1686089869.804502; 786720; 23
1686089869.854509; 786770; 24
1686089869.904502; 786820; 24
1686089869.954504; 786870; 24
1686089870.004508; 786920; 24
1686089870.054511; 786970; 25
1686089870.104509; 787020; 25
1686089870.154504; 787070; 25
1686089870.204507; 787120; 25
1686089870.254504; 787170; 24
1686089870.304508; 787220; 24
1686089870.354504; 787270; 24
1686089870.404508; 787320; 24
1686089870.454504; 787370; 24
1686089870.504508; 787420; 24
1686089870.554504; 787470; 24
1686089870.604508; 787520; 24
1686089870.654509; 787570; 24
1686089870.704502; 787620; 24
1686089870.754509; 787670; 24
1686089870.804502; 787720; 24
1686089870.854509; 787770; 25
1686089870.904502; 787820; 25
1686089870.954504; 787870; 25
1686089871.004507; 787920; 25
1686089871.054500; 787970; 25
1686089871.104509; 788020; 25
1686089871.154504; 788070; 26
1686089871.204508; 788120; 26
1686089871.254509; 788170; 26
1686089871.304502; 788220; 28
1686089871.354509; 788270; 28
1686089871.404502; 788320; 25
1686089871.454509; 788370; 25
1686089871.504502; 788420; 22
1686089871.554504; 788470; 22
1686089871.604502; 788520; 22
1686089871.654509; 788570; 22
1686089871.704502; 788620; 22
1686089871.754509; 788670; 22
1686089871.804508; 788720; 23
1686089871.854504; 788770; 23
1686089871.904508; 788820; 24
1686089871.954504; 788870; 24
1686089872.004502; 788920; 26
1686089872.054511; 788970; 26
1686089872.104504; 789020; 26
1686089872.154509; 789070; 26
1686089872.204502; 789120; 25
1686089872.254509; 789170; 25
1686089872.304508; 789220; 25
1686089872.354504; 789270; 25
1686089872.404508; 789320; 26
1686089872.454504; 789370; 26
1686089872.504502; 789420; 29
1686089872.554509; 789470; 29
1686089872.604502; 789520; 32
1686089872.654509; 789570; 32
1686089872.704502; 789620; 34
1686089872.754509; 789670; 34
1686089872.804508; 789720; 33
1686089872.854504; 789770; 33
1686089872.904502; 789820; 30
1686089872.954509; 789870; 30
1686089873.004502; 789920; 30
1686089873.054511; 789970; 30
1686089873.104504; 790020; 30
1686089873.154509; 790070; 30
1686089873.204502; 790120; 32
1686089873.254509; 790170; 32
1686089873.304508; 790220; 33
1686089873.354504; 790270; 33
1686089873.404508; 790320; 30
1686089873.454504; 790370; 30
1686089873.504501; 790420; 30
1686089873.554509; 790470; 34
1686089873.604502; 790520; 34
1686089873.654509; 790570; 44
1686089873.704502; 790620; 44
1686089873.754509; 790670; 32
1686089873.804517; 790720; 32
1686089873.854509; 790770; 28
1686089873.904502; 790820; 28
1686089873.954504; 790870; 25
1686089874.004508; 790920; 25
1686089874.054511; 790970; 23
1686089874.104504; 791020; 23
1686089874.154509; 791070; 22
1686089874.204502; 791120; 22
1686089874.254509; 791170; 21
1686089874.304502; 791220; 21
1686089874.354509; 791270; 22
1686089874.404502; 791320; 22
1686089874.454509; 791370; 22
1686089874.504502; 791420; 22
1686089874.554504; 791470; 22
1686089874.604507; 791520; 22
1686089874.654504; 791570; 23
1686089874.704518; 791620; 23
1686089874.754511; 791670; 24
1686089874.804508; 791720; 24
1686089874.854509; 791770; 24
1686089874.904502; 791820; 24
1686089874.954504; 791870; 24
1686089875.004508; 791920; 24
1686089875.054511; 791970; 25
1686089875.104509; 792020; 25
1686089875.154509; 792070; 25
1686089875.204502; 792120; 25
1686089875.254504; 792170; 26
1686089875.304508; 792220; 26
1686089875.354509; 792270; 27
1686089875.404502; 792320; 27
1686089875.454509; 792370; 25
1686089875.504502; 792420; 25
1686089875.554509; 792470; 26
1686089875.604502; 792520; 26
1686089875.654521; 792570; 23
1686089875.704502; 792620; 23
1686089875.754509; 792670; 20
1686089875.804502; 792720; 20
1686089875.854502; 792770; 20
1686089875.904507; 792820; 19
1686089875.954504; 792870; 19
1686089876.004508; 792920; 19
1686089876.054511; 792970; 19
1686089876.104504; 793020; 19
1686089876.154509; 793070; 19
1686089876.204502; 793120; 19
1686089876.254509; 793170; 19
1686089876.304508; 793220; 19
1686089876.354504; 793270; 19
1686089876.404508; 793320; 19
1686089876.454504; 793370; 19
1686089876.504508; 793420; 19
1686089876.554504; 793470; 19
1686089876.604507; 793520; 19
1686089876.654509; 793570; 19
1686089876.704502; 793620; 19
1686089876.754509; 793670; 19
1686089876.804502; 793720; 19
1686089876.854509; 793770; 19
1686089876.904502; 793820; 19
1686089876.954509; 793870; 19
1686089877.004502; 793920; 19
1686089877.054511; 793970; 19
1686089877.104509; 794020; 19
1686089877.154504; 794070; 19
1686089877.204508; 794120; 19
1686089877.254504; 794170; 19
1686089877.304508; 794220; 19
1686089877.354504; 794270; 19
1686089877.404507; 794320; 19
1686089877.454504; 794370; 19
1686089877.504508; 794420; 19
1686089877.554504; 794470; 19
1686089877.604507; 794520; 19
1686089877.654504; 794570; 19
1686089877.704499; 794620; 19
1686089877.754504; 794670; 19
1686089877.804508; 794720; 19
1686089877.854504; 794770; 19
1686089877.904502; 794820; 19
1686089877.954504; 794870; 19
1686089878.004508; 794920; 19
1686089878.054500; 794970; 19
1686089878.104509; 795020; 19
1686089878.154504; 795070; 19
1686089878.204507; 795120; 19
1686089878.254504; 795170; 20
1686089878.304508; 795220; 20
1686089878.354504; 795270; 20
1686089878.404508; 795320; 20
1686089878.454504; 795370; 20
1686089878.504508; 795420; 20
1686089878.554504; 795470; 20
1686089878.604507; 795520; 20
1686089878.654504; 795570; 20
1686089878.704508; 795620; 20
1686089878.754509; 795670; 20
1686089878.804502; 795720; 20
1686089878.854504; 795770; 20
1686089878.904508; 795820; 20
1686089878.954504; 795870; 20
1686089879.004508; 795920; 20
1686089879.054500; 795970; 20
1686089879.104509; 796020; 20
1686089879.154504; 796070; 20
1686089879.204508; 796120; 20
1686089879.254509; 796170; 20
1686089879.304502; 796220; 20
1686089879.354509; 796270; 20
1686089879.404502; 796320; 20
1686089879.454509; 796370; 20
1686089879.504502; 796420; 20
1686089879.554509; 796470; 20
1686089879.604502; 796520; 20
1686089879.654504; 796570; 20
1686089879.704508; 796620; 20
1686089879.754509; 796670; 20
1686089879.804502; 796720; 20
1686089879.854509; 796770; 20
1686089879.904502; 796820; 20
1686089879.954518; 796870; 20
1686089880.004502; 796920; 20
1686089880.054511; 796970; 20
1686089880.104504; 797020; 20
1686089880.154508; 797070; 20
1686089880.204508; 797120; 20
1686089880.254504; 797170; 20
1686089880.304507; 797220; 20
1686089880.354504; 797270; 20
1686089880.404502; 797320; 20
1686089880.454509; 797370; 20
1686089880.504502; 797420; 20
1686089880.554509; 797470; 20
1686089880.604502; 797520; 20
1686089880.654509; 797570; 20
1686089880.704508; 797620; 20
1686089880.754504; 797670; 20
1686089880.804508; 797720; 20
1686089880.854504; 797770; 20
1686089880.904508; 797820; 20
1686089880.954504; 797870; 20
1686089881.004507; 797920; 20
1686089881.054511; 797970; 20
1686089881.104504; 798020; 20
1686089881.154509; 798070; 20
1686089881.204502; 798120; 20
1686089881.254509; 798170; 20
1686089881.304511; 798220; 20
1686089881.354510; 798270; 20
1686089881.404507; 798320; 20
1686089881.454504; 798370; 20
1686089881.504508; 798420; 20
1686089881.554504; 798470; 20
1686089881.604508; 798520; 20
1686089881.654504; 798570; 20
1686089881.704502; 798620; 20
1686089881.754509; 798670; 20
1686089881.804508; 798720; 20
1686089881.854504; 798770; 20
