1686086068.337954; 553508; 4
1686086068.386878; 553558; 4
1686086068.436876; 553608; 4
1686086068.486874; 553658; 4
1686086068.536872; 553708; 4
1686086068.586870; 553758; 4
1686086068.636886; 553808; 4
1686086068.686871; 553858; 4
1686086068.736876; 553908; 4
1686086068.786874; 553958; 4
1686086068.836872; 554008; 4
1686086068.886870; 554058; 4
1686086068.936872; 554108; 4
1686086068.986870; 554158; 4
1686086069.036872; 554208; 4
1686086069.086876; 554258; 4
1686086069.136872; 554308; 4
1686086069.186874; 554358; 4
1686086069.236872; 554408; 4
1686086069.286870; 554458; 4
1686086069.336872; 554508; 4
1686086069.386870; 554558; 4
1686086069.436876; 554608; 4
1686086069.486874; 554658; 4
1686086069.536872; 554708; 4
1686086069.586874; 554758; 4
1686086069.636872; 554808; 4
1686086069.686870; 554858; 4
1686086069.736876; 554908; 4
1686086069.786874; 554958; 4
1686086069.836872; 555008; 4
1686086069.886871; 555058; 4
1686086069.936876; 555108; 4
1686086069.986874; 555158; 4
1686086070.036872; 555208; 4
1686086070.086876; 555258; 4
1686086070.136872; 555308; 4
1686086070.186874; 555358; 4
1686086070.236872; 555408; 4
1686086070.286874; 555458; 4
1686086070.336872; 555508; 4
1686086070.386870; 555558; 4
1686086070.436876; 555608; 4
1686086070.486874; 555658; 4
1686086070.536872; 555708; 4
1686086070.586870; 555758; 4
1686086070.636876; 555808; 4
1686086070.686871; 555858; 4
1686086070.736876; 555908; 4
1686086070.786882; 555958; 4
1686086070.836876; 556008; 4
1686086070.886874; 556058; 4
1686086070.936872; 556108; 4
1686086070.986880; 556158; 4
1686086071.036876; 556208; 4
1686086071.086876; 556258; 4
1686086071.136872; 556308; 4
1686086071.186870; 556358; 4
1686086071.236872; 556408; 4
1686086071.286871; 556458; 4
1686086071.336876; 556508; 4
1686086071.386870; 556558; 4
1686086071.436876; 556608; 4
1686086071.486870; 556658; 4
1686086071.536872; 556708; 4
1686086071.586870; 556758; 4
1686086071.636876; 556808; 4
1686086071.686874; 556858; 4
1686086071.736872; 556908; 4
1686086071.786871; 556958; 4
1686086071.836872; 557008; 4
1686086071.886870; 557058; 4
1686086071.936872; 557108; 4
1686086071.986871; 557158; 4
1686086072.036872; 557208; 4
1686086072.086872; 557258; 4
1686086072.136872; 557308; 4
1686086072.186870; 557358; 4
1686086072.236872; 557408; 4
1686086072.286871; 557458; 4
1686086072.336876; 557508; 4
1686086072.386874; 557558; 4
1686086072.436872; 557608; 4
1686086072.486871; 557658; 4
1686086072.536876; 557708; 4
1686086072.586874; 557758; 4
1686086072.636872; 557808; 4
1686086072.686871; 557858; 4
1686086072.736876; 557908; 4
1686086072.786874; 557958; 4
1686086072.836871; 558008; 4
1686086072.886874; 558058; 4
1686086072.936876; 558108; 4
1686086072.986874; 558158; 4
1686086073.036872; 558208; 4
1686086073.086872; 558258; 4
1686086073.136872; 558308; 4
1686086073.186871; 558358; 4
1686086073.236872; 558408; 4
1686086073.286871; 558458; 4
1686086073.336876; 558508; 4
1686086073.386870; 558558; 4
1686086073.436876; 558608; 4
1686086073.486874; 558658; 4
1686086073.536872; 558708; 4
1686086073.586870; 558758; 4
1686086073.636876; 558808; 4
1686086073.686871; 558858; 4
1686086073.736876; 558908; 4
1686086073.786874; 558958; 4
1686086073.836872; 559008; 4
1686086073.886870; 559058; 4
1686086073.936872; 559108; 4
1686086073.986874; 559158; 4
1686086074.036872; 559208; 4
1686086074.086872; 559258; 4
1686086074.136874; 559308; 4
1686086074.186870; 559358; 4
1686086074.236876; 559408; 4
1686086074.286874; 559458; 4
1686086074.336872; 559508; 4
1686086074.386870; 559558; 4
1686086074.436876; 559608; 4
1686086074.486870; 559658; 4
1686086074.536876; 559708; 4
1686086074.586874; 559758; 4
1686086074.636872; 559808; 4
1686086074.686874; 559858; 4
1686086074.736872; 559908; 4
1686086074.786871; 559958; 4
1686086074.836876; 560008; 4
1686086074.886874; 560058; 4
1686086074.936872; 560108; 4
1686086074.986871; 560158; 4
1686086075.036876; 560208; 4
1686086075.086872; 560258; 4
1686086075.136872; 560308; 4
1686086075.186896; 560358; 4
1686086075.236883; 560408; 4
1686086075.286884; 560458; 4
1686086075.336872; 560508; 4
1686086075.386870; 560558; 4
1686086075.436876; 560608; 4
1686086075.486874; 560658; 5
1686086075.536876; 560708; 5
1686086075.586874; 560758; 4
1686086075.636872; 560808; 4
1686086075.686870; 560858; 4
1686086075.736876; 560908; 4
1686086075.786874; 560958; 4
1686086075.836872; 561008; 4
1686086075.886870; 561058; 4
1686086075.936872; 561108; 4
1686086075.986871; 561158; 4
1686086076.036876; 561208; 4
1686086076.086876; 561258; 4
1686086076.136872; 561308; 4
1686086076.186870; 561358; 4
1686086076.236876; 561408; 4
1686086076.286874; 561458; 4
1686086076.336876; 561508; 4
1686086076.386874; 561558; 4
1686086076.436872; 561608; 4
1686086076.486871; 561658; 4
1686086076.536876; 561708; 4
1686086076.586874; 561758; 4
1686086076.636872; 561808; 4
1686086076.686871; 561858; 4
1686086076.736876; 561908; 4
1686086076.786874; 561958; 4
1686086076.836872; 562008; 4
1686086076.886871; 562058; 4
1686086076.936876; 562108; 4
1686086076.986874; 562158; 4
1686086077.036876; 562208; 4
1686086077.086876; 562258; 4
1686086077.136881; 562308; 4
1686086077.186874; 562358; 4
1686086077.236872; 562408; 4
1686086077.286871; 562458; 4
1686086077.336871; 562508; 4
1686086077.386874; 562558; 4
1686086077.436876; 562608; 4
1686086077.486874; 562658; 4
1686086077.536872; 562708; 4
1686086077.586870; 562758; 4
1686086077.636876; 562808; 4
1686086077.686874; 562858; 4
1686086077.736872; 562908; 4
1686086077.786871; 562958; 4
1686086077.836876; 563008; 4
1686086077.886874; 563058; 4
1686086077.936872; 563108; 4
1686086077.986874; 563158; 4
1686086078.036872; 563208; 4
1686086078.086872; 563258; 4
1686086078.136874; 563308; 4
1686086078.186874; 563358; 4
1686086078.236872; 563408; 4
1686086078.286870; 563458; 4
1686086078.336876; 563508; 4
1686086078.386871; 563558; 4
1686086078.436876; 563608; 4
1686086078.486871; 563658; 4
1686086078.536876; 563708; 4
1686086078.586874; 563758; 4
1686086078.636872; 563808; 4
1686086078.686871; 563858; 4
1686086078.736876; 563908; 4
1686086078.786874; 563958; 4
1686086078.836872; 564008; 4
1686086078.886870; 564058; 4
1686086078.936872; 564108; 4
1686086078.986870; 564158; 4
1686086079.036872; 564208; 4
1686086079.086872; 564258; 4
1686086079.136872; 564308; 4
1686086079.186874; 564358; 4
1686086079.236872; 564408; 4
1686086079.286880; 564458; 4
1686086079.336876; 564508; 4
1686086079.386874; 564558; 4
1686086079.436872; 564608; 4
1686086079.486876; 564658; 4
1686086079.536872; 564708; 4
1686086079.586870; 564758; 4
1686086079.636872; 564808; 4
1686086079.686871; 564858; 4
1686086079.736876; 564908; 4
1686086079.786874; 564958; 4
1686086079.836876; 565008; 4
1686086079.886874; 565058; 4
1686086079.936872; 565108; 4
1686086079.986871; 565158; 4
1686086080.036872; 565208; 4
1686086080.086876; 565258; 4
1686086080.136874; 565308; 4
1686086080.186871; 565358; 4
1686086080.236876; 565408; 4
1686086080.286874; 565458; 4
1686086080.336872; 565508; 4
1686086080.386874; 565558; 4
1686086080.436872; 565608; 4
1686086080.486871; 565658; 4
1686086080.536876; 565708; 4
1686086080.586874; 565758; 4
1686086080.636872; 565808; 4
1686086080.686870; 565858; 4
1686086080.736876; 565908; 4
1686086080.786871; 565958; 4
1686086080.836872; 566008; 4
1686086080.886871; 566058; 4
1686086080.936876; 566108; 4
1686086080.986871; 566158; 4
1686086081.036876; 566208; 4
1686086081.086876; 566258; 4
1686086081.136874; 566308; 4
1686086081.186871; 566358; 4
1686086081.236872; 566408; 4
1686086081.286871; 566458; 4
1686086081.336872; 566508; 4
1686086081.386870; 566558; 4
1686086081.436894; 566608; 4
1686086081.486874; 566658; 4
1686086081.536876; 566708; 4
1686086081.586874; 566758; 4
1686086081.636872; 566808; 4
1686086081.686871; 566858; 4
1686086081.736876; 566908; 4
1686086081.786870; 566958; 4
1686086081.836872; 567008; 4
1686086081.886871; 567058; 4
1686086081.936876; 567108; 4
1686086081.986870; 567158; 4
1686086082.036896; 567208; 4
1686086082.086874; 567258; 4
1686086082.136872; 567308; 4
1686086082.186870; 567358; 4
1686086082.236876; 567408; 4
1686086082.286874; 567458; 4
1686086082.336872; 567508; 4
1686086082.386870; 567558; 4
1686086082.436872; 567608; 4
1686086082.486874; 567658; 4
1686086082.536872; 567708; 4
1686086082.586870; 567758; 4
1686086082.636876; 567808; 4
1686086082.686870; 567858; 4
1686086082.736876; 567908; 4
1686086082.786874; 567958; 4
1686086082.836872; 568008; 4
1686086082.886870; 568058; 4
1686086082.936872; 568108; 4
1686086082.986871; 568158; 4
1686086083.036876; 568208; 4
1686086083.086876; 568258; 4
1686086083.136872; 568308; 4
1686086083.186871; 568358; 4
1686086083.236876; 568408; 4
1686086083.286874; 568458; 4
1686086083.336872; 568508; 4
1686086083.386870; 568558; 4
1686086083.436876; 568608; 4
1686086083.486875; 568658; 4
1686086083.536872; 568708; 4
1686086083.586883; 568758; 4
1686086083.636876; 568808; 4
1686086083.686871; 568858; 4
1686086083.736876; 568908; 4
1686086083.786899; 568958; 4
1686086083.836876; 569008; 4
1686086083.886874; 569058; 4
1686086083.936872; 569108; 4
1686086083.986871; 569158; 4
1686086084.036876; 569208; 4
1686086084.086876; 569258; 4
1686086084.136872; 569308; 4
1686086084.186871; 569358; 4
1686086084.236876; 569408; 4
1686086084.286874; 569458; 4
1686086084.336872; 569508; 4
1686086084.386874; 569558; 4
1686086084.436876; 569608; 4
1686086084.486874; 569658; 4
1686086084.536872; 569708; 4
1686086084.586871; 569758; 4
1686086084.636876; 569808; 4
1686086084.686874; 569858; 4
1686086084.736872; 569908; 4
1686086084.786871; 569958; 4
1686086084.836876; 570008; 4
1686086084.886874; 570058; 4
1686086084.936872; 570108; 4
1686086084.986870; 570158; 4
1686086085.036872; 570208; 4
1686086085.086872; 570258; 4
1686086085.136874; 570308; 4
1686086085.186871; 570358; 4
1686086085.236876; 570408; 4
1686086085.286874; 570458; 4
1686086085.336872; 570508; 4
1686086085.386870; 570558; 4
1686086085.436876; 570608; 4
1686086085.486874; 570658; 4
1686086085.536872; 570708; 4
1686086085.586871; 570758; 4
1686086085.636872; 570808; 4
1686086085.686870; 570858; 4
1686086085.736876; 570908; 4
1686086085.786874; 570958; 4
1686086085.836871; 571008; 4
1686086085.886870; 571058; 4
1686086085.936872; 571108; 4
1686086085.986870; 571158; 4
1686086086.036876; 571208; 4
1686086086.086876; 571258; 4
1686086086.136872; 571308; 4
1686086086.186871; 571358; 4
1686086086.236872; 571408; 4
1686086086.286874; 571458; 4
1686086086.336872; 571508; 4
1686086086.386870; 571558; 4
1686086086.436876; 571608; 4
1686086086.486874; 571658; 4
1686086086.536872; 571708; 4
1686086086.586871; 571758; 4
1686086086.636876; 571808; 4
1686086086.686870; 571858; 4
1686086086.736872; 571908; 4
1686086086.786870; 571958; 4
1686086086.836872; 572008; 4
1686086086.886874; 572058; 4
1686086086.936872; 572108; 4
1686086086.986870; 572158; 4
1686086087.036872; 572208; 4
1686086087.086876; 572258; 4
1686086087.136872; 572308; 4
1686086087.186871; 572358; 4
1686086087.236876; 572408; 4
1686086087.286871; 572458; 4
1686086087.336872; 572508; 4
1686086087.386870; 572558; 4
1686086087.436876; 572608; 4
1686086087.486874; 572658; 4
1686086087.536872; 572708; 4
1686086087.586871; 572758; 4
1686086087.636872; 572808; 4
1686086087.686874; 572858; 4
1686086087.736872; 572908; 4
1686086087.786870; 572958; 4
1686086087.836872; 573008; 4
1686086087.886871; 573058; 4
1686086087.936876; 573108; 4
1686086087.986874; 573158; 4
1686086088.036872; 573208; 4
1686086088.086876; 573258; 4
1686086088.136872; 573308; 4
1686086088.186870; 573358; 4
1686086088.236872; 573408; 4
1686086088.286874; 573458; 4
1686086088.336876; 573508; 4
1686086088.386870; 573558; 4
1686086088.436872; 573608; 4
1686086088.486871; 573658; 4
1686086088.536872; 573708; 4
1686086088.586871; 573758; 4
1686086088.636876; 573808; 4
1686086088.686874; 573858; 4
1686086088.736872; 573908; 4
1686086088.786871; 573958; 4
1686086088.836894; 574008; 4
1686086088.886876; 574058; 4
1686086088.936876; 574108; 4
1686086088.986871; 574158; 4
1686086089.036876; 574208; 4
1686086089.086876; 574258; 4
1686086089.136874; 574308; 4
1686086089.186871; 574358; 4
1686086089.236876; 574408; 4
1686086089.286874; 574458; 4
1686086089.336872; 574508; 4
1686086089.386874; 574558; 4
1686086089.436872; 574608; 4
1686086089.486871; 574658; 4
1686086089.536876; 574708; 4
1686086089.586874; 574758; 4
1686086089.636872; 574808; 4
1686086089.686871; 574858; 4
1686086089.736876; 574908; 4
1686086089.786874; 574958; 4
1686086089.836872; 575008; 4
1686086089.886870; 575058; 4
1686086089.936876; 575108; 4
1686086089.986871; 575158; 4
1686086090.036876; 575208; 4
1686086090.086872; 575258; 4
1686086090.136875; 575308; 4
1686086090.186871; 575358; 4
1686086090.236876; 575408; 4
1686086090.286870; 575458; 4
1686086090.336876; 575508; 4
1686086090.386871; 575558; 4
1686086090.436876; 575608; 4
1686086090.486874; 575658; 4
1686086090.536872; 575708; 4
1686086090.586870; 575758; 4
1686086090.636872; 575808; 4
1686086090.686871; 575858; 4
1686086090.736876; 575908; 4
1686086090.786874; 575958; 4
1686086090.836872; 576008; 4
1686086090.886870; 576058; 4
1686086090.936872; 576108; 4
1686086090.986870; 576158; 4
1686086091.036872; 576208; 4
1686086091.086876; 576258; 4
1686086091.136872; 576308; 4
1686086091.186874; 576358; 4
1686086091.236872; 576408; 4
1686086091.286871; 576458; 4
1686086091.336876; 576508; 4
1686086091.386870; 576558; 4
1686086091.436876; 576608; 4
1686086091.486870; 576658; 4
1686086091.536872; 576708; 4
1686086091.586874; 576758; 4
1686086091.636872; 576808; 4
1686086091.686871; 576858; 4
1686086091.736876; 576908; 4
1686086091.786870; 576958; 4
1686086091.836872; 577008; 4
1686086091.886874; 577058; 4
1686086091.936872; 577108; 4
1686086091.986871; 577158; 4
1686086092.036876; 577208; 4
1686086092.086876; 577258; 4
1686086092.136872; 577308; 4
1686086092.186874; 577358; 4
1686086092.236872; 577408; 4
1686086092.286871; 577458; 4
1686086092.336872; 577508; 4
1686086092.386874; 577558; 4
1686086092.436876; 577608; 4
1686086092.486874; 577658; 4
1686086092.536872; 577708; 4
1686086092.586871; 577758; 4
1686086092.636876; 577808; 4
1686086092.686870; 577858; 4
1686086092.736876; 577908; 4
1686086092.786874; 577958; 4
1686086092.836876; 578008; 4
1686086092.886874; 578058; 4
1686086092.936872; 578108; 4
1686086092.986871; 578158; 4
1686086093.036872; 578208; 4
1686086093.086876; 578258; 4
1686086093.136872; 578308; 4
1686086093.186871; 578358; 4
1686086093.236872; 578408; 4
1686086093.286871; 578458; 4
1686086093.336876; 578508; 4
1686086093.386870; 578558; 4
1686086093.436872; 578608; 4
1686086093.486870; 578658; 4
1686086093.536872; 578708; 4
1686086093.586870; 578758; 4
1686086093.636876; 578808; 4
1686086093.686874; 578858; 4
1686086093.736872; 578908; 4
1686086093.786870; 578958; 4
1686086093.836872; 579008; 4
1686086093.886871; 579058; 4
1686086093.936876; 579108; 4
1686086093.986874; 579158; 4
1686086094.036876; 579208; 4
1686086094.086876; 579258; 4
1686086094.136872; 579308; 4
1686086094.186871; 579358; 4
1686086094.236898; 579408; 4
1686086094.286871; 579458; 4
1686086094.336872; 579508; 4
1686086094.386870; 579558; 4
1686086094.436882; 579608; 4
1686086094.486874; 579658; 4
1686086094.536872; 579708; 4
1686086094.586874; 579758; 4
1686086094.636872; 579808; 4
1686086094.686870; 579858; 4
1686086094.736876; 579908; 4
1686086094.786874; 579958; 4
1686086094.836872; 580008; 4
1686086094.886871; 580058; 4
1686086094.936876; 580108; 4
1686086094.986870; 580158; 4
1686086095.036872; 580208; 4
1686086095.086872; 580258; 4
1686086095.136872; 580308; 4
1686086095.186871; 580358; 4
1686086095.236876; 580408; 4
1686086095.286870; 580458; 4
1686086095.336876; 580508; 4
1686086095.386870; 580558; 4
1686086095.436876; 580608; 4
1686086095.486871; 580658; 4
1686086095.536876; 580708; 4
1686086095.586870; 580758; 4
1686086095.636872; 580808; 4
1686086095.686895; 580858; 4
1686086095.736874; 580908; 4
1686086095.786874; 580958; 4
1686086095.836872; 581008; 4
1686086095.886874; 581058; 4
1686086095.936872; 581108; 4
1686086095.986870; 581158; 4
1686086096.036876; 581208; 4
1686086096.086876; 581258; 4
1686086096.136872; 581308; 4
1686086096.186871; 581358; 4
1686086096.236872; 581408; 4
1686086096.286874; 581458; 4
1686086096.336872; 581508; 4
1686086096.386886; 581558; 4
1686086096.436872; 581608; 4
1686086096.486874; 581658; 4
1686086096.536872; 581708; 4
1686086096.586886; 581758; 4
1686086096.636876; 581808; 4
1686086096.686874; 581858; 4
1686086096.736872; 581908; 4
1686086096.786871; 581958; 4
1686086096.836872; 582008; 4
1686086096.886871; 582058; 4
1686086096.936872; 582108; 4
1686086096.986871; 582158; 4
1686086097.036872; 582208; 4
1686086097.086872; 582258; 4
1686086097.136874; 582308; 4
1686086097.186871; 582358; 4
1686086097.236876; 582408; 4
1686086097.286874; 582458; 4
1686086097.336872; 582508; 4
1686086097.386874; 582558; 4
1686086097.436872; 582608; 4
1686086097.486870; 582658; 4
1686086097.536872; 582708; 4
1686086097.586871; 582758; 4
1686086097.636876; 582808; 4
1686086097.686874; 582858; 4
1686086097.736876; 582908; 4
1686086097.786874; 582958; 4
1686086097.836872; 583008; 4
1686086097.886870; 583058; 4
1686086097.936876; 583108; 4
1686086097.986870; 583158; 4
1686086098.036876; 583208; 4
1686086098.086876; 583258; 4
1686086098.136872; 583308; 4
1686086098.186871; 583358; 4
1686086098.236876; 583408; 4
1686086098.286874; 583458; 4
1686086098.336872; 583508; 4
1686086098.386871; 583558; 4
1686086098.436871; 583608; 4
1686086098.486874; 583658; 4
1686086098.536876; 583708; 4
1686086098.586870; 583758; 4
1686086098.636873; 583808; 4
1686086098.686870; 583858; 4
1686086098.736876; 583908; 4
1686086098.786870; 583958; 4
1686086098.836876; 584008; 4
1686086098.886874; 584058; 4
1686086098.936872; 584108; 4
1686086098.986871; 584158; 4
1686086099.036876; 584208; 4
1686086099.086872; 584258; 4
1686086099.136874; 584308; 4
1686086099.186871; 584358; 4
1686086099.236872; 584408; 4
1686086099.286870; 584458; 4
1686086099.336900; 584508; 4
1686086099.386870; 584558; 4
1686086099.436876; 584608; 4
1686086099.486870; 584658; 4
1686086099.536872; 584708; 4
1686086099.586870; 584758; 4
1686086099.636876; 584808; 4
1686086099.686870; 584858; 4
1686086099.736876; 584908; 4
1686086099.786874; 584958; 4
1686086099.836872; 585008; 4
1686086099.886870; 585058; 4
1686086099.936876; 585108; 4
1686086099.986874; 585158; 4
1686086100.036872; 585208; 4
1686086100.086876; 585258; 4
1686086100.136872; 585308; 4
1686086100.186874; 585358; 4
1686086100.236872; 585408; 4
1686086100.286874; 585458; 4
1686086100.336872; 585508; 4
1686086100.386870; 585558; 4
1686086100.436876; 585608; 4
1686086100.486874; 585658; 4
1686086100.536872; 585708; 4
1686086100.586876; 585758; 4
1686086100.636872; 585808; 4
1686086100.686871; 585858; 4
1686086100.736872; 585908; 4
1686086100.786869; 585958; 4
1686086100.836872; 586008; 4
1686086100.886871; 586058; 4
1686086100.936876; 586108; 4
1686086100.986874; 586158; 4
1686086101.036876; 586208; 4
1686086101.086876; 586258; 4
1686086101.136872; 586308; 4
1686086101.186871; 586358; 4
1686086101.236876; 586408; 4
1686086101.286874; 586458; 4
1686086101.336876; 586508; 4
1686086101.386871; 586558; 4
1686086101.436872; 586608; 4
1686086101.486870; 586658; 4
1686086101.536872; 586708; 4
1686086101.586870; 586758; 4
1686086101.636872; 586808; 4
1686086101.686870; 586858; 4
1686086101.736872; 586908; 4
1686086101.786870; 586958; 4
1686086101.836872; 587008; 4
1686086101.886871; 587058; 4
1686086101.936872; 587108; 4
1686086101.986871; 587158; 4
1686086102.036872; 587208; 4
1686086102.086872; 587258; 4
1686086102.136872; 587308; 4
1686086102.186871; 587358; 4
1686086102.236876; 587408; 4
1686086102.286874; 587458; 4
1686086102.336872; 587508; 4
1686086102.386870; 587558; 4
1686086102.436876; 587608; 4
1686086102.486889; 587658; 4
1686086102.536878; 587708; 4
1686086102.586874; 587758; 4
1686086102.636872; 587808; 4
1686086102.686871; 587858; 4
1686086102.736891; 587908; 4
1686086102.786871; 587958; 4
1686086102.836876; 588008; 4
1686086102.886874; 588058; 4
1686086102.936881; 588108; 4
1686086102.986874; 588158; 4
1686086103.036872; 588208; 4
1686086103.086876; 588258; 4
1686086103.136872; 588308; 4
1686086103.186874; 588358; 4
1686086103.236872; 588408; 4
1686086103.286870; 588458; 4
1686086103.336876; 588508; 4
1686086103.386870; 588558; 4
1686086103.436872; 588608; 4
1686086103.486874; 588658; 4
1686086103.536872; 588708; 4
1686086103.586870; 588758; 4
1686086103.636872; 588808; 4
1686086103.686874; 588858; 4
1686086103.736872; 588908; 4
1686086103.786874; 588958; 4
1686086103.836872; 589008; 4
1686086103.886874; 589058; 4
1686086103.936872; 589108; 4
1686086103.986871; 589158; 4
1686086104.036876; 589208; 4
1686086104.086872; 589258; 4
1686086104.136874; 589308; 4
1686086104.186871; 589358; 4
1686086104.236876; 589408; 4
1686086104.286870; 589458; 4
1686086104.336872; 589508; 4
1686086104.386874; 589558; 4
1686086104.436872; 589608; 4
1686086104.486874; 589658; 4
1686086104.536872; 589708; 4
1686086104.586871; 589758; 4
1686086104.636872; 589808; 4
1686086104.686872; 589858; 4
1686086104.736871; 589908; 4
1686086104.786871; 589958; 4
1686086104.836871; 590008; 4
1686086104.886871; 590058; 4
1686086104.936872; 590108; 4
1686086104.986870; 590158; 4
1686086105.036872; 590208; 4
1686086105.086879; 590258; 4
1686086105.136872; 590308; 4
1686086105.186871; 590358; 4
1686086105.236872; 590408; 4
1686086105.286871; 590458; 4
1686086105.336872; 590508; 4
1686086105.386870; 590558; 4
1686086105.436876; 590608; 4
1686086105.486874; 590658; 4
1686086105.536872; 590708; 4
1686086105.586871; 590758; 4
1686086105.636876; 590808; 4
1686086105.686871; 590858; 4
1686086105.736876; 590908; 4
1686086105.786874; 590958; 4
1686086105.836872; 591008; 4
1686086105.886871; 591058; 4
1686086105.936876; 591108; 4
1686086105.986874; 591158; 4
1686086106.036872; 591208; 4
1686086106.086876; 591258; 4
1686086106.136872; 591308; 4
1686086106.186871; 591358; 4
1686086106.236872; 591408; 4
1686086106.286871; 591458; 4
1686086106.336876; 591508; 4
1686086106.386870; 591558; 4
1686086106.436876; 591608; 4
1686086106.486874; 591658; 4
1686086106.536872; 591708; 4
1686086106.586870; 591758; 4
1686086106.636876; 591808; 4
1686086106.686874; 591858; 4
1686086106.736876; 591908; 4
1686086106.786874; 591958; 4
1686086106.836872; 592008; 4
1686086106.886870; 592058; 4
1686086106.936875; 592108; 4
1686086106.986870; 592158; 4
1686086107.036872; 592208; 4
1686086107.086876; 592258; 4
1686086107.136874; 592308; 4
1686086107.186874; 592358; 4
1686086107.236872; 592408; 4
1686086107.286870; 592458; 4
1686086107.336872; 592508; 4
1686086107.386871; 592558; 4
1686086107.436872; 592608; 4
1686086107.486870; 592658; 4
1686086107.536876; 592708; 4
1686086107.586870; 592758; 4
1686086107.636876; 592808; 4
1686086107.686874; 592858; 4
1686086107.736872; 592908; 4
1686086107.786870; 592958; 4
1686086107.836876; 593008; 4
1686086107.886874; 593058; 4
1686086107.936872; 593108; 4
1686086107.986874; 593158; 4
1686086108.036872; 593208; 4
1686086108.086876; 593258; 4
1686086108.136872; 593308; 4
1686086108.186870; 593358; 4
1686086108.236876; 593408; 4
1686086108.286871; 593458; 4
1686086108.336872; 593508; 4
1686086108.386874; 593558; 4
1686086108.436872; 593608; 4
1686086108.486874; 593658; 4
1686086108.536872; 593708; 4
1686086108.586870; 593758; 4
1686086108.636872; 593808; 4
1686086108.686871; 593858; 4
1686086108.736876; 593908; 4
1686086108.786874; 593958; 4
1686086108.836872; 594008; 4
1686086108.886871; 594058; 4
1686086108.936876; 594108; 4
1686086108.986871; 594158; 4
1686086109.036876; 594208; 4
1686086109.086876; 594258; 4
1686086109.136872; 594308; 4
1686086109.186874; 594358; 4
1686086109.236876; 594408; 4
1686086109.286874; 594458; 4
1686086109.336897; 594508; 4
1686086109.386890; 594558; 4
1686086109.436876; 594608; 4
1686086109.486874; 594658; 4
1686086109.536872; 594708; 4
1686086109.586871; 594758; 4
1686086109.636872; 594808; 4
1686086109.686871; 594858; 4
1686086109.736876; 594908; 4
1686086109.786874; 594958; 4
1686086109.836872; 595008; 4
1686086109.886870; 595058; 4
1686086109.936872; 595108; 4
1686086109.986871; 595158; 4
1686086110.036872; 595208; 4
1686086110.086876; 595258; 4
1686086110.136872; 595308; 4
1686086110.186870; 595358; 4
1686086110.236876; 595408; 4
1686086110.286874; 595458; 4
1686086110.336872; 595508; 4
1686086110.386874; 595558; 4
1686086110.436872; 595608; 4
1686086110.486870; 595658; 4
1686086110.536872; 595708; 4
1686086110.586871; 595758; 4
1686086110.636876; 595808; 4
1686086110.686874; 595858; 4
1686086110.736872; 595908; 4
1686086110.786870; 595958; 4
1686086110.836872; 596008; 4
1686086110.886870; 596058; 4
1686086110.936876; 596108; 4
1686086110.986874; 596158; 4
1686086111.036876; 596208; 4
1686086111.086876; 596258; 4
1686086111.136872; 596308; 4
1686086111.186870; 596358; 4
1686086111.236874; 596408; 4
1686086111.286870; 596458; 4
1686086111.336876; 596508; 4
1686086111.386870; 596558; 4
1686086111.436872; 596608; 4
1686086111.486874; 596658; 4
1686086111.536872; 596708; 4
1686086111.586870; 596758; 4
1686086111.636872; 596808; 4
1686086111.686870; 596858; 4
1686086111.736872; 596908; 4
1686086111.786870; 596958; 4
1686086111.836872; 597008; 4
1686086111.886871; 597058; 4
1686086111.936876; 597108; 4
1686086111.986870; 597158; 4
1686086112.036876; 597208; 4
1686086112.086876; 597258; 4
1686086112.136872; 597308; 4
1686086112.186874; 597358; 4
1686086112.236872; 597408; 4
1686086112.286874; 597458; 4
1686086112.336872; 597508; 4
1686086112.386870; 597558; 4
1686086112.436876; 597608; 4
1686086112.486870; 597658; 4
1686086112.536876; 597708; 4
1686086112.586874; 597758; 4
1686086112.636872; 597808; 4
1686086112.686870; 597858; 4
1686086112.736876; 597908; 4
1686086112.786874; 597958; 4
1686086112.836872; 598008; 4
1686086112.886874; 598058; 4
1686086112.936872; 598108; 4
1686086112.986874; 598158; 4
1686086113.036872; 598208; 4
1686086113.086872; 598258; 4
1686086113.136874; 598308; 4
1686086113.186874; 598358; 4
1686086113.236872; 598408; 4
1686086113.286871; 598458; 4
1686086113.336876; 598508; 4
1686086113.386870; 598558; 4
1686086113.436876; 598608; 4
1686086113.486874; 598658; 4
1686086113.536872; 598708; 4
1686086113.586880; 598758; 4
1686086113.636872; 598808; 4
1686086113.686871; 598858; 4
1686086113.736876; 598908; 4
1686086113.786874; 598958; 4
1686086113.836872; 599008; 4
1686086113.886871; 599058; 4
1686086113.936872; 599108; 4
1686086113.986871; 599158; 4
1686086114.036876; 599208; 4
1686086114.086876; 599258; 4
1686086114.136874; 599308; 4
1686086114.186871; 599358; 4
1686086114.236876; 599408; 4
1686086114.286874; 599458; 4
1686086114.336872; 599508; 4
1686086114.386874; 599558; 4
1686086114.436872; 599608; 4
1686086114.486871; 599658; 4
1686086114.536872; 599708; 4
1686086114.586871; 599758; 4
1686086114.636872; 599808; 4
1686086114.686871; 599858; 4
1686086114.736876; 599908; 4
1686086114.786871; 599958; 4
1686086114.836872; 600008; 4
1686086114.886871; 600058; 4
1686086114.936872; 600108; 4
1686086114.986871; 600158; 4
1686086115.036876; 600208; 4
1686086115.086872; 600258; 4
1686086115.136874; 600308; 4
1686086115.186871; 600358; 4
1686086115.236876; 600408; 4
1686086115.286874; 600458; 4
1686086115.336872; 600508; 4
1686086115.386874; 600558; 4
1686086115.436876; 600608; 4
1686086115.486874; 600658; 4
1686086115.536886; 600708; 4
1686086115.586874; 600758; 4
1686086115.636876; 600808; 4
1686086115.686874; 600858; 4
1686086115.736881; 600908; 4
1686086115.786871; 600958; 4
1686086115.836876; 601008; 4
1686086115.886871; 601058; 4
1686086115.936876; 601108; 4
1686086115.986870; 601158; 4
1686086116.036872; 601208; 4
1686086116.086872; 601258; 4
1686086116.136895; 601308; 4
1686086116.186876; 601358; 4
1686086116.236872; 601408; 4
1686086116.286871; 601458; 4
1686086116.336872; 601508; 4
1686086116.386874; 601558; 4
1686086116.436872; 601608; 4
1686086116.486870; 601658; 4
1686086116.536876; 601708; 4
1686086116.586874; 601758; 4
1686086116.636872; 601808; 4
1686086116.686871; 601858; 4
1686086116.736876; 601908; 4
1686086116.786871; 601958; 4
1686086116.836876; 602008; 4
1686086116.886874; 602058; 4
1686086116.936872; 602108; 4
1686086116.986871; 602158; 4
1686086117.036876; 602208; 4
1686086117.086876; 602258; 4
1686086117.136872; 602308; 4
1686086117.186874; 602358; 4
1686086117.236872; 602408; 4
1686086117.286871; 602458; 4
1686086117.336876; 602508; 4
1686086117.386871; 602558; 4
1686086117.436872; 602608; 4
1686086117.486874; 602658; 4
1686086117.536872; 602708; 4
1686086117.586871; 602758; 4
1686086117.636876; 602808; 4
1686086117.686871; 602858; 4
1686086117.736876; 602908; 4
1686086117.786874; 602958; 4
1686086117.836872; 603008; 4
1686086117.886871; 603058; 4
1686086117.936876; 603108; 4
1686086117.986874; 603158; 4
1686086118.036876; 603208; 4
1686086118.086876; 603258; 4
1686086118.136872; 603308; 4
1686086118.186870; 603358; 4
1686086118.236876; 603408; 4
1686086118.286874; 603458; 4
1686086118.336872; 603508; 4
1686086118.386870; 603558; 4
1686086118.436872; 603608; 4
1686086118.486871; 603658; 4
1686086118.536876; 603708; 4
1686086118.586874; 603758; 4
1686086118.636876; 603808; 4
1686086118.686871; 603858; 4
1686086118.736876; 603908; 4
1686086118.786874; 603958; 4
1686086118.836872; 604008; 4
1686086118.886870; 604058; 4
1686086118.936872; 604108; 4
1686086118.986871; 604158; 4
1686086119.036872; 604208; 4
1686086119.086876; 604258; 4
1686086119.136872; 604308; 4
1686086119.186870; 604358; 4
1686086119.236876; 604408; 4
1686086119.286871; 604458; 4
1686086119.336876; 604508; 4
1686086119.386870; 604558; 4
1686086119.436872; 604608; 4
1686086119.486871; 604658; 4
1686086119.536872; 604708; 4
1686086119.586870; 604758; 4
1686086119.636876; 604808; 4
1686086119.686871; 604858; 4
1686086119.736876; 604908; 4
1686086119.786874; 604958; 4
1686086119.836876; 605008; 4
1686086119.886870; 605058; 4
1686086119.936872; 605108; 4
1686086119.986871; 605158; 4
1686086120.036888; 605208; 4
1686086120.086872; 605258; 4
1686086120.136874; 605308; 4
1686086120.186874; 605358; 4
1686086120.236872; 605408; 4
1686086120.286874; 605458; 4
1686086120.336872; 605508; 4
1686086120.386874; 605558; 4
1686086120.436872; 605608; 4
1686086120.486870; 605658; 4
1686086120.536876; 605708; 4
1686086120.586874; 605758; 4
1686086120.636872; 605808; 4
1686086120.686874; 605858; 4
1686086120.736872; 605908; 4
1686086120.786871; 605958; 4
1686086120.836876; 606008; 4
1686086120.886870; 606058; 4
1686086120.936872; 606108; 4
1686086120.986871; 606158; 4
1686086121.036876; 606208; 4
1686086121.086872; 606258; 4
1686086121.136874; 606308; 4
1686086121.186874; 606358; 4
1686086121.236872; 606408; 4
1686086121.286874; 606458; 4
1686086121.336872; 606508; 4
1686086121.386870; 606558; 4
1686086121.436876; 606608; 4
1686086121.486874; 606658; 4
1686086121.536872; 606708; 4
1686086121.586874; 606758; 4
1686086121.636872; 606808; 4
1686086121.686874; 606858; 4
1686086121.736872; 606908; 4
1686086121.786874; 606958; 4
1686086121.836872; 607008; 4
1686086121.886895; 607058; 4
1686086121.936872; 607108; 4
1686086121.986871; 607158; 4
1686086122.036876; 607208; 4
1686086122.086876; 607258; 4
1686086122.136872; 607308; 4
1686086122.186870; 607358; 4
1686086122.236876; 607408; 4
1686086122.286874; 607458; 4
1686086122.336876; 607508; 4
1686086122.386870; 607558; 4
1686086122.436876; 607608; 4
1686086122.486870; 607658; 4
1686086122.536876; 607708; 4
1686086122.586874; 607758; 4
1686086122.636872; 607808; 4
1686086122.686871; 607858; 4
1686086122.736876; 607908; 4
1686086122.786874; 607958; 4
1686086122.836872; 608008; 4
1686086122.886871; 608058; 4
1686086122.936876; 608108; 4
1686086122.986889; 608158; 4
1686086123.036878; 608208; 4
1686086123.086872; 608258; 4
1686086123.136874; 608308; 4
1686086123.186871; 608358; 4
1686086123.236876; 608408; 4
1686086123.286874; 608458; 4
1686086123.336872; 608508; 4
1686086123.386870; 608558; 4
1686086123.436876; 608608; 4
1686086123.486874; 608658; 4
1686086123.536872; 608708; 4
1686086123.586870; 608758; 4
1686086123.636872; 608808; 4
1686086123.686871; 608858; 4
1686086123.736872; 608908; 4
1686086123.786870; 608958; 4
1686086123.836872; 609008; 4
1686086123.886870; 609058; 4
1686086123.936872; 609108; 4
1686086123.986871; 609158; 4
1686086124.036876; 609208; 4
1686086124.086876; 609258; 4
1686086124.136872; 609308; 4
1686086124.186874; 609358; 4
1686086124.236872; 609408; 4
1686086124.286871; 609458; 4
1686086124.336876; 609508; 4
1686086124.386874; 609558; 4
1686086124.436872; 609608; 4
1686086124.486870; 609658; 4
1686086124.536876; 609708; 4
1686086124.586871; 609758; 4
1686086124.636876; 609808; 4
1686086124.686874; 609858; 4
1686086124.736872; 609908; 4
1686086124.786870; 609958; 4
1686086124.836876; 610008; 4
1686086124.886874; 610058; 4
1686086124.936872; 610108; 4
1686086124.986870; 610158; 4
1686086125.036876; 610208; 4
1686086125.086876; 610258; 4
1686086125.136872; 610308; 4
1686086125.186874; 610358; 4
1686086125.236872; 610408; 4
1686086125.286870; 610458; 4
1686086125.336872; 610508; 4
1686086125.386874; 610558; 4
1686086125.436872; 610608; 4
1686086125.486871; 610658; 4
1686086125.536872; 610708; 4
1686086125.586870; 610758; 4
1686086125.636876; 610808; 4
1686086125.686874; 610858; 4
1686086125.736872; 610908; 4
1686086125.786874; 610958; 4
1686086125.836872; 611008; 4
1686086125.886871; 611058; 4
1686086125.936876; 611108; 4
1686086125.986874; 611158; 4
1686086126.036872; 611208; 4
1686086126.086872; 611258; 4
1686086126.136874; 611308; 4
1686086126.186871; 611358; 4
1686086126.236872; 611408; 4
1686086126.286870; 611458; 4
1686086126.336876; 611508; 4
1686086126.386880; 611558; 4
1686086126.436872; 611608; 4
1686086126.486870; 611658; 4
1686086126.536876; 611708; 4
1686086126.586874; 611758; 4
1686086126.636872; 611808; 4
1686086126.686870; 611858; 4
1686086126.736872; 611908; 4
1686086126.786871; 611958; 4
1686086126.836872; 612008; 4
1686086126.886870; 612058; 4
1686086126.936876; 612108; 4
1686086126.986874; 612158; 4
1686086127.036876; 612208; 4
1686086127.086876; 612258; 4
1686086127.136872; 612308; 4
1686086127.186871; 612358; 4
1686086127.236872; 612408; 4
1686086127.286870; 612458; 4
1686086127.336872; 612508; 4
1686086127.386874; 612558; 4
1686086127.436876; 612608; 4
1686086127.486871; 612658; 4
1686086127.536872; 612708; 4
1686086127.586871; 612758; 4
1686086127.636872; 612808; 4
1686086127.686871; 612858; 4
1686086127.736872; 612908; 4
1686086127.786871; 612958; 4
1686086127.836872; 613008; 4
1686086127.886870; 613058; 4
1686086127.936876; 613108; 4
1686086127.986874; 613158; 4
1686086128.036876; 613208; 4
1686086128.086876; 613258; 4
1686086128.136872; 613308; 4
1686086128.186871; 613358; 4
1686086128.236873; 613408; 4
1686086128.286871; 613458; 4
1686086128.336876; 613508; 4
