1686089882.951891; 799867; 20
1686089883.001508; 799917; 20
1686089883.051500; 799967; 20
1686089883.101504; 800017; 20
1686089883.151504; 800067; 20
1686089883.201502; 800117; 20
1686089883.251509; 800167; 20
1686089883.301508; 800217; 20
1686089883.351504; 800267; 20
1686089883.401508; 800317; 20
1686089883.451509; 800367; 20
1686089883.501508; 800417; 20
1686089883.551509; 800467; 19
1686089883.601508; 800517; 19
1686089883.651509; 800567; 19
1686089883.701508; 800617; 19
1686089883.751509; 800667; 19
1686089883.801508; 800717; 19
1686089883.851504; 800767; 20
1686089883.901502; 800817; 20
1686089883.951509; 800867; 20
1686089884.001508; 800917; 20
1686089884.051511; 800967; 20
1686089884.101504; 801017; 20
1686089884.151504; 801067; 20
1686089884.201508; 801117; 20
1686089884.251504; 801167; 20
1686089884.301508; 801217; 20
1686089884.351516; 801267; 20
1686089884.401508; 801317; 20
1686089884.451504; 801367; 20
1686089884.501502; 801417; 20
1686089884.551509; 801467; 20
1686089884.601502; 801517; 20
1686089884.651509; 801567; 20
1686089884.701507; 801617; 20
1686089884.751504; 801667; 20
1686089884.801502; 801717; 20
1686089884.851509; 801767; 20
1686089884.901508; 801817; 20
1686089884.951504; 801867; 20
1686089885.001507; 801917; 20
1686089885.051511; 801967; 20
1686089885.101504; 802017; 20
1686089885.151504; 802067; 20
1686089885.201502; 802117; 20
1686089885.251509; 802167; 20
1686089885.301507; 802217; 20
1686089885.351504; 802267; 20
1686089885.401507; 802317; 20
1686089885.451504; 802367; 20
1686089885.501507; 802417; 20
1686089885.551504; 802467; 20
1686089885.601507; 802517; 20
1686089885.651504; 802567; 20
1686089885.701502; 802617; 20
1686089885.751509; 802667; 20
1686089885.801502; 802717; 20
1686089885.851509; 802767; 20
1686089885.901502; 802817; 20
1686089885.951509; 802867; 20
1686089886.001508; 802917; 20
1686089886.051512; 802967; 20
1686089886.101509; 803017; 20
1686089886.151509; 803067; 20
1686089886.201500; 803117; 20
1686089886.251509; 803167; 20
1686089886.301502; 803217; 20
1686089886.351504; 803267; 20
1686089886.401502; 803317; 20
1686089886.451509; 803367; 20
1686089886.501508; 803417; 20
1686089886.551504; 803467; 20
1686089886.601502; 803517; 20
1686089886.651504; 803567; 20
1686089886.701508; 803617; 20
1686089886.751504; 803667; 20
1686089886.801502; 803717; 20
1686089886.851509; 803767; 20
1686089886.901508; 803817; 20
1686089886.951504; 803867; 20
1686089887.001508; 803917; 20
1686089887.051500; 803967; 20
1686089887.101509; 804017; 20
1686089887.151509; 804067; 20
1686089887.201508; 804117; 20
1686089887.251504; 804167; 20
1686089887.301508; 804217; 20
1686089887.351504; 804267; 20
1686089887.401502; 804317; 20
1686089887.451509; 804367; 20
1686089887.501507; 804417; 20
1686089887.551504; 804467; 20
1686089887.601508; 804517; 20
1686089887.651504; 804567; 20
1686089887.701502; 804617; 20
1686089887.751509; 804667; 20
1686089887.801508; 804717; 20
1686089887.851509; 804767; 20
1686089887.901508; 804817; 20
1686089887.951504; 804867; 20
1686089888.001502; 804917; 20
1686089888.051500; 804967; 20
1686089888.101504; 805017; 20
1686089888.151504; 805067; 20
1686089888.201508; 805117; 20
1686089888.251509; 805167; 20
1686089888.301507; 805217; 20
1686089888.351504; 805267; 20
1686089888.401508; 805317; 20
1686089888.451509; 805367; 20
1686089888.501508; 805417; 20
1686089888.551503; 805467; 20
1686089888.601508; 805517; 20
1686089888.651509; 805567; 20
1686089888.701502; 805617; 20
1686089888.751509; 805667; 20
1686089888.801508; 805717; 20
1686089888.851504; 805767; 20
1686089888.901502; 805817; 20
1686089888.951509; 805867; 20
1686089889.001507; 805917; 20
1686089889.051511; 805967; 20
1686089889.101504; 806017; 20
1686089889.151504; 806067; 20
1686089889.201502; 806117; 20
1686089889.251509; 806167; 20
1686089889.301502; 806217; 20
1686089889.351509; 806267; 20
1686089889.401508; 806317; 20
1686089889.451504; 806367; 20
1686089889.501502; 806417; 20
1686089889.551509; 806467; 20
1686089889.601518; 806517; 20
1686089889.651509; 806567; 20
1686089889.701502; 806617; 20
1686089889.751509; 806667; 20
1686089889.801502; 806717; 20
1686089889.851509; 806767; 20
1686089889.901508; 806817; 20
1686089889.951504; 806867; 20
1686089890.001502; 806917; 20
1686089890.051511; 806967; 20
1686089890.101509; 807017; 20
1686089890.151509; 807067; 20
1686089890.201507; 807117; 20
1686089890.251504; 807167; 20
1686089890.301502; 807217; 20
1686089890.351509; 807267; 20
1686089890.401508; 807317; 20
1686089890.451504; 807367; 20
1686089890.501535; 807417; 20
1686089890.551504; 807467; 20
1686089890.601508; 807517; 20
1686089890.651504; 807567; 20
1686089890.701510; 807617; 20
1686089890.751509; 807667; 20
1686089890.801508; 807717; 20
1686089890.851509; 807767; 20
1686089890.901508; 807817; 20
1686089890.951504; 807867; 20
1686089891.001502; 807917; 20
1686089891.051500; 807967; 20
1686089891.101509; 808017; 20
1686089891.151504; 808067; 20
1686089891.201507; 808117; 20
1686089891.251504; 808167; 20
1686089891.301502; 808217; 20
1686089891.351504; 808267; 20
1686089891.401508; 808317; 20
1686089891.451504; 808367; 20
1686089891.501502; 808417; 20
1686089891.551509; 808467; 20
1686089891.601507; 808517; 20
1686089891.651504; 808567; 20
1686089891.701502; 808617; 20
1686089891.751509; 808667; 20
1686089891.801508; 808717; 20
1686089891.851504; 808767; 20
1686089891.901507; 808817; 20
1686089891.951504; 808867; 20
1686089892.001502; 808917; 20
1686089892.051500; 808967; 20
1686089892.101509; 809017; 20
1686089892.151503; 809067; 20
1686089892.201508; 809117; 20
1686089892.251504; 809167; 20
1686089892.301508; 809217; 20
1686089892.351509; 809267; 20
1686089892.401507; 809317; 20
1686089892.451504; 809367; 20
1686089892.501508; 809417; 20
1686089892.551520; 809467; 20
1686089892.601508; 809517; 20
1686089892.651504; 809567; 20
1686089892.701502; 809617; 20
1686089892.751509; 809667; 20
1686089892.801508; 809717; 20
1686089892.851504; 809767; 20
1686089892.901508; 809817; 20
1686089892.951504; 809867; 20
1686089893.001507; 809917; 20
1686089893.051511; 809967; 20
1686089893.101509; 810017; 20
1686089893.151509; 810067; 20
1686089893.201502; 810117; 20
1686089893.251509; 810167; 20
1686089893.301502; 810217; 20
1686089893.351509; 810267; 20
1686089893.401508; 810317; 20
1686089893.451504; 810367; 20
1686089893.501508; 810417; 20
1686089893.551504; 810467; 20
1686089893.601502; 810517; 20
1686089893.651509; 810567; 20
1686089893.701508; 810617; 20
1686089893.751504; 810667; 20
1686089893.801508; 810717; 20
1686089893.851504; 810767; 20
1686089893.901508; 810817; 20
1686089893.951504; 810867; 20
1686089894.001508; 810917; 20
1686089894.051511; 810967; 20
1686089894.101509; 811017; 20
1686089894.151509; 811067; 20
1686089894.201508; 811117; 20
1686089894.251504; 811167; 20
1686089894.301508; 811217; 20
1686089894.351504; 811267; 20
1686089894.401502; 811317; 20
1686089894.451509; 811367; 20
1686089894.501502; 811417; 20
1686089894.551509; 811467; 20
1686089894.601507; 811517; 20
1686089894.651504; 811567; 20
1686089894.701502; 811617; 20
1686089894.751509; 811667; 20
1686089894.801508; 811717; 20
1686089894.851504; 811767; 20
1686089894.901508; 811817; 20
1686089894.951504; 811867; 20
1686089895.001530; 811917; 20
1686089895.051511; 811967; 20
1686089895.101504; 812017; 20
1686089895.151509; 812067; 20
1686089895.201508; 812117; 20
1686089895.251509; 812167; 20
1686089895.301508; 812217; 20
1686089895.351504; 812267; 20
1686089895.401502; 812317; 20
1686089895.451509; 812367; 20
1686089895.501507; 812417; 20
1686089895.551509; 812467; 20
1686089895.601502; 812517; 20
1686089895.651504; 812567; 20
1686089895.701508; 812617; 20
1686089895.751504; 812667; 20
1686089895.801502; 812717; 20
1686089895.851504; 812767; 20
1686089895.901508; 812817; 20
1686089895.951504; 812867; 20
1686089896.001508; 812917; 20
1686089896.051511; 812967; 20
1686089896.101504; 813017; 20
1686089896.151504; 813067; 20
1686089896.201511; 813117; 20
1686089896.251506; 813167; 20
1686089896.301502; 813217; 20
1686089896.351509; 813267; 20
1686089896.401502; 813317; 20
1686089896.451509; 813367; 20
1686089896.501508; 813417; 20
1686089896.551504; 813467; 20
1686089896.601502; 813517; 20
1686089896.651504; 813567; 20
1686089896.701508; 813617; 20
1686089896.751503; 813667; 20
1686089896.801502; 813717; 20
1686089896.851504; 813767; 20
1686089896.901502; 813817; 20
1686089896.951509; 813867; 20
1686089897.001508; 813917; 20
1686089897.051511; 813967; 20
1686089897.101504; 814017; 20
1686089897.151509; 814067; 20
1686089897.201502; 814117; 20
1686089897.251509; 814167; 20
1686089897.301507; 814217; 20
1686089897.351504; 814267; 20
1686089897.401502; 814317; 20
1686089897.451509; 814367; 20
1686089897.501508; 814417; 20
1686089897.551504; 814467; 20
1686089897.601502; 814517; 20
1686089897.651504; 814567; 20
1686089897.701502; 814617; 20
1686089897.751509; 814667; 20
1686089897.801502; 814717; 20
1686089897.851509; 814767; 20
1686089897.901508; 814817; 20
1686089897.951504; 814867; 20
1686089898.001508; 814917; 20
1686089898.051511; 814967; 20
1686089898.101511; 815017; 20
1686089898.151509; 815067; 20
1686089898.201502; 815117; 20
1686089898.251509; 815167; 20
1686089898.301508; 815217; 20
1686089898.351504; 815267; 20
1686089898.401508; 815317; 20
1686089898.451504; 815367; 20
1686089898.501502; 815417; 20
1686089898.551509; 815467; 20
1686089898.601508; 815517; 20
1686089898.651504; 815567; 20
1686089898.701508; 815617; 20
1686089898.751504; 815667; 20
1686089898.801502; 815717; 20
1686089898.851509; 815767; 20
1686089898.901508; 815817; 20
1686089898.951504; 815867; 20
1686089899.001508; 815917; 20
1686089899.051511; 815967; 20
1686089899.101509; 816017; 20
1686089899.151509; 816067; 20
1686089899.201500; 816117; 20
1686089899.251509; 816167; 20
1686089899.301508; 816217; 20
1686089899.351509; 816267; 20
1686089899.401507; 816317; 20
1686089899.451504; 816367; 20
1686089899.501502; 816417; 20
1686089899.551504; 816467; 20
1686089899.601508; 816517; 20
1686089899.651504; 816567; 20
1686089899.701502; 816617; 20
1686089899.751509; 816667; 20
1686089899.801508; 816717; 20
1686089899.851509; 816767; 20
1686089899.901508; 816817; 20
1686089899.951504; 816867; 20
1686089900.001502; 816917; 20
1686089900.051500; 816967; 20
1686089900.101509; 817017; 20
1686089900.151504; 817067; 20
1686089900.201508; 817117; 20
1686089900.251509; 817167; 20
1686089900.301508; 817217; 20
1686089900.351504; 817267; 20
1686089900.401507; 817317; 20
1686089900.451504; 817367; 20
1686089900.501502; 817417; 20
1686089900.551509; 817467; 20
1686089900.601502; 817517; 20
1686089900.651509; 817567; 20
1686089900.701508; 817617; 20
1686089900.751504; 817667; 20
1686089900.801508; 817717; 20
1686089900.851509; 817767; 20
1686089900.901507; 817817; 20
1686089900.951504; 817867; 20
1686089901.001502; 817917; 20
1686089901.051509; 817967; 20
1686089901.101509; 818017; 20
1686089901.151509; 818067; 20
1686089901.201508; 818117; 20
1686089901.251509; 818167; 20
1686089901.301507; 818217; 20
1686089901.351504; 818267; 20
1686089901.401508; 818317; 20
1686089901.451504; 818367; 20
1686089901.501502; 818417; 20
1686089901.551509; 818467; 20
1686089901.601502; 818517; 20
1686089901.651509; 818567; 19
1686089901.701502; 818617; 19
1686089901.751509; 818667; 19
1686089901.801508; 818717; 19
1686089901.851504; 818767; 20
1686089901.901507; 818817; 20
1686089901.951504; 818867; 20
1686089902.001502; 818917; 20
1686089902.051500; 818967; 20
1686089902.101509; 819017; 20
1686089902.151509; 819067; 20
1686089902.201502; 819117; 20
1686089902.251509; 819167; 20
1686089902.301502; 819217; 20
1686089902.351509; 819267; 20
1686089902.401502; 819317; 20
1686089902.451509; 819367; 20
1686089902.501508; 819417; 20
1686089902.551504; 819467; 20
1686089902.601502; 819517; 20
1686089902.651509; 819567; 20
1686089902.701502; 819617; 20
1686089902.751509; 819667; 20
1686089902.801522; 819717; 20
1686089902.851506; 819767; 20
1686089902.901507; 819817; 20
1686089902.951504; 819867; 20
1686089903.001502; 819917; 20
1686089903.051500; 819967; 20
1686089903.101504; 820017; 20
1686089903.151504; 820067; 20
1686089903.201508; 820117; 20
1686089903.251509; 820167; 20
1686089903.301534; 820217; 20
1686089903.351504; 820267; 20
1686089903.401502; 820317; 20
1686089903.451509; 820367; 20
1686089903.501515; 820417; 20
1686089903.551504; 820467; 20
1686089903.601508; 820517; 20
1686089903.651504; 820567; 20
1686089903.701502; 820617; 20
1686089903.751504; 820667; 20
1686089903.801502; 820717; 20
1686089903.851504; 820767; 20
1686089903.901502; 820817; 20
1686089903.951509; 820867; 20
1686089904.001507; 820917; 20
1686089904.051511; 820967; 20
1686089904.101504; 821017; 20
1686089904.151509; 821067; 20
1686089904.201507; 821117; 20
1686089904.251504; 821167; 20
1686089904.301508; 821217; 20
1686089904.351504; 821267; 20
1686089904.401508; 821317; 20
1686089904.451504; 821367; 20
1686089904.501507; 821417; 20
1686089904.551509; 821467; 20
1686089904.601502; 821517; 20
1686089904.651509; 821567; 20
1686089904.701508; 821617; 20
1686089904.751504; 821667; 20
1686089904.801502; 821717; 20
1686089904.851504; 821767; 20
1686089904.901507; 821817; 20
1686089904.951509; 821867; 20
1686089905.001508; 821917; 20
1686089905.051511; 821967; 20
1686089905.101504; 822017; 20
1686089905.151504; 822067; 20
1686089905.201508; 822117; 20
1686089905.251504; 822167; 20
1686089905.301508; 822217; 20
1686089905.351509; 822267; 20
1686089905.401508; 822317; 20
1686089905.451509; 822367; 20
1686089905.501508; 822417; 20
1686089905.551509; 822467; 20
1686089905.601508; 822517; 20
1686089905.651504; 822567; 20
1686089905.701502; 822617; 20
1686089905.751509; 822667; 20
1686089905.801508; 822717; 20
1686089905.851504; 822767; 20
1686089905.901502; 822817; 20
1686089905.951509; 822867; 20
1686089906.001508; 822917; 20
1686089906.051511; 822967; 20
1686089906.101504; 823017; 20
1686089906.151504; 823067; 20
1686089906.201502; 823117; 20
1686089906.251509; 823167; 20
1686089906.301502; 823217; 20
1686089906.351509; 823267; 20
1686089906.401502; 823317; 20
1686089906.451509; 823367; 20
1686089906.501508; 823417; 20
1686089906.551504; 823467; 20
1686089906.601508; 823517; 20
1686089906.651504; 823567; 20
1686089906.701508; 823617; 20
1686089906.751504; 823667; 20
1686089906.801502; 823717; 20
1686089906.851509; 823767; 20
1686089906.901508; 823817; 20
1686089906.951504; 823867; 20
1686089907.001502; 823917; 20
1686089907.051500; 823967; 20
1686089907.101504; 824017; 20
1686089907.151504; 824067; 20
1686089907.201508; 824117; 20
1686089907.251504; 824167; 20
1686089907.301502; 824217; 20
1686089907.351509; 824267; 20
1686089907.401502; 824317; 20
1686089907.451509; 824367; 20
1686089907.501508; 824417; 20
1686089907.551504; 824467; 20
1686089907.601502; 824517; 20
1686089907.651509; 824567; 20
1686089907.701508; 824617; 20
1686089907.751509; 824667; 20
1686089907.801523; 824717; 20
1686089907.851504; 824767; 20
1686089907.901508; 824817; 20
1686089907.951504; 824867; 20
1686089908.001502; 824917; 20
1686089908.051511; 824967; 20
1686089908.101509; 825017; 20
1686089908.151509; 825067; 20
1686089908.201508; 825117; 20
1686089908.251504; 825167; 20
1686089908.301502; 825217; 20
1686089908.351509; 825267; 20
1686089908.401507; 825317; 20
1686089908.451509; 825367; 20
1686089908.501507; 825417; 20
1686089908.551504; 825467; 20
1686089908.601502; 825517; 20
1686089908.651504; 825567; 20
1686089908.701508; 825617; 20
1686089908.751504; 825667; 20
1686089908.801508; 825717; 20
1686089908.851504; 825767; 20
1686089908.901502; 825817; 20
1686089908.951509; 825867; 20
1686089909.001508; 825917; 20
1686089909.051511; 825967; 20
1686089909.101504; 826017; 20
1686089909.151504; 826067; 20
1686089909.201507; 826117; 20
1686089909.251504; 826167; 20
1686089909.301508; 826217; 20
1686089909.351504; 826267; 20
1686089909.401511; 826317; 20
1686089909.451506; 826367; 20
1686089909.501502; 826417; 20
1686089909.551504; 826467; 20
1686089909.601508; 826517; 20
1686089909.651503; 826567; 20
1686089909.701502; 826617; 20
1686089909.751504; 826667; 20
1686089909.801508; 826717; 20
1686089909.851509; 826767; 20
1686089909.901507; 826817; 20
1686089909.951504; 826867; 20
1686089910.001507; 826917; 20
1686089910.051511; 826967; 20
1686089910.101509; 827017; 20
1686089910.151509; 827067; 20
1686089910.201508; 827117; 20
1686089910.251504; 827167; 20
1686089910.301507; 827217; 20
1686089910.351504; 827267; 20
1686089910.401508; 827317; 19
1686089910.451504; 827367; 19
1686089910.501508; 827417; 19
1686089910.551504; 827467; 19
1686089910.601502; 827517; 19
1686089910.651509; 827567; 19
1686089910.701502; 827617; 19
1686089910.751509; 827667; 19
1686089910.801508; 827717; 19
1686089910.851504; 827767; 19
1686089910.901508; 827817; 19
1686089910.951504; 827867; 19
1686089911.001508; 827917; 19
1686089911.051511; 827967; 19
1686089911.101509; 828017; 19
1686089911.151509; 828067; 19
1686089911.201508; 828117; 19
1686089911.251504; 828167; 19
1686089911.301508; 828217; 19
1686089911.351504; 828267; 19
1686089911.401502; 828317; 19
1686089911.451509; 828367; 20
1686089911.501508; 828417; 20
1686089911.551504; 828467; 20
1686089911.601508; 828517; 20
1686089911.651504; 828567; 21
1686089911.701507; 828617; 21
1686089911.751504; 828667; 21
1686089911.801518; 828717; 21
1686089911.851509; 828767; 21
1686089911.901508; 828817; 21
1686089911.951504; 828867; 21
1686089912.001502; 828917; 21
1686089912.051511; 828967; 21
1686089912.101504; 829017; 21
1686089912.151509; 829067; 21
1686089912.201508; 829117; 21
1686089912.251504; 829167; 21
1686089912.301502; 829217; 21
1686089912.351509; 829267; 21
1686089912.401507; 829317; 21
1686089912.451509; 829367; 21
1686089912.501507; 829417; 21
1686089912.551509; 829467; 22
1686089912.601508; 829517; 22
1686089912.651504; 829567; 22
1686089912.701502; 829617; 22
1686089912.751509; 829667; 22
1686089912.801508; 829717; 22
1686089912.851504; 829767; 22
1686089912.901502; 829817; 22
1686089912.951504; 829867; 22
1686089913.001502; 829917; 22
1686089913.051511; 829967; 22
1686089913.101504; 830017; 22
1686089913.151509; 830067; 22
1686089913.201508; 830117; 22
1686089913.251504; 830167; 22
1686089913.301507; 830217; 22
1686089913.351504; 830267; 22
1686089913.401508; 830317; 22
1686089913.451504; 830367; 22
1686089913.501502; 830417; 22
1686089913.551504; 830467; 22
1686089913.601508; 830517; 23
1686089913.651509; 830567; 23
1686089913.701508; 830617; 24
1686089913.751509; 830667; 24
1686089913.801508; 830717; 25
1686089913.851504; 830767; 25
1686089913.901502; 830817; 25
1686089913.951511; 830867; 25
1686089914.001508; 830917; 24
1686089914.051511; 830967; 24
1686089914.101504; 831017; 24
1686089914.151518; 831067; 24
1686089914.201507; 831117; 24
1686089914.251504; 831167; 24
1686089914.301502; 831217; 24
1686089914.351509; 831267; 24
1686089914.401508; 831317; 24
1686089914.451504; 831367; 24
1686089914.501502; 831417; 24
1686089914.551509; 831467; 24
1686089914.601502; 831517; 24
1686089914.651509; 831567; 24
1686089914.701502; 831617; 25
1686089914.751509; 831667; 25
1686089914.801508; 831717; 25
1686089914.851504; 831767; 25
1686089914.901508; 831817; 25
1686089914.951504; 831867; 25
1686089915.001508; 831917; 25
1686089915.051511; 831967; 25
1686089915.101509; 832017; 26
1686089915.151509; 832067; 26
1686089915.201502; 832117; 26
1686089915.251509; 832167; 26
1686089915.301507; 832217; 26
1686089915.351504; 832267; 26
1686089915.401502; 832317; 26
1686089915.451509; 832367; 27
1686089915.501507; 832417; 27
1686089915.551504; 832467; 28
1686089915.601508; 832517; 28
1686089915.651504; 832567; 29
1686089915.701508; 832617; 29
1686089915.751504; 832667; 31
1686089915.801508; 832717; 31
1686089915.851504; 832767; 33
1686089915.901502; 832817; 33
1686089915.951509; 832867; 34
1686089916.001522; 832917; 34
1686089916.051513; 832967; 33
1686089916.101520; 833017; 33
1686089916.151504; 833067; 32
1686089916.201502; 833117; 32
1686089916.251509; 833167; 33
1686089916.301523; 833217; 33
1686089916.351504; 833267; 36
1686089916.401507; 833317; 36
1686089916.451504; 833367; 39
1686089916.501508; 833417; 39
1686089916.551504; 833467; 37
1686089916.601508; 833517; 37
1686089916.651504; 833567; 35
1686089916.701508; 833617; 35
1686089916.751504; 833667; 37
1686089916.801502; 833717; 37
1686089916.851509; 833767; 38
1686089916.901508; 833817; 38
1686089916.951504; 833867; 39
1686089917.001502; 833917; 39
1686089917.051500; 833967; 42
1686089917.101509; 834017; 42
1686089917.151509; 834067; 42
1686089917.201508; 834117; 42
1686089917.251504; 834167; 40
1686089917.301507; 834217; 40
1686089917.351504; 834267; 38
1686089917.401508; 834317; 38
1686089917.451509; 834367; 37
1686089917.501508; 834417; 37
1686089917.551509; 834467; 37
1686089917.601508; 834517; 39
1686089917.651504; 834567; 39
1686089917.701508; 834617; 40
1686089917.751504; 834667; 40
1686089917.801507; 834717; 41
1686089917.851509; 834767; 41
1686089917.901508; 834817; 42
1686089917.951504; 834867; 42
1686089918.001508; 834917; 41
1686089918.051511; 834967; 41
1686089918.101504; 835017; 39
1686089918.151503; 835067; 39
1686089918.201508; 835117; 35
1686089918.251504; 835167; 35
1686089918.301508; 835217; 33
1686089918.351504; 835267; 33
1686089918.401508; 835317; 32
1686089918.451516; 835367; 32
1686089918.501502; 835417; 31
1686089918.551509; 835467; 31
1686089918.601502; 835517; 30
1686089918.651509; 835567; 30
1686089918.701502; 835617; 38
1686089918.751509; 835667; 38
1686089918.801502; 835717; 38
1686089918.851509; 835767; 38
1686089918.901507; 835817; 45
1686089918.951504; 835867; 45
1686089919.001508; 835917; 43
1686089919.051500; 835967; 43
1686089919.101504; 836017; 42
1686089919.151504; 836067; 42
1686089919.201502; 836117; 45
1686089919.251509; 836167; 45
1686089919.301507; 836217; 47
1686089919.351504; 836267; 47
1686089919.401508; 836317; 50
1686089919.451504; 836367; 50
1686089919.501502; 836417; 53
1686089919.551509; 836467; 53
1686089919.601502; 836517; 55
1686089919.651504; 836567; 55
1686089919.701502; 836617; 54
1686089919.751509; 836667; 54
1686089919.801502; 836717; 55
1686089919.851504; 836767; 55
1686089919.901502; 836817; 55
1686089919.951509; 836867; 58
1686089920.001508; 836917; 58
1686089920.051511; 836967; 57
1686089920.101504; 837017; 57
1686089920.151509; 837067; 62
1686089920.201502; 837117; 62
1686089920.251509; 837167; 59
1686089920.301502; 837217; 59
1686089920.351504; 837267; 61
1686089920.401508; 837317; 61
1686089920.451504; 837367; 48
1686089920.501508; 837417; 48
1686089920.551504; 837467; 47
1686089920.601502; 837517; 47
1686089920.651504; 837567; 45
1686089920.701502; 837617; 45
1686089920.751509; 837667; 39
1686089920.801508; 837717; 39
1686089920.851504; 837767; 34
1686089920.901502; 837817; 34
1686089920.951504; 837867; 35
1686089921.001502; 837917; 35
1686089921.051511; 837967; 37
1686089921.101504; 838017; 37
1686089921.151509; 838067; 40
1686089921.201508; 838117; 40
1686089921.251504; 838167; 46
1686089921.301502; 838217; 46
1686089921.351504; 838267; 47
1686089921.401507; 838317; 47
1686089921.451509; 838367; 49
1686089921.501508; 838417; 49
1686089921.551504; 838467; 51
1686089921.601508; 838517; 51
1686089921.651504; 838567; 51
1686089921.701502; 838617; 51
1686089921.751504; 838667; 52
1686089921.801502; 838717; 52
1686089921.851509; 838767; 53
1686089921.901507; 838817; 53
1686089921.951509; 838867; 54
1686089922.001507; 838917; 54
1686089922.051500; 838967; 56
1686089922.101504; 839017; 56
1686089922.151504; 839067; 56
1686089922.201508; 839117; 57
1686089922.251504; 839167; 57
1686089922.301507; 839217; 61
1686089922.351509; 839267; 61
1686089922.401508; 839317; 66
1686089922.451513; 839367; 66
1686089922.501502; 839417; 60
1686089922.551509; 839467; 60
1686089922.601511; 839517; 50
1686089922.651510; 839567; 50
1686089922.701508; 839617; 46
1686089922.751504; 839667; 46
1686089922.801508; 839717; 46
1686089922.851504; 839767; 46
1686089922.901508; 839817; 46
1686089922.951504; 839867; 46
1686089923.001507; 839917; 46
1686089923.051511; 839967; 46
1686089923.101504; 840017; 46
1686089923.151504; 840067; 46
1686089923.201502; 840117; 47
1686089923.251509; 840167; 47
1686089923.301508; 840217; 47
1686089923.351504; 840267; 47
1686089923.401508; 840317; 47
1686089923.451504; 840367; 47
1686089923.501502; 840417; 47
1686089923.551509; 840467; 47
1686089923.601502; 840517; 47
1686089923.651509; 840567; 47
1686089923.701503; 840617; 47
1686089923.751509; 840667; 47
1686089923.801502; 840717; 48
1686089923.851509; 840767; 48
1686089923.901508; 840817; 48
1686089923.951504; 840867; 48
1686089924.001507; 840917; 48
1686089924.051511; 840967; 48
1686089924.101509; 841017; 48
1686089924.151504; 841067; 48
1686089924.201502; 841117; 48
1686089924.251509; 841167; 48
1686089924.301502; 841217; 48
1686089924.351509; 841267; 48
1686089924.401508; 841317; 48
1686089924.451504; 841367; 48
1686089924.501502; 841417; 48
1686089924.551509; 841467; 49
1686089924.601514; 841517; 49
1686089924.651509; 841567; 48
1686089924.701502; 841617; 48
1686089924.751509; 841667; 48
1686089924.801518; 841717; 48
1686089924.851504; 841767; 48
1686089924.901502; 841817; 48
1686089924.951504; 841867; 48
1686089925.001502; 841917; 48
1686089925.051500; 841967; 48
1686089925.101509; 842017; 48
1686089925.151504; 842067; 48
1686089925.201508; 842117; 48
1686089925.251504; 842167; 48
1686089925.301502; 842217; 48
1686089925.351509; 842267; 48
1686089925.401507; 842317; 48
1686089925.451509; 842367; 48
1686089925.501508; 842417; 48
1686089925.551504; 842467; 48
1686089925.601502; 842517; 48
1686089925.651504; 842567; 48
1686089925.701502; 842617; 48
1686089925.751509; 842667; 48
1686089925.801508; 842717; 48
1686089925.851509; 842767; 48
1686089925.901507; 842817; 48
1686089925.951509; 842867; 48
1686089926.001508; 842917; 48
1686089926.051500; 842967; 48
1686089926.101509; 843017; 48
1686089926.151509; 843067; 48
1686089926.201507; 843117; 48
1686089926.251509; 843167; 48
1686089926.301508; 843217; 48
1686089926.351509; 843267; 48
1686089926.401502; 843317; 48
1686089926.451509; 843367; 48
1686089926.501507; 843417; 48
1686089926.551504; 843467; 48
1686089926.601508; 843517; 48
1686089926.651504; 843567; 48
1686089926.701502; 843617; 48
1686089926.751521; 843667; 48
1686089926.801508; 843717; 48
1686089926.851509; 843767; 48
1686089926.901502; 843817; 48
1686089926.951509; 843867; 48
1686089927.001508; 843917; 49
1686089927.051511; 843967; 49
1686089927.101509; 844017; 49
1686089927.151509; 844067; 49
1686089927.201507; 844117; 49
1686089927.251504; 844167; 49
1686089927.301502; 844217; 49
1686089927.351509; 844267; 49
1686089927.401508; 844317; 49
1686089927.451504; 844367; 49
1686089927.501502; 844417; 49
1686089927.551509; 844467; 49
1686089927.601508; 844517; 49
1686089927.651504; 844567; 49
1686089927.701502; 844617; 49
1686089927.751509; 844667; 49
1686089927.801508; 844717; 49
1686089927.851504; 844767; 49
1686089927.901508; 844817; 49
1686089927.951504; 844867; 49
1686089928.001508; 844917; 49
1686089928.051511; 844967; 49
1686089928.101504; 845017; 49
1686089928.151504; 845067; 49
1686089928.201508; 845117; 49
1686089928.251504; 845167; 49
1686089928.301508; 845217; 49
1686089928.351504; 845267; 49
1686089928.401502; 845317; 49
1686089928.451509; 845367; 49
1686089928.501507; 845417; 49
1686089928.551504; 845467; 49
1686089928.601508; 845517; 49
1686089928.651504; 845567; 49
1686089928.701502; 845617; 49
1686089928.751509; 845667; 49
1686089928.801508; 845717; 50
1686089928.851504; 845767; 50
1686089928.901508; 845817; 50
1686089928.951509; 845867; 50
1686089929.001508; 845917; 51
1686089929.051511; 845967; 51
1686089929.101533; 846017; 54
1686089929.151504; 846067; 54
1686089929.201511; 846117; 54
1686089929.251506; 846167; 58
1686089929.301502; 846217; 58
1686089929.351504; 846267; 62
1686089929.401508; 846317; 62
1686089929.451504; 846367; 66
1686089929.501508; 846417; 66
1686089929.551509; 846467; 71
1686089929.601507; 846517; 71
1686089929.651504; 846567; 74
1686089929.701502; 846617; 74
1686089929.751504; 846667; 74
1686089929.801502; 846717; 74
1686089929.851509; 846767; 74
1686089929.901508; 846817; 74
1686089929.951504; 846867; 76
1686089930.001508; 846917; 76
1686089930.051500; 846967; 76
1686089930.101504; 847017; 76
1686089930.151509; 847067; 70
1686089930.201508; 847117; 70
1686089930.251509; 847167; 57
1686089930.301507; 847217; 57
1686089930.351509; 847267; 50
1686089930.401508; 847317; 50
1686089930.451509; 847367; 53
1686089930.501508; 847417; 53
1686089930.551509; 847467; 59
1686089930.601507; 847517; 59
1686089930.651509; 847567; 61
1686089930.701508; 847617; 61
1686089930.751509; 847667; 60
1686089930.801508; 847717; 60
1686089930.851504; 847767; 55
1686089930.901502; 847817; 55
1686089930.951509; 847867; 53
1686089931.001508; 847917; 53
1686089931.051511; 847967; 54
1686089931.101504; 848017; 54
1686089931.151504; 848067; 52
1686089931.201507; 848117; 52
1686089931.251504; 848167; 50
1686089931.301507; 848217; 50
1686089931.351504; 848267; 48
1686089931.401502; 848317; 48
1686089931.451509; 848367; 48
1686089931.501502; 848417; 46
1686089931.551509; 848467; 46
1686089931.601508; 848517; 45
1686089931.651504; 848567; 45
1686089931.701502; 848617; 43
1686089931.751509; 848667; 43
1686089931.801502; 848717; 40
1686089931.851509; 848767; 40
1686089931.901502; 848817; 38
1686089931.951509; 848867; 38
1686089932.001508; 848917; 35
1686089932.051511; 848967; 35
1686089932.101504; 849017; 34
1686089932.151509; 849067; 34
1686089932.201502; 849117; 34
1686089932.251509; 849167; 34
1686089932.301508; 849217; 32
1686089932.351504; 849267; 32
1686089932.401502; 849317; 32
1686089932.451509; 849367; 32
1686089932.501502; 849417; 33
1686089932.551509; 849467; 33
1686089932.601507; 849517; 33
1686089932.651504; 849567; 33
1686089932.701507; 849617; 33
1686089932.751504; 849667; 33
1686089932.801502; 849717; 33
1686089932.851509; 849767; 33
1686089932.901502; 849817; 33
1686089932.951509; 849867; 33
1686089933.001502; 849917; 32
1686089933.051511; 849967; 32
1686089933.101511; 850017; 35
1686089933.151509; 850067; 35
1686089933.201502; 850117; 37
1686089933.251509; 850167; 37
1686089933.301500; 850217; 38
1686089933.351509; 850267; 38
1686089933.401508; 850317; 38
1686089933.451509; 850367; 38
1686089933.501508; 850417; 39
1686089933.551504; 850467; 39
1686089933.601508; 850517; 41
1686089933.651509; 850567; 41
1686089933.701508; 850617; 43
1686089933.751504; 850667; 43
1686089933.801502; 850717; 43
1686089933.851504; 850767; 43
1686089933.901502; 850817; 43
1686089933.951504; 850867; 43
1686089934.001502; 850917; 43
1686089934.051511; 850967; 43
1686089934.101509; 851017; 43
1686089934.151509; 851067; 43
1686089934.201508; 851117; 43
1686089934.251504; 851167; 46
1686089934.301502; 851217; 46
1686089934.351509; 851267; 51
1686089934.401508; 851317; 51
1686089934.451504; 851367; 52
1686089934.501508; 851417; 52
1686089934.551509; 851467; 52
1686089934.601507; 851517; 52
1686089934.651509; 851567; 50
1686089934.701507; 851617; 50
1686089934.751504; 851667; 49
1686089934.801508; 851717; 49
1686089934.851504; 851767; 48
1686089934.901502; 851817; 48
1686089934.951509; 851867; 48
1686089935.001508; 851917; 48
1686089935.051511; 851967; 52
1686089935.101511; 852017; 52
1686089935.151501; 852067; 51
1686089935.201508; 852117; 51
1686089935.251519; 852167; 48
1686089935.301503; 852217; 48
1686089935.351504; 852267; 47
1686089935.401508; 852317; 47
1686089935.451508; 852367; 45
1686089935.501502; 852417; 45
1686089935.551509; 852467; 42
1686089935.601507; 852517; 42
1686089935.651509; 852567; 41
1686089935.701507; 852617; 41
1686089935.751504; 852667; 40
1686089935.801508; 852717; 40
1686089935.851521; 852767; 40
1686089935.901504; 852817; 40
1686089935.951504; 852867; 39
1686089936.001507; 852917; 39
1686089936.051511; 852967; 39
1686089936.101509; 853017; 39
1686089936.151509; 853067; 39
1686089936.201508; 853117; 39
1686089936.251504; 853167; 39
1686089936.301502; 853217; 36
1686089936.351509; 853267; 36
1686089936.401508; 853317; 36
1686089936.451504; 853367; 36
1686089936.501502; 853417; 36
1686089936.551509; 853467; 36
1686089936.601502; 853517; 36
1686089936.651504; 853567; 36
1686089936.701502; 853617; 35
1686089936.751509; 853667; 35
1686089936.801508; 853717; 32
1686089936.851504; 853767; 32
1686089936.901502; 853817; 32
1686089936.951509; 853867; 32
1686089937.001502; 853917; 32
1686089937.051500; 853967; 32
1686089937.101504; 854017; 33
1686089937.151504; 854067; 33
1686089937.201507; 854117; 33
1686089937.251504; 854167; 33
1686089937.301502; 854217; 33
1686089937.351509; 854267; 33
1686089937.401535; 854317; 34
1686089937.451509; 854367; 34
1686089937.501502; 854417; 34
1686089937.551509; 854467; 34
1686089937.601508; 854517; 36
1686089937.651504; 854567; 36
1686089937.701508; 854617; 38
1686089937.751509; 854667; 38
1686089937.801508; 854717; 37
1686089937.851509; 854767; 37
1686089937.901508; 854817; 37
1686089937.951509; 854867; 37
1686089938.001508; 854917; 36
1686089938.051500; 854967; 36
1686089938.101504; 855017; 35
1686089938.151504; 855067; 35
1686089938.201507; 855117; 35
1686089938.251509; 855167; 35
1686089938.301508; 855217; 36
1686089938.351504; 855267; 36
1686089938.401508; 855317; 36
1686089938.451504; 855367; 36
1686089938.501508; 855417; 36
1686089938.551504; 855467; 36
1686089938.601502; 855517; 36
1686089938.651509; 855567; 36
1686089938.701507; 855617; 36
1686089938.751509; 855667; 35
1686089938.801508; 855717; 35
1686089938.851504; 855767; 34
1686089938.901502; 855817; 34
1686089938.951509; 855867; 33
1686089939.001508; 855917; 33
1686089939.051511; 855967; 39
1686089939.101504; 856017; 39
1686089939.151504; 856067; 39
1686089939.201508; 856117; 39
1686089939.251509; 856167; 34
1686089939.301507; 856217; 34
1686089939.351504; 856267; 32
1686089939.401502; 856317; 32
1686089939.451503; 856367; 31
1686089939.501508; 856417; 31
1686089939.551509; 856467; 30
1686089939.601508; 856517; 30
1686089939.651504; 856567; 31
1686089939.701502; 856617; 31
1686089939.751509; 856667; 30
1686089939.801502; 856717; 30
1686089939.851509; 856767; 30
1686089939.901508; 856817; 30
1686089939.951504; 856867; 30
1686089940.001507; 856917; 30
1686089940.051511; 856967; 30
1686089940.101504; 857017; 30
1686089940.151504; 857067; 31
1686089940.201508; 857117; 31
1686089940.251504; 857167; 31
1686089940.301508; 857217; 31
1686089940.351504; 857267; 30
1686089940.401502; 857317; 30
1686089940.451509; 857367; 30
1686089940.501502; 857417; 30
1686089940.551509; 857467; 30
1686089940.601508; 857517; 30
1686089940.651504; 857567; 30
1686089940.701502; 857617; 30
1686089940.751509; 857667; 30
1686089940.801502; 857717; 31
1686089940.851509; 857767; 31
1686089940.901502; 857817; 31
1686089940.951509; 857867; 31
1686089941.001507; 857917; 31
1686089941.051511; 857967; 31
1686089941.101504; 858017; 32
1686089941.151504; 858067; 32
1686089941.201502; 858117; 33
1686089941.251509; 858167; 33
1686089941.301508; 858217; 33
1686089941.351504; 858267; 33
1686089941.401507; 858317; 33
1686089941.451504; 858367; 33
1686089941.501502; 858417; 33
1686089941.551509; 858467; 33
1686089941.601508; 858517; 33
1686089941.651504; 858567; 33
1686089941.701502; 858617; 33
1686089941.751504; 858667; 33
1686089941.801508; 858717; 33
1686089941.851509; 858767; 33
1686089941.901508; 858817; 33
1686089941.951504; 858867; 33
1686089942.001502; 858917; 33
1686089942.051500; 858967; 33
1686089942.101509; 859017; 32
1686089942.151504; 859067; 32
1686089942.201507; 859117; 33
1686089942.251509; 859167; 33
1686089942.301502; 859217; 33
1686089942.351509; 859267; 33
1686089942.401508; 859317; 32
1686089942.451524; 859367; 32
1686089942.501502; 859417; 32
1686089942.551504; 859467; 32
1686089942.601502; 859517; 32
1686089942.651504; 859567; 32
1686089942.701502; 859617; 32
1686089942.751509; 859667; 32
1686089942.801502; 859717; 33
1686089942.851509; 859767; 33
1686089942.901502; 859817; 33
1686089942.951504; 859867; 33
