1686091079.968022; 492698; 31
1686091080.017432; 492748; 31
1686091080.067424; 492798; 31
1686091080.117434; 492848; 31
1686091080.167428; 492898; 31
1686091080.217432; 492948; 31
1686091080.267428; 492998; 31
1686091080.317432; 493048; 31
1686091080.367428; 493098; 31
1686091080.417426; 493148; 31
1686091080.467428; 493198; 31
1686091080.517432; 493248; 31
1686091080.567428; 493298; 31
1686091080.617426; 493348; 31
1686091080.667428; 493398; 31
1686091080.717426; 493448; 31
1686091080.767428; 493498; 31
1686091080.817432; 493548; 31
1686091080.867428; 493598; 31
1686091080.917432; 493648; 32
1686091080.967428; 493698; 32
1686091081.017426; 493748; 32
1686091081.067436; 493798; 32
1686091081.117434; 493848; 32
1686091081.167428; 493898; 32
1686091081.217432; 493948; 32
1686091081.267434; 493998; 32
1686091081.317426; 494048; 32
1686091081.367428; 494098; 32
1686091081.417427; 494148; 32
1686091081.467428; 494198; 32
1686091081.517432; 494248; 32
1686091081.567428; 494298; 32
1686091081.617426; 494348; 32
1686091081.667428; 494398; 32
1686091081.717432; 494448; 33
1686091081.767428; 494498; 33
1686091081.817433; 494548; 33
1686091081.867428; 494598; 33
1686091081.917432; 494648; 33
1686091081.967428; 494698; 33
1686091082.017432; 494748; 33
1686091082.067424; 494798; 33
1686091082.117434; 494848; 33
1686091082.167428; 494898; 33
1686091082.217432; 494948; 33
1686091082.267428; 494998; 33
1686091082.317432; 495048; 33
1686091082.367428; 495098; 33
1686091082.417432; 495148; 33
1686091082.467428; 495198; 33
1686091082.517432; 495248; 33
1686091082.567428; 495298; 33
1686091082.617432; 495348; 33
1686091082.667434; 495398; 33
1686091082.717426; 495448; 33
1686091082.767428; 495498; 33
1686091082.817432; 495548; 33
1686091082.867428; 495598; 32
1686091082.917432; 495648; 32
1686091082.967428; 495698; 32
1686091083.017432; 495748; 32
1686091083.067424; 495798; 32
1686091083.117434; 495848; 32
1686091083.167434; 495898; 32
1686091083.217426; 495948; 32
1686091083.267434; 495998; 32
1686091083.317426; 496048; 32
1686091083.367428; 496098; 32
1686091083.417432; 496148; 32
1686091083.467434; 496198; 31
1686091083.517426; 496248; 31
1686091083.567428; 496298; 32
1686091083.617426; 496348; 32
1686091083.667428; 496398; 32
1686091083.717426; 496448; 32
1686091083.767428; 496498; 32
1686091083.817432; 496548; 32
1686091083.867452; 496598; 32
1686091083.917426; 496648; 32
1686091083.967428; 496698; 31
1686091084.017426; 496748; 31
1686091084.067436; 496798; 32
1686091084.117428; 496848; 32
1686091084.167434; 496898; 32
1686091084.217426; 496948; 32
1686091084.267428; 496998; 32
1686091084.317426; 497048; 32
1686091084.367428; 497098; 32
1686091084.417432; 497148; 32
1686091084.467428; 497198; 32
1686091084.517432; 497248; 32
1686091084.567428; 497298; 32
1686091084.617433; 497348; 32
1686091084.667428; 497398; 32
1686091084.717432; 497448; 32
1686091084.767428; 497498; 32
1686091084.817432; 497548; 32
1686091084.867428; 497598; 32
1686091084.917426; 497648; 32
1686091084.967428; 497698; 32
1686091085.017432; 497748; 32
1686091085.067424; 497798; 32
1686091085.117434; 497848; 31
1686091085.167428; 497898; 31
1686091085.217432; 497948; 31
1686091085.267434; 497998; 31
1686091085.317432; 498048; 28
1686091085.367428; 498098; 28
1686091085.417426; 498148; 27
1686091085.467428; 498198; 27
1686091085.517432; 498248; 28
1686091085.567434; 498298; 28
1686091085.617432; 498348; 28
1686091085.667428; 498398; 28
1686091085.717435; 498448; 28
1686091085.767428; 498498; 28
1686091085.817432; 498548; 31
1686091085.867428; 498598; 31
1686091085.917433; 498648; 29
1686091085.967428; 498698; 29
1686091086.017433; 498748; 26
1686091086.067436; 498798; 26
1686091086.117434; 498848; 29
1686091086.167434; 498898; 29
1686091086.217426; 498948; 29
1686091086.267434; 498998; 29
1686091086.317426; 499048; 30
1686091086.367428; 499098; 30
1686091086.417432; 499148; 29
1686091086.467428; 499198; 29
1686091086.517432; 499248; 29
1686091086.567428; 499298; 29
1686091086.617443; 499348; 29
1686091086.667435; 499398; 29
1686091086.717432; 499448; 29
1686091086.767428; 499498; 29
1686091086.817432; 499548; 29
1686091086.867428; 499598; 29
1686091086.917432; 499648; 29
1686091086.967434; 499698; 27
1686091087.017426; 499748; 27
1686091087.067424; 499798; 27
1686091087.117434; 499848; 27
1686091087.167434; 499898; 27
1686091087.217426; 499948; 27
1686091087.267428; 499998; 26
1686091087.317432; 500048; 26
1686091087.367434; 500098; 26
1686091087.417426; 500148; 26
1686091087.467434; 500198; 26
1686091087.517426; 500248; 26
1686091087.567428; 500298; 26
1686091087.617432; 500348; 26
1686091087.667428; 500398; 26
1686091087.717432; 500448; 26
1686091087.767434; 500498; 28
1686091087.817426; 500548; 28
1686091087.867434; 500598; 29
1686091087.917426; 500648; 29
1686091087.967428; 500698; 28
1686091088.017432; 500748; 28
1686091088.067435; 500798; 27
1686091088.117434; 500848; 27
1686091088.167428; 500898; 27
1686091088.217426; 500948; 27
1686091088.267428; 500998; 26
1686091088.317432; 501048; 26
1686091088.367428; 501098; 26
1686091088.417432; 501148; 26
1686091088.467434; 501198; 31
1686091088.517432; 501248; 31
1686091088.567428; 501298; 27
1686091088.617432; 501348; 27
1686091088.667428; 501398; 25
1686091088.717426; 501448; 25
1686091088.767428; 501498; 25
1686091088.817432; 501548; 25
1686091088.867428; 501598; 25
1686091088.917433; 501648; 25
1686091088.967429; 501698; 25
1686091089.017426; 501748; 25
1686091089.067424; 501798; 25
1686091089.117434; 501848; 24
1686091089.167428; 501898; 24
1686091089.217426; 501948; 23
1686091089.267428; 501998; 23
1686091089.317426; 502048; 23
1686091089.367428; 502098; 23
1686091089.417426; 502148; 23
1686091089.467428; 502198; 23
1686091089.517432; 502248; 23
1686091089.567434; 502298; 23
1686091089.617426; 502348; 23
1686091089.667428; 502398; 23
1686091089.717426; 502448; 24
1686091089.767428; 502498; 24
1686091089.817432; 502548; 24
1686091089.867434; 502598; 24
1686091089.917433; 502648; 25
1686091089.967428; 502698; 25
1686091090.017432; 502748; 25
1686091090.067424; 502798; 25
1686091090.117434; 502848; 25
1686091090.167428; 502898; 25
1686091090.217435; 502948; 26
1686091090.267434; 502998; 26
1686091090.317426; 503048; 28
1686091090.367434; 503098; 28
1686091090.417426; 503148; 32
1686091090.467428; 503198; 32
1686091090.517433; 503248; 34
1686091090.567434; 503298; 34
1686091090.617426; 503348; 36
1686091090.667428; 503398; 36
1686091090.717432; 503448; 38
1686091090.767434; 503498; 38
1686091090.817426; 503548; 40
1686091090.867428; 503598; 40
1686091090.917432; 503648; 41
1686091090.967428; 503698; 41
1686091091.017432; 503748; 43
1686091091.067424; 503798; 43
1686091091.117434; 503848; 43
1686091091.167434; 503898; 43
1686091091.217426; 503948; 43
1686091091.267428; 503998; 44
1686091091.317432; 504048; 44
1686091091.367428; 504098; 47
1686091091.417432; 504148; 47
1686091091.467428; 504198; 49
1686091091.517432; 504248; 49
1686091091.567428; 504298; 51
1686091091.617432; 504348; 51
1686091091.667434; 504398; 56
1686091091.717426; 504448; 56
1686091091.767434; 504498; 62
1686091091.817426; 504548; 62
1686091091.867428; 504598; 59
1686091091.917432; 504648; 59
1686091091.967434; 504698; 66
1686091092.017426; 504748; 66
1686091092.067456; 504798; 65
1686091092.117428; 504848; 65
1686091092.167434; 504898; 58
1686091092.217426; 504948; 58
1686091092.267428; 504998; 47
1686091092.317432; 505048; 47
1686091092.367443; 505098; 34
1686091092.417426; 505148; 34
1686091092.467428; 505198; 31
1686091092.517432; 505248; 31
1686091092.567434; 505298; 30
1686091092.617426; 505348; 30
1686091092.667428; 505398; 31
1686091092.717426; 505448; 31
1686091092.767428; 505498; 31
1686091092.817426; 505548; 31
1686091092.867428; 505598; 31
1686091092.917432; 505648; 31
1686091092.967428; 505698; 32
1686091093.017426; 505748; 32
1686091093.067436; 505798; 33
1686091093.117434; 505848; 33
1686091093.167428; 505898; 33
1686091093.217436; 505948; 33
1686091093.267436; 505998; 33
1686091093.317432; 506048; 33
1686091093.367428; 506098; 33
1686091093.417432; 506148; 33
1686091093.467428; 506198; 34
1686091093.517432; 506248; 34
1686091093.567428; 506298; 34
1686091093.617426; 506348; 34
1686091093.667428; 506398; 34
1686091093.717432; 506448; 34
1686091093.767428; 506498; 34
1686091093.817426; 506548; 34
1686091093.867428; 506598; 34
1686091093.917426; 506648; 34
1686091093.967428; 506698; 34
1686091094.017432; 506748; 35
1686091094.067424; 506798; 35
1686091094.117428; 506848; 35
1686091094.167434; 506898; 35
1686091094.217433; 506948; 35
1686091094.267428; 506998; 35
1686091094.317432; 507048; 35
1686091094.367428; 507098; 35
1686091094.417426; 507148; 35
1686091094.467428; 507198; 35
1686091094.517452; 507248; 35
1686091094.567428; 507298; 35
1686091094.617432; 507348; 36
1686091094.667428; 507398; 36
1686091094.717432; 507448; 36
1686091094.767434; 507498; 36
1686091094.817426; 507548; 36
1686091094.867428; 507598; 36
1686091094.917432; 507648; 36
1686091094.967434; 507698; 36
1686091095.017426; 507748; 36
1686091095.067436; 507798; 36
1686091095.117434; 507848; 36
1686091095.167434; 507898; 36
1686091095.217426; 507948; 36
1686091095.267428; 507998; 36
1686091095.317432; 508048; 36
1686091095.367428; 508098; 36
1686091095.417432; 508148; 36
1686091095.467428; 508198; 36
1686091095.517432; 508248; 36
1686091095.567428; 508298; 36
1686091095.617432; 508348; 35
1686091095.667428; 508398; 35
1686091095.717432; 508448; 36
1686091095.767434; 508498; 36
1686091095.817426; 508548; 35
1686091095.867428; 508598; 35
1686091095.917432; 508648; 35
1686091095.967434; 508698; 35
1686091096.017426; 508748; 35
1686091096.067436; 508798; 35
1686091096.117434; 508848; 35
1686091096.167428; 508898; 35
1686091096.217432; 508948; 35
1686091096.267434; 508998; 34
1686091096.317426; 509048; 34
1686091096.367428; 509098; 34
1686091096.417432; 509148; 34
1686091096.467428; 509198; 34
1686091096.517432; 509248; 34
1686091096.567428; 509298; 34
1686091096.617426; 509348; 34
1686091096.667439; 509398; 35
1686091096.717432; 509448; 35
1686091096.767428; 509498; 35
1686091096.817432; 509548; 35
1686091096.867428; 509598; 36
1686091096.917432; 509648; 36
1686091096.967428; 509698; 36
1686091097.017432; 509748; 36
1686091097.067424; 509798; 36
1686091097.117428; 509848; 36
1686091097.167434; 509898; 37
1686091097.217426; 509948; 37
1686091097.267428; 509998; 37
1686091097.317426; 510048; 37
1686091097.367428; 510098; 37
1686091097.417426; 510148; 37
1686091097.467428; 510198; 37
1686091097.517426; 510248; 37
1686091097.567428; 510298; 37
1686091097.617432; 510348; 37
1686091097.667428; 510398; 37
1686091097.717432; 510448; 37
1686091097.767428; 510498; 37
1686091097.817432; 510548; 37
1686091097.867428; 510598; 36
1686091097.917426; 510648; 36
1686091097.967428; 510698; 37
1686091098.017426; 510748; 37
1686091098.067436; 510798; 36
1686091098.117434; 510848; 36
1686091098.167428; 510898; 36
1686091098.217432; 510948; 36
1686091098.267428; 510998; 36
1686091098.317426; 511048; 36
1686091098.367428; 511098; 36
1686091098.417432; 511148; 36
1686091098.467428; 511198; 36
1686091098.517428; 511248; 36
1686091098.567434; 511298; 36
1686091098.617426; 511348; 35
1686091098.667428; 511398; 35
1686091098.717427; 511448; 35
1686091098.767428; 511498; 35
1686091098.817432; 511548; 34
1686091098.867428; 511598; 34
1686091098.917432; 511648; 34
1686091098.967428; 511698; 34
1686091099.017432; 511748; 33
1686091099.067424; 511798; 33
1686091099.117434; 511848; 33
1686091099.167434; 511898; 33
1686091099.217426; 511948; 33
1686091099.267428; 511998; 33
1686091099.317432; 512048; 33
1686091099.367428; 512098; 33
1686091099.417432; 512148; 33
1686091099.467434; 512198; 33
1686091099.517426; 512248; 32
1686091099.567428; 512298; 32
1686091099.617432; 512348; 31
1686091099.667434; 512398; 31
1686091099.717426; 512448; 30
1686091099.767434; 512498; 30
1686091099.817436; 512548; 29
1686091099.867436; 512598; 29
1686091099.917432; 512648; 29
1686091099.967428; 512698; 29
1686091100.017432; 512748; 29
1686091100.067424; 512798; 29
1686091100.117434; 512848; 29
1686091100.167434; 512898; 29
1686091100.217433; 512948; 29
1686091100.267434; 512998; 29
1686091100.317426; 513048; 29
1686091100.367434; 513098; 29
1686091100.417426; 513148; 29
1686091100.467428; 513198; 29
1686091100.517432; 513248; 29
1686091100.567434; 513298; 29
1686091100.617426; 513348; 29
1686091100.667436; 513398; 30
1686091100.717432; 513448; 30
1686091100.767428; 513498; 30
1686091100.817426; 513548; 30
1686091100.867428; 513598; 30
1686091100.917432; 513648; 30
1686091100.967428; 513698; 30
1686091101.017426; 513748; 30
1686091101.067436; 513798; 30
1686091101.117428; 513848; 30
1686091101.167434; 513898; 31
1686091101.217432; 513948; 31
1686091101.267428; 513998; 31
1686091101.317432; 514048; 31
1686091101.367428; 514098; 31
1686091101.417432; 514148; 31
1686091101.467428; 514198; 31
1686091101.517432; 514248; 31
1686091101.567428; 514298; 31
1686091101.617432; 514348; 31
1686091101.667428; 514398; 29
1686091101.717432; 514448; 29
1686091101.767428; 514498; 30
1686091101.817426; 514548; 30
1686091101.867428; 514598; 30
1686091101.917432; 514648; 30
1686091101.967428; 514698; 31
1686091102.017432; 514748; 31
1686091102.067424; 514798; 32
1686091102.117428; 514848; 32
1686091102.167434; 514898; 32
1686091102.217426; 514948; 32
1686091102.267428; 514998; 31
1686091102.317432; 515048; 31
1686091102.367428; 515098; 30
1686091102.417426; 515148; 30
1686091102.467428; 515198; 29
1686091102.517432; 515248; 29
1686091102.567428; 515298; 28
1686091102.617432; 515348; 28
1686091102.667428; 515398; 28
1686091102.717426; 515448; 28
1686091102.767428; 515498; 28
1686091102.817435; 515548; 27
1686091102.867428; 515598; 27
1686091102.917432; 515648; 27
1686091102.967428; 515698; 27
1686091103.017443; 515748; 27
1686091103.067436; 515798; 27
1686091103.117434; 515848; 27
1686091103.167428; 515898; 27
1686091103.217432; 515948; 27
1686091103.267428; 515998; 27
1686091103.317432; 516048; 27
1686091103.367434; 516098; 27
1686091103.417426; 516148; 27
1686091103.467434; 516198; 27
1686091103.517426; 516248; 27
1686091103.567428; 516298; 27
1686091103.617432; 516348; 27
1686091103.667434; 516398; 27
1686091103.717426; 516448; 27
1686091103.767428; 516498; 27
1686091103.817432; 516548; 27
1686091103.867434; 516598; 27
1686091103.917426; 516648; 27
1686091103.967428; 516698; 27
1686091104.017432; 516748; 27
1686091104.067436; 516798; 27
1686091104.117434; 516848; 27
1686091104.167428; 516898; 27
1686091104.217432; 516948; 27
1686091104.267434; 516998; 27
1686091104.317426; 517048; 27
1686091104.367434; 517098; 27
1686091104.417426; 517148; 27
1686091104.467428; 517198; 27
1686091104.517432; 517248; 28
1686091104.567428; 517298; 28
1686091104.617432; 517348; 28
1686091104.667428; 517398; 28
1686091104.717432; 517448; 28
1686091104.767428; 517498; 28
1686091104.817432; 517548; 28
1686091104.867425; 517598; 28
1686091104.917426; 517648; 29
1686091104.967428; 517698; 29
1686091105.017432; 517748; 29
1686091105.067425; 517798; 29
1686091105.117434; 517848; 29
1686091105.167428; 517898; 30
1686091105.217432; 517948; 30
1686091105.267428; 517998; 31
1686091105.317426; 518048; 31
1686091105.367428; 518098; 31
1686091105.417426; 518148; 31
1686091105.467428; 518198; 31
1686091105.517432; 518248; 31
1686091105.567428; 518298; 31
1686091105.617426; 518348; 31
1686091105.667428; 518398; 30
1686091105.717432; 518448; 30
1686091105.767428; 518498; 30
1686091105.817432; 518548; 30
1686091105.867428; 518598; 32
1686091105.917426; 518648; 32
1686091105.967428; 518698; 42
1686091106.017426; 518748; 42
1686091106.067436; 518798; 46
1686091106.117434; 518848; 46
1686091106.167428; 518898; 40
1686091106.217432; 518948; 40
1686091106.267434; 518998; 37
1686091106.317426; 519048; 37
1686091106.367428; 519098; 37
1686091106.417436; 519148; 37
1686091106.467436; 519198; 37
1686091106.517426; 519248; 37
1686091106.567428; 519298; 35
1686091106.617426; 519348; 35
1686091106.667428; 519398; 34
1686091106.717432; 519448; 34
1686091106.767428; 519498; 33
1686091106.817426; 519548; 33
1686091106.867428; 519598; 33
1686091106.917432; 519648; 33
1686091106.967428; 519698; 31
1686091107.017432; 519748; 31
1686091107.067424; 519798; 30
1686091107.117428; 519848; 30
1686091107.167428; 519898; 30
1686091107.217432; 519948; 30
1686091107.267428; 519998; 29
1686091107.317458; 520048; 29
1686091107.367434; 520098; 29
1686091107.417426; 520148; 29
1686091107.467428; 520198; 29
1686091107.517432; 520248; 30
1686091107.567428; 520298; 30
1686091107.617432; 520348; 30
1686091107.667434; 520398; 30
1686091107.717426; 520448; 30
1686091107.767428; 520498; 30
1686091107.817432; 520548; 30
1686091107.867428; 520598; 30
1686091107.917432; 520648; 29
1686091107.967428; 520698; 29
1686091108.017432; 520748; 30
1686091108.067424; 520798; 30
1686091108.117434; 520848; 30
1686091108.167428; 520898; 30
1686091108.217432; 520948; 30
1686091108.267428; 520998; 30
1686091108.317432; 521048; 29
1686091108.367434; 521098; 29
1686091108.417426; 521148; 29
1686091108.467428; 521198; 29
1686091108.517432; 521248; 29
1686091108.567428; 521298; 29
1686091108.617432; 521348; 29
1686091108.667434; 521398; 29
1686091108.717426; 521448; 29
1686091108.767434; 521498; 29
1686091108.817426; 521548; 29
1686091108.867434; 521598; 29
1686091108.917426; 521648; 30
1686091108.967434; 521698; 30
1686091109.017426; 521748; 30
1686091109.067424; 521798; 30
1686091109.117434; 521848; 29
1686091109.167428; 521898; 29
1686091109.217432; 521948; 29
1686091109.267428; 521998; 29
1686091109.317432; 522048; 29
1686091109.367428; 522098; 29
1686091109.417432; 522148; 29
1686091109.467428; 522198; 29
1686091109.517432; 522248; 29
1686091109.567428; 522298; 29
1686091109.617426; 522348; 29
1686091109.667428; 522398; 29
1686091109.717432; 522448; 29
1686091109.767428; 522498; 28
1686091109.817426; 522548; 28
1686091109.867428; 522598; 28
1686091109.917432; 522648; 28
1686091109.967428; 522698; 28
1686091110.017432; 522748; 28
1686091110.067424; 522798; 28
1686091110.117434; 522848; 28
1686091110.167428; 522898; 28
1686091110.217433; 522948; 28
1686091110.267428; 522998; 28
1686091110.317426; 523048; 28
1686091110.367428; 523098; 28
1686091110.417432; 523148; 28
1686091110.467428; 523198; 28
1686091110.517426; 523248; 28
1686091110.567428; 523298; 27
1686091110.617432; 523348; 27
1686091110.667428; 523398; 27
1686091110.717432; 523448; 27
1686091110.767428; 523498; 27
1686091110.817426; 523548; 27
1686091110.867428; 523598; 27
1686091110.917432; 523648; 27
1686091110.967428; 523698; 27
1686091111.017433; 523748; 27
1686091111.067432; 523798; 27
1686091111.117428; 523848; 27
1686091111.167434; 523898; 27
1686091111.217432; 523948; 27
1686091111.267428; 523998; 27
1686091111.317425; 524048; 27
1686091111.367428; 524098; 27
1686091111.417426; 524148; 27
1686091111.467428; 524198; 27
1686091111.517432; 524248; 27
1686091111.567432; 524298; 27
1686091111.617423; 524348; 27
1686091111.667425; 524398; 27
1686091111.717423; 524448; 27
1686091111.767432; 524498; 28
1686091111.817423; 524548; 28
1686091111.867434; 524598; 27
1686091111.917426; 524648; 27
1686091111.967434; 524698; 27
1686091112.017426; 524748; 27
1686091112.067436; 524798; 27
1686091112.117434; 524848; 27
1686091112.167428; 524898; 27
1686091112.217432; 524948; 27
1686091112.267428; 524998; 27
1686091112.317432; 525048; 27
1686091112.367428; 525098; 27
1686091112.417432; 525148; 27
1686091112.467434; 525198; 27
1686091112.517426; 525248; 27
1686091112.567428; 525298; 27
1686091112.617432; 525348; 28
1686091112.667434; 525398; 28
1686091112.717443; 525448; 27
1686091112.767434; 525498; 27
1686091112.817426; 525548; 27
1686091112.867428; 525598; 27
1686091112.917432; 525648; 27
1686091112.967428; 525698; 27
1686091113.017436; 525748; 27
1686091113.067438; 525798; 27
1686091113.117428; 525848; 27
1686091113.167434; 525898; 27
1686091113.217426; 525948; 27
1686091113.267434; 525998; 27
1686091113.317426; 526048; 27
1686091113.367434; 526098; 27
1686091113.417426; 526148; 27
1686091113.467445; 526198; 27
1686091113.517426; 526248; 27
1686091113.567428; 526298; 27
1686091113.617432; 526348; 27
1686091113.667433; 526398; 27
1686091113.717426; 526448; 27
1686091113.767428; 526498; 27
1686091113.817432; 526548; 27
1686091113.867428; 526598; 27
1686091113.917432; 526648; 27
1686091113.967434; 526698; 27
1686091114.017426; 526748; 27
1686091114.067436; 526798; 27
1686091114.117434; 526848; 27
1686091114.167428; 526898; 27
1686091114.217432; 526948; 27
1686091114.267428; 526998; 27
1686091114.317432; 527048; 27
1686091114.367428; 527098; 27
1686091114.417432; 527148; 27
1686091114.467428; 527198; 27
1686091114.517432; 527248; 27
1686091114.567428; 527298; 27
1686091114.617432; 527348; 27
1686091114.667428; 527398; 27
1686091114.717426; 527448; 27
1686091114.767428; 527498; 27
1686091114.817432; 527548; 27
1686091114.867428; 527598; 27
1686091114.917432; 527648; 27
1686091114.967428; 527698; 27
1686091115.017426; 527748; 27
1686091115.067436; 527798; 27
1686091115.117428; 527848; 27
1686091115.167434; 527898; 27
1686091115.217426; 527948; 27
1686091115.267428; 527998; 27
1686091115.317426; 528048; 27
1686091115.367428; 528098; 27
1686091115.417432; 528148; 27
1686091115.467428; 528198; 27
1686091115.517432; 528248; 27
1686091115.567428; 528298; 27
1686091115.617442; 528348; 27
1686091115.667428; 528398; 27
1686091115.717433; 528448; 27
1686091115.767434; 528498; 27
1686091115.817443; 528548; 27
1686091115.867434; 528598; 27
1686091115.917426; 528648; 27
1686091115.967428; 528698; 27
1686091116.017432; 528748; 27
1686091116.067424; 528798; 27
1686091116.117434; 528848; 27
1686091116.167434; 528898; 27
1686091116.217426; 528948; 27
1686091116.267428; 528998; 27
1686091116.317432; 529048; 27
1686091116.367428; 529098; 27
1686091116.417432; 529148; 27
1686091116.467434; 529198; 27
1686091116.517426; 529248; 27
1686091116.567434; 529298; 27
1686091116.617426; 529348; 27
1686091116.667434; 529398; 27
1686091116.717426; 529448; 27
1686091116.767428; 529498; 27
1686091116.817432; 529548; 27
1686091116.867434; 529598; 27
1686091116.917426; 529648; 27
1686091116.967434; 529698; 27
1686091117.017426; 529748; 27
1686091117.067424; 529798; 27
1686091117.117434; 529848; 27
1686091117.167428; 529898; 27
1686091117.217432; 529948; 27
1686091117.267428; 529998; 27
1686091117.317432; 530048; 27
1686091117.367428; 530098; 27
1686091117.417432; 530148; 27
1686091117.467434; 530198; 27
1686091117.517426; 530248; 27
1686091117.567428; 530298; 27
1686091117.617432; 530348; 27
1686091117.667428; 530398; 27
1686091117.717432; 530448; 27
1686091117.767439; 530498; 27
1686091117.817432; 530548; 27
1686091117.867434; 530598; 27
1686091117.917432; 530648; 27
1686091117.967457; 530698; 27
1686091118.017426; 530748; 27
1686091118.067436; 530798; 27
1686091118.117434; 530848; 27
1686091118.167428; 530898; 27
1686091118.217432; 530948; 27
1686091118.267434; 530998; 27
1686091118.317426; 531048; 27
1686091118.367428; 531098; 27
1686091118.417432; 531148; 27
1686091118.467428; 531198; 27
1686091118.517432; 531248; 27
1686091118.567428; 531298; 27
1686091118.617426; 531348; 27
1686091118.667428; 531398; 27
1686091118.717432; 531448; 27
1686091118.767428; 531498; 27
1686091118.817426; 531548; 27
1686091118.867428; 531598; 27
1686091118.917426; 531648; 27
1686091118.967428; 531698; 27
1686091119.017426; 531748; 27
1686091119.067436; 531798; 27
1686091119.117428; 531848; 27
1686091119.167434; 531898; 27
1686091119.217426; 531948; 27
1686091119.267428; 531998; 26
1686091119.317432; 532048; 26
1686091119.367428; 532098; 26
1686091119.417432; 532148; 26
1686091119.467434; 532198; 26
1686091119.517426; 532248; 26
1686091119.567428; 532298; 26
1686091119.617447; 532348; 26
1686091119.667430; 532398; 27
1686091119.717426; 532448; 27
1686091119.767428; 532498; 27
1686091119.817433; 532548; 27
1686091119.867428; 532598; 27
1686091119.917432; 532648; 27
1686091119.967428; 532698; 27
1686091120.017427; 532748; 27
1686091120.067424; 532798; 27
1686091120.117435; 532848; 27
1686091120.167428; 532898; 27
1686091120.217432; 532948; 27
1686091120.267434; 532998; 27
1686091120.317426; 533048; 27
1686091120.367428; 533098; 27
1686091120.417432; 533148; 27
1686091120.467434; 533198; 27
1686091120.517426; 533248; 27
1686091120.567434; 533298; 27
1686091120.617426; 533348; 27
1686091120.667428; 533398; 27
1686091120.717432; 533448; 27
1686091120.767434; 533498; 27
1686091120.817426; 533548; 27
1686091120.867428; 533598; 27
1686091120.917432; 533648; 27
1686091120.967434; 533698; 27
1686091121.017426; 533748; 27
1686091121.067436; 533798; 27
1686091121.117434; 533848; 27
1686091121.167428; 533898; 27
1686091121.217432; 533948; 27
1686091121.267434; 533998; 27
1686091121.317426; 534048; 27
1686091121.367428; 534098; 27
1686091121.417432; 534148; 27
1686091121.467434; 534198; 27
1686091121.517426; 534248; 27
1686091121.567428; 534298; 27
1686091121.617432; 534348; 27
1686091121.667428; 534398; 27
1686091121.717432; 534448; 27
1686091121.767434; 534498; 27
1686091121.817426; 534548; 27
1686091121.867428; 534598; 27
1686091121.917432; 534648; 27
1686091121.967428; 534698; 27
1686091122.017432; 534748; 27
1686091122.067425; 534798; 27
1686091122.117428; 534848; 27
1686091122.167428; 534898; 27
1686091122.217432; 534948; 27
1686091122.267428; 534998; 27
1686091122.317426; 535048; 27
1686091122.367428; 535098; 27
1686091122.417426; 535148; 27
1686091122.467428; 535198; 27
1686091122.517432; 535248; 27
1686091122.567428; 535298; 27
1686091122.617432; 535348; 27
1686091122.667428; 535398; 27
1686091122.717426; 535448; 27
1686091122.767428; 535498; 27
1686091122.817432; 535548; 27
1686091122.867428; 535598; 27
1686091122.917426; 535648; 27
1686091122.967428; 535698; 27
1686091123.017432; 535748; 27
1686091123.067424; 535798; 27
1686091123.117434; 535848; 27
1686091123.167428; 535898; 27
1686091123.217432; 535948; 27
1686091123.267428; 535998; 27
1686091123.317426; 536048; 27
1686091123.367428; 536098; 27
1686091123.417426; 536148; 27
1686091123.467428; 536198; 27
1686091123.517426; 536248; 27
1686091123.567428; 536298; 27
1686091123.617432; 536348; 27
1686091123.667428; 536398; 27
1686091123.717426; 536448; 27
1686091123.767428; 536498; 27
1686091123.817432; 536548; 27
1686091123.867428; 536598; 27
1686091123.917432; 536648; 27
1686091123.967428; 536698; 27
1686091124.017432; 536748; 27
1686091124.067424; 536798; 27
1686091124.117435; 536848; 27
1686091124.167428; 536898; 27
1686091124.217433; 536948; 27
1686091124.267428; 536998; 27
1686091124.317427; 537048; 27
1686091124.367428; 537098; 27
1686091124.417432; 537148; 27
1686091124.467428; 537198; 27
1686091124.517432; 537248; 27
1686091124.567434; 537298; 27
1686091124.617426; 537348; 27
1686091124.667428; 537398; 27
1686091124.717432; 537448; 27
1686091124.767428; 537498; 27
1686091124.817432; 537548; 27
1686091124.867428; 537598; 27
1686091124.917432; 537648; 27
1686091124.967428; 537698; 27
1686091125.017432; 537748; 27
1686091125.067424; 537798; 27
1686091125.117434; 537848; 27
1686091125.167434; 537898; 27
1686091125.217426; 537948; 27
1686091125.267428; 537998; 27
1686091125.317432; 538048; 27
1686091125.367434; 538098; 27
1686091125.417426; 538148; 27
1686091125.467428; 538198; 27
1686091125.517432; 538248; 27
1686091125.567434; 538298; 27
1686091125.617426; 538348; 27
1686091125.667434; 538398; 27
1686091125.717426; 538448; 27
1686091125.767428; 538498; 27
1686091125.817432; 538548; 27
1686091125.867434; 538598; 27
1686091125.917426; 538648; 27
1686091125.967428; 538698; 27
1686091126.017432; 538748; 27
1686091126.067424; 538798; 27
1686091126.117434; 538848; 27
1686091126.167434; 538898; 27
1686091126.217442; 538948; 27
1686091126.267430; 538998; 27
1686091126.317426; 539048; 27
1686091126.367429; 539098; 27
1686091126.417426; 539148; 27
1686091126.467428; 539198; 27
1686091126.517432; 539248; 27
1686091126.567428; 539298; 27
1686091126.617432; 539348; 27
1686091126.667428; 539398; 27
1686091126.717426; 539448; 27
1686091126.767428; 539498; 27
1686091126.817432; 539548; 27
1686091126.867428; 539598; 27
1686091126.917432; 539648; 27
1686091126.967428; 539698; 27
1686091127.017432; 539748; 27
1686091127.067425; 539798; 27
1686091127.117434; 539848; 27
1686091127.167428; 539898; 27
1686091127.217432; 539948; 27
1686091127.267428; 539998; 27
1686091127.317432; 540048; 27
1686091127.367428; 540098; 27
1686091127.417426; 540148; 27
1686091127.467428; 540198; 27
1686091127.517426; 540248; 27
1686091127.567428; 540298; 27
1686091127.617432; 540348; 27
1686091127.667428; 540398; 27
1686091127.717432; 540448; 27
1686091127.767434; 540498; 27
1686091127.817426; 540548; 27
1686091127.867428; 540598; 27
1686091127.917433; 540648; 27
1686091127.967428; 540698; 27
1686091128.017432; 540748; 27
1686091128.067424; 540798; 27
1686091128.117428; 540848; 27
1686091128.167434; 540898; 27
1686091128.217432; 540948; 27
1686091128.267428; 540998; 27
1686091128.317433; 541048; 27
1686091128.367428; 541098; 27
1686091128.417442; 541148; 27
1686091128.467434; 541198; 27
1686091128.517426; 541248; 27
1686091128.567428; 541298; 27
1686091128.617454; 541348; 27
1686091128.667434; 541398; 27
1686091128.717426; 541448; 27
1686091128.767434; 541498; 27
1686091128.817426; 541548; 27
1686091128.867434; 541598; 27
1686091128.917426; 541648; 27
1686091128.967428; 541698; 27
1686091129.017432; 541748; 27
1686091129.067436; 541798; 27
1686091129.117434; 541848; 27
1686091129.167434; 541898; 27
1686091129.217426; 541948; 27
1686091129.267428; 541998; 27
1686091129.317432; 542048; 27
1686091129.367428; 542098; 27
1686091129.417432; 542148; 27
1686091129.467428; 542198; 27
1686091129.517432; 542248; 27
1686091129.567434; 542298; 27
1686091129.617426; 542348; 27
1686091129.667434; 542398; 27
1686091129.717426; 542448; 27
1686091129.767428; 542498; 27
1686091129.817432; 542548; 27
1686091129.867434; 542598; 27
1686091129.917426; 542648; 27
1686091129.967428; 542698; 27
1686091130.017432; 542748; 27
1686091130.067425; 542798; 27
1686091130.117434; 542848; 27
1686091130.167428; 542898; 27
1686091130.217432; 542948; 27
1686091130.267434; 542998; 27
1686091130.317426; 543048; 27
1686091130.367434; 543098; 27
1686091130.417426; 543148; 27
1686091130.467453; 543198; 27
1686091130.517426; 543248; 27
1686091130.567434; 543298; 27
1686091130.617426; 543348; 27
1686091130.667428; 543398; 27
1686091130.717426; 543448; 27
1686091130.767439; 543498; 27
1686091130.817432; 543548; 27
1686091130.867428; 543598; 27
1686091130.917426; 543648; 27
1686091130.967428; 543698; 27
1686091131.017426; 543748; 27
1686091131.067436; 543798; 27
1686091131.117428; 543848; 27
1686091131.167434; 543898; 27
1686091131.217426; 543948; 27
1686091131.267428; 543998; 27
1686091131.317432; 544048; 27
1686091131.367428; 544098; 27
1686091131.417432; 544148; 27
1686091131.467428; 544198; 27
1686091131.517426; 544248; 27
1686091131.567428; 544298; 27
1686091131.617432; 544348; 27
1686091131.667428; 544398; 27
1686091131.717426; 544448; 27
1686091131.767428; 544498; 27
1686091131.817426; 544548; 27
1686091131.867428; 544598; 27
1686091131.917426; 544648; 27
1686091131.967428; 544698; 27
1686091132.017426; 544748; 27
1686091132.067436; 544798; 27
1686091132.117434; 544848; 27
1686091132.167428; 544898; 27
1686091132.217432; 544948; 27
1686091132.267428; 544998; 27
1686091132.317432; 545048; 27
1686091132.367428; 545098; 27
1686091132.417426; 545148; 27
1686091132.467428; 545198; 27
1686091132.517432; 545248; 27
1686091132.567428; 545298; 27
1686091132.617433; 545348; 27
1686091132.667428; 545398; 27
1686091132.717426; 545448; 27
1686091132.767428; 545498; 27
1686091132.817433; 545548; 27
1686091132.867448; 545598; 27
1686091132.917428; 545648; 27
1686091132.967434; 545698; 27
1686091133.017426; 545748; 27
1686091133.067424; 545798; 27
1686091133.117434; 545848; 27
1686091133.167434; 545898; 27
1686091133.217426; 545948; 27
1686091133.267434; 545998; 27
1686091133.317426; 546048; 27
1686091133.367428; 546098; 27
1686091133.417432; 546148; 27
1686091133.467428; 546198; 27
1686091133.517432; 546248; 27
1686091133.567434; 546298; 27
1686091133.617426; 546348; 27
1686091133.667428; 546398; 27
1686091133.717432; 546448; 27
1686091133.767434; 546498; 27
1686091133.817426; 546548; 27
1686091133.867434; 546598; 27
1686091133.917426; 546648; 27
1686091133.967428; 546698; 27
1686091134.017432; 546748; 27
1686091134.067425; 546798; 27
1686091134.117434; 546848; 27
1686091134.167434; 546898; 27
1686091134.217426; 546948; 27
1686091134.267434; 546998; 27
1686091134.317426; 547048; 27
1686091134.367428; 547098; 27
1686091134.417432; 547148; 27
1686091134.467428; 547198; 27
1686091134.517432; 547248; 27
1686091134.567428; 547298; 27
1686091134.617432; 547348; 27
1686091134.667434; 547398; 27
1686091134.717426; 547448; 27
1686091134.767433; 547498; 27
1686091134.817426; 547548; 27
1686091134.867434; 547598; 27
1686091134.917426; 547648; 27
1686091134.967433; 547698; 27
1686091135.017432; 547748; 27
1686091135.067424; 547798; 27
1686091135.117434; 547848; 27
1686091135.167428; 547898; 27
1686091135.217432; 547948; 27
1686091135.267428; 547998; 27
1686091135.317426; 548048; 27
1686091135.367428; 548098; 27
1686091135.417432; 548148; 27
1686091135.467428; 548198; 27
1686091135.517426; 548248; 27
1686091135.567428; 548298; 27
1686091135.617426; 548348; 27
1686091135.667428; 548398; 27
1686091135.717432; 548448; 27
1686091135.767428; 548498; 27
1686091135.817432; 548548; 27
1686091135.867434; 548598; 27
1686091135.917426; 548648; 27
1686091135.967428; 548698; 27
1686091136.017426; 548748; 27
1686091136.067436; 548798; 27
1686091136.117434; 548848; 27
1686091136.167428; 548898; 27
1686091136.217426; 548948; 27
1686091136.267428; 548998; 27
1686091136.317426; 549048; 27
1686091136.367428; 549098; 27
1686091136.417432; 549148; 27
1686091136.467428; 549198; 27
1686091136.517432; 549248; 27
1686091136.567428; 549298; 27
1686091136.617426; 549348; 27
1686091136.667428; 549398; 27
1686091136.717426; 549448; 27
1686091136.767428; 549498; 27
1686091136.817432; 549548; 27
1686091136.867434; 549598; 27
1686091136.917426; 549648; 27
1686091136.967428; 549698; 27
1686091137.017432; 549748; 27
1686091137.067424; 549798; 27
1686091137.117436; 549848; 27
1686091137.167428; 549898; 27
1686091137.217432; 549948; 27
1686091137.267428; 549998; 27
1686091137.317432; 550048; 27
1686091137.367434; 550098; 27
1686091137.417426; 550148; 27
1686091137.467428; 550198; 27
1686091137.517432; 550248; 27
1686091137.567434; 550298; 27
1686091137.617426; 550348; 27
1686091137.667428; 550398; 27
1686091137.717432; 550448; 27
1686091137.767434; 550498; 27
1686091137.817426; 550548; 27
1686091137.867428; 550598; 27
1686091137.917432; 550648; 27
1686091137.967428; 550698; 27
1686091138.017432; 550748; 27
1686091138.067424; 550798; 27
1686091138.117434; 550848; 27
1686091138.167434; 550898; 27
1686091138.217426; 550948; 27
1686091138.267428; 550998; 27
1686091138.317432; 551048; 27
1686091138.367434; 551098; 27
1686091138.417426; 551148; 27
1686091138.467428; 551198; 27
1686091138.517432; 551248; 27
1686091138.567434; 551298; 27
1686091138.617426; 551348; 27
1686091138.667428; 551398; 27
1686091138.717432; 551448; 27
1686091138.767434; 551498; 27
1686091138.817426; 551548; 27
1686091138.867428; 551598; 27
1686091138.917432; 551648; 27
1686091138.967428; 551698; 27
1686091139.017432; 551748; 27
1686091139.067425; 551798; 27
1686091139.117428; 551848; 27
1686091139.167434; 551898; 27
1686091139.217426; 551948; 27
1686091139.267428; 551998; 27
1686091139.317432; 552048; 27
1686091139.367428; 552098; 27
1686091139.417432; 552148; 27
1686091139.467449; 552198; 27
1686091139.517438; 552248; 27
1686091139.567434; 552298; 27
1686091139.617432; 552348; 27
1686091139.667428; 552398; 27
1686091139.717426; 552448; 27
1686091139.767428; 552498; 27
1686091139.817432; 552548; 27
1686091139.867428; 552598; 27
1686091139.917426; 552648; 27
1686091139.967428; 552698; 27
