1686090371.823617; 1288739; 19
1686090371.873508; 1288789; 19
1686090371.923504; 1288839; 19
1686090371.973502; 1288889; 19
1686090372.023509; 1288939; 19
1686090372.073509; 1288989; 19
1686090372.123511; 1289039; 19
1686090372.173508; 1289089; 19
1686090372.223509; 1289139; 19
1686090372.273508; 1289189; 19
1686090372.323509; 1289239; 19
1686090372.373508; 1289289; 19
1686090372.423509; 1289339; 19
1686090372.473508; 1289389; 19
1686090372.523509; 1289439; 19
1686090372.573508; 1289489; 19
1686090372.623504; 1289539; 19
1686090372.673502; 1289589; 19
1686090372.723504; 1289639; 19
1686090372.773507; 1289689; 19
1686090372.823509; 1289739; 19
1686090372.873508; 1289789; 19
1686090372.923509; 1289839; 19
1686090372.973508; 1289889; 19
1686090373.023504; 1289939; 19
1686090373.073509; 1289989; 19
1686090373.123523; 1290039; 19
1686090373.173502; 1290089; 19
1686090373.223504; 1290139; 19
1686090373.273502; 1290189; 19
1686090373.323533; 1290239; 19
1686090373.373502; 1290289; 19
1686090373.423509; 1290339; 19
1686090373.473508; 1290389; 19
1686090373.523504; 1290439; 19
1686090373.573502; 1290489; 19
1686090373.623509; 1290539; 19
1686090373.673502; 1290589; 19
1686090373.723509; 1290639; 19
1686090373.773508; 1290689; 19
1686090373.823509; 1290739; 19
1686090373.873508; 1290789; 19
1686090373.923504; 1290839; 19
1686090373.973502; 1290889; 19
1686090374.023509; 1290939; 19
1686090374.073504; 1290989; 19
1686090374.123500; 1291039; 19
1686090374.173507; 1291089; 19
1686090374.223504; 1291139; 19
1686090374.273502; 1291189; 19
1686090374.323509; 1291239; 19
1686090374.373508; 1291289; 19
1686090374.423504; 1291339; 19
1686090374.473508; 1291389; 19
1686090374.523509; 1291439; 19
1686090374.573508; 1291489; 19
1686090374.623504; 1291539; 20
1686090374.673502; 1291589; 20
1686090374.723509; 1291639; 20
1686090374.773502; 1291689; 20
1686090374.823509; 1291739; 20
1686090374.873508; 1291789; 20
1686090374.923504; 1291839; 20
1686090374.973502; 1291889; 20
1686090375.023509; 1291939; 20
1686090375.073509; 1291989; 20
1686090375.123511; 1292039; 20
1686090375.173508; 1292089; 20
1686090375.223509; 1292139; 20
1686090375.273507; 1292189; 20
1686090375.323509; 1292239; 20
1686090375.373502; 1292289; 20
1686090375.423504; 1292339; 20
1686090375.473526; 1292389; 20
1686090375.523509; 1292439; 20
1686090375.573508; 1292489; 20
1686090375.623504; 1292539; 20
1686090375.673502; 1292589; 20
1686090375.723509; 1292639; 20
1686090375.773508; 1292689; 20
1686090375.823509; 1292739; 20
1686090375.873508; 1292789; 20
1686090375.923509; 1292839; 20
1686090375.973508; 1292889; 20
1686090376.023509; 1292939; 20
1686090376.073509; 1292989; 20
1686090376.123500; 1293039; 20
1686090376.173507; 1293089; 20
1686090376.223504; 1293139; 20
1686090376.273502; 1293189; 20
1686090376.323509; 1293239; 20
1686090376.373508; 1293289; 20
1686090376.423504; 1293339; 20
1686090376.473502; 1293389; 20
1686090376.523504; 1293439; 20
1686090376.573507; 1293489; 19
1686090376.623504; 1293539; 19
1686090376.673502; 1293589; 19
1686090376.723504; 1293639; 19
1686090376.773502; 1293689; 19
1686090376.823509; 1293739; 19
1686090376.873508; 1293789; 19
1686090376.923504; 1293839; 19
1686090376.973502; 1293889; 19
1686090377.023504; 1293939; 19
1686090377.073509; 1293989; 19
1686090377.123500; 1294039; 19
1686090377.173508; 1294089; 19
1686090377.223509; 1294139; 19
1686090377.273508; 1294189; 19
1686090377.323498; 1294239; 19
1686090377.373508; 1294289; 19
1686090377.423504; 1294339; 19
1686090377.473507; 1294389; 19
1686090377.523499; 1294439; 19
1686090377.573508; 1294489; 19
1686090377.623504; 1294539; 19
1686090377.673508; 1294589; 19
1686090377.723509; 1294639; 19
1686090377.773508; 1294689; 19
1686090377.823509; 1294739; 19
1686090377.873508; 1294789; 20
1686090377.923509; 1294839; 20
1686090377.973502; 1294889; 20
1686090378.023509; 1294939; 20
1686090378.073504; 1294989; 20
1686090378.123500; 1295039; 20
1686090378.173502; 1295089; 20
1686090378.223534; 1295139; 20
1686090378.273517; 1295189; 20
1686090378.323509; 1295239; 20
1686090378.373502; 1295289; 20
1686090378.423509; 1295339; 20
1686090378.473508; 1295389; 20
1686090378.523509; 1295439; 20
1686090378.573502; 1295489; 20
1686090378.623509; 1295539; 20
1686090378.673502; 1295589; 20
1686090378.723509; 1295639; 20
1686090378.773502; 1295689; 20
1686090378.823509; 1295739; 20
1686090378.873502; 1295789; 20
1686090378.923509; 1295839; 20
1686090378.973502; 1295889; 20
1686090379.023509; 1295939; 20
1686090379.073504; 1295989; 20
1686090379.123500; 1296039; 20
1686090379.173508; 1296089; 20
1686090379.223509; 1296139; 20
1686090379.273508; 1296189; 20
1686090379.323504; 1296239; 20
1686090379.373508; 1296289; 20
1686090379.423509; 1296339; 20
1686090379.473508; 1296389; 20
1686090379.523509; 1296439; 20
1686090379.573508; 1296489; 20
1686090379.623509; 1296539; 20
1686090379.673500; 1296589; 20
1686090379.723509; 1296639; 20
1686090379.773508; 1296689; 20
1686090379.823509; 1296739; 20
1686090379.873508; 1296789; 20
1686090379.923509; 1296839; 20
1686090379.973507; 1296889; 20
1686090380.023509; 1296939; 20
1686090380.073509; 1296989; 20
1686090380.123500; 1297039; 20
1686090380.173508; 1297089; 20
1686090380.223504; 1297139; 20
1686090380.273508; 1297189; 20
1686090380.323509; 1297239; 20
1686090380.373508; 1297289; 20
1686090380.423504; 1297339; 20
1686090380.473502; 1297389; 20
1686090380.523504; 1297439; 20
1686090380.573502; 1297489; 20
1686090380.623509; 1297539; 20
1686090380.673508; 1297589; 20
1686090380.723504; 1297639; 20
1686090380.773502; 1297689; 20
1686090380.823504; 1297739; 20
1686090380.873502; 1297789; 20
1686090380.923509; 1297839; 20
1686090380.973508; 1297889; 20
1686090381.023509; 1297939; 20
1686090381.073509; 1297989; 20
1686090381.123500; 1298039; 20
1686090381.173507; 1298089; 20
1686090381.223504; 1298139; 20
1686090381.273502; 1298189; 20
1686090381.323504; 1298239; 20
1686090381.373502; 1298289; 20
1686090381.423509; 1298339; 20
1686090381.473508; 1298389; 20
1686090381.523509; 1298439; 20
1686090381.573508; 1298489; 20
1686090381.623516; 1298539; 20
1686090381.673502; 1298589; 20
1686090381.723504; 1298639; 20
1686090381.773508; 1298689; 20
1686090381.823504; 1298739; 20
1686090381.873502; 1298789; 20
1686090381.923509; 1298839; 20
1686090381.973502; 1298889; 20
1686090382.023509; 1298939; 20
1686090382.073509; 1298989; 20
1686090382.123511; 1299039; 20
1686090382.173507; 1299089; 20
1686090382.223504; 1299139; 20
1686090382.273508; 1299189; 20
1686090382.323509; 1299239; 20
1686090382.373502; 1299289; 20
1686090382.423509; 1299339; 20
1686090382.473508; 1299389; 20
1686090382.523509; 1299439; 20
1686090382.573508; 1299489; 20
1686090382.623509; 1299539; 20
1686090382.673507; 1299589; 20
1686090382.723509; 1299639; 20
1686090382.773502; 1299689; 20
1686090382.823509; 1299739; 20
1686090382.873508; 1299789; 20
1686090382.923509; 1299839; 20
1686090382.973508; 1299889; 20
1686090383.023509; 1299939; 20
1686090383.073504; 1299989; 20
1686090383.123500; 1300039; 20
1686090383.173502; 1300089; 20
1686090383.223509; 1300139; 20
1686090383.273508; 1300189; 20
1686090383.323509; 1300239; 20
1686090383.373508; 1300289; 20
1686090383.423509; 1300339; 20
1686090383.473502; 1300389; 20
1686090383.523509; 1300439; 20
1686090383.573502; 1300489; 20
1686090383.623509; 1300539; 20
1686090383.673508; 1300589; 20
1686090383.723509; 1300639; 20
1686090383.773526; 1300689; 20
1686090383.823509; 1300739; 20
1686090383.873508; 1300789; 20
1686090383.923504; 1300839; 20
1686090383.973519; 1300889; 20
1686090384.023509; 1300939; 20
1686090384.073504; 1300989; 20
1686090384.123511; 1301039; 20
1686090384.173508; 1301089; 20
1686090384.223509; 1301139; 20
1686090384.273508; 1301189; 20
1686090384.323509; 1301239; 20
1686090384.373508; 1301289; 20
1686090384.423504; 1301339; 20
1686090384.473502; 1301389; 20
1686090384.523509; 1301439; 20
1686090384.573508; 1301489; 20
1686090384.623517; 1301539; 20
1686090384.673514; 1301589; 20
1686090384.723504; 1301639; 20
1686090384.773502; 1301689; 20
1686090384.823504; 1301739; 21
1686090384.873502; 1301789; 21
1686090384.923509; 1301839; 21
1686090384.973508; 1301889; 21
1686090385.023504; 1301939; 21
1686090385.073509; 1301989; 21
1686090385.123511; 1302039; 21
1686090385.173507; 1302089; 21
1686090385.223504; 1302139; 21
1686090385.273502; 1302189; 21
1686090385.323504; 1302239; 21
1686090385.373507; 1302289; 21
1686090385.423504; 1302339; 21
1686090385.473502; 1302389; 21
1686090385.523509; 1302439; 21
1686090385.573508; 1302489; 21
1686090385.623504; 1302539; 21
1686090385.673508; 1302589; 21
1686090385.723509; 1302639; 21
1686090385.773508; 1302689; 21
1686090385.823504; 1302739; 21
1686090385.873502; 1302789; 21
1686090385.923509; 1302839; 21
1686090385.973508; 1302889; 21
1686090386.023510; 1302939; 21
1686090386.073504; 1302989; 21
1686090386.123500; 1303039; 21
1686090386.173508; 1303089; 21
1686090386.223509; 1303139; 21
1686090386.273507; 1303189; 21
1686090386.323504; 1303239; 21
1686090386.373502; 1303289; 21
1686090386.423509; 1303339; 21
1686090386.473508; 1303389; 22
1686090386.523504; 1303439; 22
1686090386.573502; 1303489; 22
1686090386.623509; 1303539; 22
1686090386.673508; 1303589; 22
1686090386.723509; 1303639; 22
1686090386.773502; 1303689; 22
1686090386.823509; 1303739; 22
1686090386.873502; 1303789; 22
1686090386.923509; 1303839; 22
1686090386.973502; 1303889; 22
1686090387.023509; 1303939; 22
1686090387.073498; 1303989; 22
1686090387.123511; 1304039; 22
1686090387.173502; 1304089; 22
1686090387.223509; 1304139; 22
1686090387.273502; 1304189; 23
1686090387.323509; 1304239; 23
1686090387.373508; 1304289; 23
1686090387.423509; 1304339; 23
1686090387.473502; 1304389; 23
1686090387.523509; 1304439; 23
1686090387.573507; 1304489; 23
1686090387.623509; 1304539; 23
1686090387.673508; 1304589; 23
1686090387.723504; 1304639; 23
1686090387.773502; 1304689; 23
1686090387.823509; 1304739; 23
1686090387.873508; 1304789; 23
1686090387.923509; 1304839; 23
1686090387.973507; 1304889; 23
1686090388.023509; 1304939; 23
1686090388.073509; 1304989; 23
1686090388.123511; 1305039; 24
1686090388.173502; 1305089; 24
1686090388.223509; 1305139; 24
1686090388.273511; 1305189; 24
1686090388.323509; 1305239; 24
1686090388.373507; 1305289; 24
1686090388.423509; 1305339; 24
1686090388.473508; 1305389; 24
1686090388.523509; 1305439; 24
1686090388.573508; 1305489; 24
1686090388.623509; 1305539; 24
1686090388.673502; 1305589; 24
1686090388.723509; 1305639; 24
1686090388.773508; 1305689; 24
1686090388.823504; 1305739; 24
1686090388.873502; 1305789; 24
1686090388.923504; 1305839; 24
1686090388.973502; 1305889; 24
1686090389.023509; 1305939; 24
1686090389.073509; 1305989; 24
1686090389.123500; 1306039; 24
1686090389.173507; 1306089; 24
1686090389.223509; 1306139; 24
1686090389.273508; 1306189; 24
1686090389.323509; 1306239; 24
1686090389.373508; 1306289; 24
1686090389.423504; 1306339; 24
1686090389.473502; 1306389; 24
1686090389.523509; 1306439; 24
1686090389.573508; 1306489; 24
1686090389.623504; 1306539; 24
1686090389.673502; 1306589; 24
1686090389.723504; 1306639; 24
1686090389.773502; 1306689; 24
1686090389.823504; 1306739; 24
1686090389.873502; 1306789; 24
1686090389.923504; 1306839; 24
1686090389.973502; 1306889; 24
1686090390.023504; 1306939; 24
1686090390.073509; 1306989; 24
1686090390.123522; 1307039; 24
1686090390.173502; 1307089; 24
1686090390.223509; 1307139; 24
1686090390.273508; 1307189; 24
1686090390.323509; 1307239; 24
1686090390.373502; 1307289; 24
1686090390.423509; 1307339; 24
1686090390.473507; 1307389; 24
1686090390.523509; 1307439; 24
1686090390.573508; 1307489; 24
1686090390.623504; 1307539; 24
1686090390.673508; 1307589; 24
1686090390.723509; 1307639; 24
1686090390.773502; 1307689; 24
1686090390.823509; 1307739; 24
1686090390.873508; 1307789; 24
1686090390.923509; 1307839; 24
1686090390.973502; 1307889; 24
1686090391.023517; 1307939; 24
1686090391.073515; 1307989; 24
1686090391.123511; 1308039; 24
1686090391.173502; 1308089; 24
1686090391.223509; 1308139; 24
1686090391.273508; 1308189; 24
1686090391.323509; 1308239; 24
1686090391.373508; 1308289; 24
1686090391.423504; 1308339; 24
1686090391.473502; 1308389; 24
1686090391.523509; 1308439; 24
1686090391.573502; 1308489; 24
1686090391.623509; 1308539; 24
1686090391.673508; 1308589; 25
1686090391.723509; 1308639; 25
1686090391.773508; 1308689; 24
1686090391.823509; 1308739; 24
1686090391.873508; 1308789; 24
1686090391.923509; 1308839; 24
1686090391.973502; 1308889; 24
1686090392.023509; 1308939; 24
1686090392.073509; 1308989; 24
1686090392.123511; 1309039; 24
1686090392.173502; 1309089; 24
1686090392.223509; 1309139; 24
1686090392.273508; 1309189; 25
1686090392.323509; 1309239; 25
1686090392.373508; 1309289; 25
1686090392.423509; 1309339; 25
1686090392.473501; 1309389; 25
1686090392.523504; 1309439; 24
1686090392.573502; 1309489; 24
1686090392.623509; 1309539; 24
1686090392.673508; 1309589; 24
1686090392.723504; 1309639; 25
1686090392.773502; 1309689; 25
1686090392.823509; 1309739; 24
1686090392.873508; 1309789; 24
1686090392.923504; 1309839; 24
1686090392.973502; 1309889; 24
1686090393.023504; 1309939; 25
1686090393.073509; 1309989; 25
1686090393.123500; 1310039; 24
1686090393.173508; 1310089; 24
1686090393.223504; 1310139; 24
1686090393.273502; 1310189; 24
1686090393.323504; 1310239; 24
1686090393.373502; 1310289; 24
1686090393.423509; 1310339; 24
1686090393.473508; 1310389; 24
1686090393.523504; 1310439; 25
1686090393.573508; 1310489; 25
1686090393.623509; 1310539; 25
1686090393.673508; 1310589; 25
1686090393.723509; 1310639; 25
1686090393.773508; 1310689; 25
1686090393.823511; 1310739; 25
1686090393.873498; 1310789; 25
1686090393.923507; 1310839; 25
1686090393.973508; 1310889; 25
1686090394.023500; 1310939; 25
1686090394.073504; 1310989; 25
1686090394.123500; 1311039; 25
1686090394.173507; 1311089; 25
1686090394.223509; 1311139; 25
1686090394.273508; 1311189; 25
1686090394.323509; 1311239; 25
1686090394.373508; 1311289; 25
1686090394.423526; 1311339; 25
1686090394.473507; 1311389; 25
1686090394.523504; 1311439; 25
1686090394.573508; 1311489; 25
1686090394.623509; 1311539; 25
1686090394.673502; 1311589; 25
1686090394.723509; 1311639; 25
1686090394.773508; 1311689; 25
1686090394.823509; 1311739; 25
1686090394.873502; 1311789; 25
1686090394.923509; 1311839; 25
1686090394.973508; 1311889; 25
1686090395.023509; 1311939; 25
1686090395.073504; 1311989; 25
1686090395.123500; 1312039; 25
1686090395.173508; 1312089; 25
1686090395.223504; 1312139; 25
1686090395.273508; 1312189; 25
1686090395.323504; 1312239; 25
1686090395.373508; 1312289; 25
1686090395.423504; 1312339; 25
1686090395.473502; 1312389; 25
1686090395.523509; 1312439; 25
1686090395.573508; 1312489; 25
1686090395.623509; 1312539; 25
1686090395.673508; 1312589; 25
1686090395.723509; 1312639; 25
1686090395.773507; 1312689; 25
1686090395.823509; 1312739; 25
1686090395.873508; 1312789; 25
1686090395.923509; 1312839; 25
1686090395.973508; 1312889; 25
1686090396.023509; 1312939; 25
1686090396.073509; 1312989; 25
1686090396.123511; 1313039; 25
1686090396.173502; 1313089; 25
1686090396.223509; 1313139; 25
1686090396.273508; 1313189; 24
1686090396.323504; 1313239; 24
1686090396.373502; 1313289; 24
1686090396.423509; 1313339; 24
1686090396.473502; 1313389; 24
1686090396.523509; 1313439; 24
1686090396.573527; 1313489; 24
1686090396.623509; 1313539; 24
1686090396.673502; 1313589; 24
1686090396.723509; 1313639; 24
1686090396.773528; 1313689; 24
1686090396.823504; 1313739; 24
1686090396.873508; 1313789; 24
1686090396.923509; 1313839; 24
1686090396.973507; 1313889; 25
1686090397.023504; 1313939; 25
1686090397.073509; 1313989; 25
1686090397.123500; 1314039; 25
1686090397.173508; 1314089; 25
1686090397.223509; 1314139; 25
1686090397.273508; 1314189; 25
1686090397.323504; 1314239; 25
1686090397.373502; 1314289; 25
1686090397.423517; 1314339; 25
1686090397.473514; 1314389; 25
1686090397.523504; 1314439; 25
1686090397.573508; 1314489; 25
1686090397.623509; 1314539; 25
1686090397.673508; 1314589; 25
1686090397.723509; 1314639; 25
1686090397.773508; 1314689; 25
1686090397.823504; 1314739; 25
1686090397.873502; 1314789; 25
1686090397.923504; 1314839; 25
1686090397.973502; 1314889; 25
1686090398.023504; 1314939; 25
1686090398.073509; 1314989; 25
1686090398.123511; 1315039; 25
1686090398.173507; 1315089; 25
1686090398.223509; 1315139; 25
1686090398.273507; 1315189; 25
1686090398.323509; 1315239; 25
1686090398.373508; 1315289; 25
1686090398.423509; 1315339; 25
1686090398.473508; 1315389; 25
1686090398.523504; 1315439; 25
1686090398.573508; 1315489; 25
1686090398.623504; 1315539; 25
1686090398.673502; 1315589; 25
1686090398.723504; 1315639; 25
1686090398.773508; 1315689; 25
1686090398.823509; 1315739; 25
1686090398.873507; 1315789; 25
1686090398.923519; 1315839; 25
1686090398.973507; 1315889; 25
1686090399.023509; 1315939; 25
1686090399.073509; 1315989; 25
1686090399.123511; 1316039; 25
1686090399.173502; 1316089; 25
1686090399.223509; 1316139; 25
1686090399.273508; 1316189; 25
1686090399.323509; 1316239; 25
1686090399.373508; 1316289; 25
1686090399.423509; 1316339; 25
1686090399.473502; 1316389; 25
1686090399.523509; 1316439; 25
1686090399.573502; 1316489; 24
1686090399.623509; 1316539; 24
1686090399.673508; 1316589; 24
1686090399.723509; 1316639; 24
1686090399.773502; 1316689; 24
1686090399.823509; 1316739; 24
1686090399.873507; 1316789; 21
1686090399.923509; 1316839; 21
1686090399.973508; 1316889; 22
1686090400.023509; 1316939; 22
1686090400.073504; 1316989; 25
1686090400.123500; 1317039; 25
1686090400.173502; 1317089; 25
1686090400.223509; 1317139; 25
1686090400.273502; 1317189; 25
1686090400.323509; 1317239; 25
1686090400.373508; 1317289; 25
1686090400.423509; 1317339; 25
1686090400.473507; 1317389; 25
1686090400.523509; 1317439; 25
1686090400.573508; 1317489; 24
1686090400.623509; 1317539; 24
1686090400.673502; 1317589; 24
1686090400.723509; 1317639; 24
1686090400.773526; 1317689; 24
1686090400.823509; 1317739; 24
1686090400.873507; 1317789; 24
1686090400.923509; 1317839; 24
1686090400.973508; 1317889; 24
1686090401.023509; 1317939; 24
1686090401.073504; 1317989; 24
1686090401.123500; 1318039; 24
1686090401.173507; 1318089; 24
1686090401.223509; 1318139; 24
1686090401.273508; 1318189; 24
1686090401.323504; 1318239; 24
1686090401.373502; 1318289; 24
1686090401.423504; 1318339; 24
1686090401.473508; 1318389; 23
1686090401.523504; 1318439; 23
1686090401.573502; 1318489; 20
1686090401.623509; 1318539; 20
1686090401.673508; 1318589; 20
1686090401.723509; 1318639; 22
1686090401.773508; 1318689; 22
1686090401.823509; 1318739; 23
1686090401.873508; 1318789; 23
1686090401.923504; 1318839; 20
1686090401.973502; 1318889; 20
1686090402.023504; 1318939; 21
1686090402.073504; 1318989; 21
1686090402.123500; 1319039; 23
1686090402.173508; 1319089; 23
1686090402.223504; 1319139; 23
1686090402.273502; 1319189; 23
1686090402.323509; 1319239; 25
1686090402.373507; 1319289; 25
1686090402.423504; 1319339; 25
1686090402.473502; 1319389; 25
1686090402.523509; 1319439; 25
1686090402.573508; 1319489; 25
1686090402.623509; 1319539; 25
1686090402.673508; 1319589; 25
1686090402.723509; 1319639; 25
1686090402.773508; 1319689; 25
1686090402.823504; 1319739; 25
1686090402.873502; 1319789; 25
1686090402.923509; 1319839; 25
1686090402.973508; 1319889; 25
1686090403.023509; 1319939; 25
1686090403.073504; 1319989; 25
1686090403.123500; 1320039; 25
1686090403.173507; 1320089; 25
1686090403.223504; 1320139; 25
1686090403.273508; 1320189; 25
1686090403.323509; 1320239; 25
1686090403.373507; 1320289; 25
1686090403.423504; 1320339; 25
1686090403.473502; 1320389; 25
1686090403.523509; 1320439; 25
1686090403.573502; 1320489; 25
1686090403.623509; 1320539; 24
1686090403.673508; 1320589; 24
1686090403.723504; 1320639; 24
1686090403.773508; 1320689; 24
1686090403.823520; 1320739; 21
1686090403.873508; 1320789; 21
1686090403.923509; 1320839; 20
1686090403.973508; 1320889; 20
1686090404.023509; 1320939; 20
1686090404.073509; 1320989; 22
1686090404.123511; 1321039; 22
1686090404.173507; 1321089; 25
1686090404.223504; 1321139; 25
1686090404.273508; 1321189; 25
1686090404.323509; 1321239; 25
1686090404.373508; 1321289; 25
1686090404.423509; 1321339; 25
1686090404.473502; 1321389; 23
1686090404.523509; 1321439; 23
1686090404.573502; 1321489; 22
1686090404.623509; 1321539; 22
1686090404.673502; 1321589; 24
1686090404.723509; 1321639; 24
1686090404.773502; 1321689; 25
1686090404.823509; 1321739; 25
1686090404.873502; 1321789; 26
1686090404.923509; 1321839; 26
1686090404.973501; 1321889; 26
1686090405.023509; 1321939; 26
1686090405.073517; 1321989; 26
1686090405.123500; 1322039; 26
1686090405.173502; 1322089; 25
1686090405.223504; 1322139; 25
1686090405.273518; 1322189; 26
1686090405.323509; 1322239; 26
1686090405.373508; 1322289; 26
1686090405.423509; 1322339; 26
1686090405.473508; 1322389; 26
1686090405.523504; 1322439; 26
1686090405.573502; 1322489; 26
1686090405.623509; 1322539; 26
1686090405.673507; 1322589; 26
1686090405.723509; 1322639; 26
1686090405.773508; 1322689; 26
1686090405.823504; 1322739; 26
1686090405.873502; 1322789; 25
1686090405.923504; 1322839; 25
1686090405.973502; 1322889; 25
1686090406.023504; 1322939; 25
1686090406.073509; 1322989; 26
1686090406.123500; 1323039; 26
1686090406.173508; 1323089; 25
1686090406.223509; 1323139; 25
1686090406.273508; 1323189; 25
1686090406.323504; 1323239; 25
1686090406.373502; 1323289; 25
1686090406.423509; 1323339; 25
1686090406.473508; 1323389; 25
1686090406.523504; 1323439; 26
1686090406.573502; 1323489; 26
1686090406.623509; 1323539; 26
1686090406.673508; 1323589; 26
1686090406.723504; 1323639; 26
1686090406.773502; 1323689; 26
1686090406.823504; 1323739; 26
1686090406.873502; 1323789; 26
1686090406.923509; 1323839; 25
1686090406.973508; 1323889; 25
1686090407.023509; 1323939; 26
1686090407.073509; 1323989; 26
1686090407.123511; 1324039; 26
1686090407.173508; 1324089; 26
1686090407.223509; 1324139; 26
1686090407.273508; 1324189; 26
1686090407.323509; 1324239; 26
1686090407.373502; 1324289; 26
1686090407.423530; 1324339; 26
1686090407.473502; 1324389; 26
1686090407.523509; 1324439; 25
1686090407.573502; 1324489; 25
1686090407.623509; 1324539; 25
1686090407.673502; 1324589; 25
1686090407.723509; 1324639; 26
1686090407.773508; 1324689; 26
1686090407.823509; 1324739; 26
1686090407.873508; 1324789; 26
1686090407.923509; 1324839; 26
1686090407.973502; 1324889; 26
1686090408.023509; 1324939; 26
1686090408.073504; 1324989; 26
1686090408.123500; 1325039; 26
1686090408.173502; 1325089; 26
1686090408.223509; 1325139; 27
1686090408.273508; 1325189; 27
1686090408.323504; 1325239; 27
1686090408.373502; 1325289; 27
1686090408.423509; 1325339; 27
1686090408.473508; 1325389; 27
1686090408.523509; 1325439; 27
1686090408.573507; 1325489; 27
1686090408.623509; 1325539; 27
1686090408.673502; 1325589; 27
1686090408.723509; 1325639; 27
1686090408.773508; 1325689; 27
1686090408.823509; 1325739; 27
1686090408.873508; 1325789; 28
1686090408.923509; 1325839; 28
1686090408.973508; 1325889; 28
1686090409.023509; 1325939; 28
1686090409.073504; 1325989; 27
1686090409.123500; 1326039; 27
1686090409.173508; 1326089; 25
1686090409.223509; 1326139; 25
1686090409.273508; 1326189; 25
1686090409.323504; 1326239; 25
1686090409.373513; 1326289; 26
1686090409.423509; 1326339; 26
1686090409.473502; 1326389; 26
1686090409.523504; 1326439; 26
1686090409.573529; 1326489; 25
1686090409.623509; 1326539; 25
1686090409.673508; 1326589; 25
1686090409.723504; 1326639; 25
1686090409.773508; 1326689; 25
1686090409.823509; 1326739; 25
1686090409.873508; 1326789; 25
1686090409.923509; 1326839; 25
1686090409.973508; 1326889; 25
1686090410.023509; 1326939; 25
1686090410.073504; 1326989; 26
1686090410.123511; 1327039; 26
1686090410.173508; 1327089; 26
1686090410.223520; 1327139; 26
1686090410.273514; 1327189; 27
1686090410.323509; 1327239; 27
1686090410.373508; 1327289; 27
1686090410.423504; 1327339; 27
1686090410.473502; 1327389; 27
1686090410.523504; 1327439; 27
1686090410.573502; 1327489; 28
1686090410.623509; 1327539; 28
1686090410.673508; 1327589; 28
1686090410.723504; 1327639; 28
1686090410.773502; 1327689; 31
1686090410.823504; 1327739; 31
1686090410.873502; 1327789; 32
1686090410.923509; 1327839; 32
1686090410.973508; 1327889; 32
1686090411.023509; 1327939; 32
1686090411.073504; 1327989; 32
1686090411.123511; 1328039; 32
1686090411.173502; 1328089; 32
1686090411.223509; 1328139; 30
1686090411.273508; 1328189; 30
1686090411.323509; 1328239; 30
1686090411.373508; 1328289; 30
1686090411.423503; 1328339; 30
1686090411.473508; 1328389; 30
1686090411.523509; 1328439; 29
1686090411.573508; 1328489; 29
1686090411.623504; 1328539; 28
1686090411.673508; 1328589; 28
1686090411.723509; 1328639; 29
1686090411.773508; 1328689; 29
1686090411.823509; 1328739; 29
1686090411.873508; 1328789; 29
1686090411.923509; 1328839; 28
1686090411.973508; 1328889; 28
1686090412.023509; 1328939; 29
1686090412.073509; 1328989; 29
1686090412.123500; 1329039; 29
1686090412.173508; 1329089; 29
1686090412.223504; 1329139; 29
1686090412.273502; 1329189; 29
1686090412.323509; 1329239; 30
1686090412.373508; 1329289; 30
1686090412.423509; 1329339; 31
1686090412.473502; 1329389; 31
1686090412.523509; 1329439; 32
1686090412.573502; 1329489; 32
1686090412.623509; 1329539; 32
1686090412.673502; 1329589; 32
1686090412.723509; 1329639; 31
1686090412.773502; 1329689; 31
1686090412.823509; 1329739; 30
1686090412.873508; 1329789; 30
1686090412.923509; 1329839; 29
1686090412.973502; 1329889; 29
1686090413.023509; 1329939; 29
1686090413.073509; 1329989; 29
1686090413.123511; 1330039; 28
1686090413.173508; 1330089; 28
1686090413.223504; 1330139; 29
1686090413.273508; 1330189; 29
1686090413.323509; 1330239; 29
1686090413.373508; 1330289; 31
1686090413.423509; 1330339; 31
1686090413.473502; 1330389; 31
1686090413.523509; 1330439; 31
1686090413.573505; 1330489; 32
1686090413.623504; 1330539; 32
1686090413.673508; 1330589; 34
1686090413.723504; 1330639; 34
1686090413.773502; 1330689; 36
1686090413.823509; 1330739; 36
1686090413.873507; 1330789; 37
1686090413.923504; 1330839; 37
1686090413.973502; 1330889; 40
1686090414.023504; 1330939; 40
1686090414.073509; 1330989; 43
1686090414.123511; 1331039; 43
1686090414.173502; 1331089; 46
1686090414.223504; 1331139; 46
1686090414.273502; 1331189; 44
1686090414.323509; 1331239; 44
1686090414.373508; 1331289; 44
1686090414.423509; 1331339; 44
1686090414.473508; 1331389; 46
1686090414.523509; 1331439; 46
1686090414.573508; 1331489; 48
1686090414.623509; 1331539; 48
1686090414.673502; 1331589; 49
1686090414.723504; 1331639; 49
1686090414.773502; 1331689; 58
1686090414.823504; 1331739; 58
1686090414.873502; 1331789; 61
1686090414.923504; 1331839; 61
1686090414.973502; 1331889; 62
1686090415.023509; 1331939; 62
1686090415.073509; 1331989; 54
1686090415.123500; 1332039; 54
1686090415.173508; 1332089; 51
1686090415.223509; 1332139; 51
1686090415.273508; 1332189; 42
1686090415.323504; 1332239; 42
1686090415.373502; 1332289; 33
1686090415.423509; 1332339; 33
1686090415.473508; 1332389; 31
1686090415.523504; 1332439; 31
1686090415.573508; 1332489; 31
1686090415.623503; 1332539; 31
1686090415.673508; 1332589; 31
1686090415.723516; 1332639; 32
1686090415.773502; 1332689; 32
1686090415.823504; 1332739; 32
1686090415.873502; 1332789; 32
1686090415.923499; 1332839; 33
1686090415.973502; 1332889; 33
1686090416.023509; 1332939; 34
1686090416.073504; 1332989; 34
1686090416.123500; 1333039; 33
1686090416.173508; 1333089; 33
1686090416.223504; 1333139; 34
1686090416.273508; 1333189; 34
1686090416.323509; 1333239; 34
1686090416.373502; 1333289; 34
1686090416.423509; 1333339; 34
1686090416.473508; 1333389; 34
1686090416.523504; 1333439; 34
1686090416.573508; 1333489; 34
1686090416.623517; 1333539; 36
1686090416.673508; 1333589; 36
1686090416.723509; 1333639; 36
1686090416.773502; 1333689; 36
1686090416.823509; 1333739; 36
1686090416.873502; 1333789; 36
1686090416.923509; 1333839; 36
1686090416.973502; 1333889; 36
1686090417.023509; 1333939; 37
1686090417.073504; 1333989; 37
1686090417.123500; 1334039; 37
1686090417.173502; 1334089; 37
1686090417.223509; 1334139; 35
1686090417.273502; 1334189; 35
1686090417.323509; 1334239; 33
1686090417.373502; 1334289; 33
1686090417.423509; 1334339; 33
1686090417.473508; 1334389; 33
1686090417.523509; 1334439; 33
1686090417.573508; 1334489; 33
1686090417.623509; 1334539; 31
1686090417.673502; 1334589; 31
1686090417.723509; 1334639; 25
1686090417.773508; 1334689; 25
1686090417.823504; 1334739; 25
1686090417.873528; 1334789; 25
1686090417.923509; 1334839; 25
1686090417.973502; 1334889; 23
1686090418.023509; 1334939; 23
1686090418.073504; 1334989; 23
1686090418.123500; 1335039; 23
1686090418.173508; 1335089; 23
1686090418.223509; 1335139; 23
1686090418.273508; 1335189; 23
1686090418.323504; 1335239; 23
1686090418.373502; 1335289; 23
1686090418.423504; 1335339; 23
1686090418.473502; 1335389; 21
1686090418.523504; 1335439; 21
1686090418.573502; 1335489; 22
1686090418.623504; 1335539; 22
1686090418.673502; 1335589; 22
1686090418.723509; 1335639; 22
1686090418.773508; 1335689; 22
1686090418.823509; 1335739; 22
1686090418.873508; 1335789; 21
1686090418.923504; 1335839; 21
1686090418.973502; 1335889; 22
1686090419.023509; 1335939; 22
1686090419.073504; 1335989; 22
1686090419.123511; 1336039; 22
1686090419.173508; 1336089; 23
1686090419.223509; 1336139; 23
1686090419.273507; 1336189; 23
1686090419.323504; 1336239; 23
1686090419.373508; 1336289; 23
1686090419.423509; 1336339; 23
1686090419.473508; 1336389; 22
1686090419.523509; 1336439; 22
1686090419.573508; 1336489; 22
1686090419.623504; 1336539; 22
1686090419.673502; 1336589; 22
1686090419.723504; 1336639; 22
1686090419.773502; 1336689; 22
1686090419.823509; 1336739; 22
1686090419.873508; 1336789; 23
1686090419.923503; 1336839; 23
1686090419.973508; 1336889; 23
1686090420.023509; 1336939; 23
1686090420.073509; 1336989; 23
1686090420.123511; 1337039; 23
1686090420.173508; 1337089; 22
1686090420.223533; 1337139; 22
1686090420.273508; 1337189; 22
1686090420.323509; 1337239; 22
1686090420.373502; 1337289; 22
1686090420.423509; 1337339; 22
1686090420.473508; 1337389; 22
1686090420.523504; 1337439; 23
1686090420.573502; 1337489; 23
1686090420.623509; 1337539; 23
1686090420.673502; 1337589; 23
1686090420.723509; 1337639; 23
1686090420.773502; 1337689; 23
1686090420.823509; 1337739; 23
1686090420.873508; 1337789; 23
1686090420.923509; 1337839; 22
1686090420.973502; 1337889; 22
1686090421.023509; 1337939; 22
1686090421.073504; 1337989; 22
1686090421.123500; 1338039; 23
1686090421.173508; 1338089; 23
1686090421.223509; 1338139; 23
1686090421.273502; 1338189; 23
1686090421.323509; 1338239; 22
1686090421.373502; 1338289; 22
1686090421.423509; 1338339; 20
1686090421.473508; 1338389; 20
1686090421.523509; 1338439; 22
1686090421.573508; 1338489; 22
1686090421.623509; 1338539; 24
1686090421.673508; 1338589; 24
1686090421.723509; 1338639; 24
1686090421.773508; 1338689; 24
1686090421.823504; 1338739; 25
1686090421.873502; 1338789; 25
1686090421.923509; 1338839; 30
1686090421.973507; 1338889; 30
1686090422.023504; 1338939; 31
1686090422.073502; 1338989; 31
1686090422.123500; 1339039; 30
1686090422.173502; 1339089; 30
1686090422.223504; 1339139; 26
1686090422.273501; 1339189; 26
1686090422.323504; 1339239; 30
1686090422.373504; 1339289; 30
1686090422.423504; 1339339; 31
1686090422.473502; 1339389; 31
1686090422.523509; 1339439; 45
1686090422.573507; 1339489; 45
1686090422.623509; 1339539; 45
1686090422.673507; 1339589; 56
1686090422.723504; 1339639; 56
1686090422.773508; 1339689; 57
1686090422.823509; 1339739; 57
1686090422.873507; 1339789; 57
1686090422.923509; 1339839; 57
1686090422.973507; 1339889; 55
1686090423.023517; 1339939; 55
1686090423.073515; 1339989; 55
1686090423.123500; 1340039; 55
1686090423.173508; 1340089; 57
1686090423.223509; 1340139; 57
1686090423.273508; 1340189; 65
1686090423.323504; 1340239; 65
1686090423.373507; 1340289; 68
1686090423.423509; 1340339; 68
1686090423.473507; 1340389; 70
1686090423.523509; 1340439; 70
1686090423.573508; 1340489; 71
1686090423.623509; 1340539; 71
1686090423.673508; 1340589; 69
1686090423.723509; 1340639; 69
1686090423.773508; 1340689; 69
1686090423.823509; 1340739; 69
1686090423.873508; 1340789; 70
1686090423.923509; 1340839; 70
1686090423.973508; 1340889; 77
1686090424.023509; 1340939; 77
1686090424.073504; 1340989; 81
1686090424.123511; 1341039; 81
1686090424.173502; 1341089; 80
1686090424.223513; 1341139; 80
1686090424.273502; 1341189; 76
1686090424.323509; 1341239; 76
1686090424.373508; 1341289; 74
1686090424.423500; 1341339; 74
1686090424.473508; 1341389; 74
1686090424.523509; 1341439; 74
1686090424.573508; 1341489; 76
1686090424.623509; 1341539; 76
1686090424.673508; 1341589; 78
1686090424.723509; 1341639; 78
1686090424.773508; 1341689; 77
1686090424.823509; 1341739; 77
1686090424.873508; 1341789; 77
1686090424.923509; 1341839; 74
1686090424.973502; 1341889; 74
1686090425.023509; 1341939; 76
1686090425.073504; 1341989; 76
1686090425.123511; 1342039; 73
1686090425.173502; 1342089; 73
1686090425.223509; 1342139; 67
1686090425.273508; 1342189; 67
1686090425.323509; 1342239; 62
1686090425.373502; 1342289; 62
1686090425.423509; 1342339; 60
1686090425.473502; 1342389; 60
1686090425.523509; 1342439; 60
1686090425.573502; 1342489; 60
1686090425.623509; 1342539; 60
1686090425.673502; 1342589; 60
1686090425.723509; 1342639; 60
1686090425.773502; 1342689; 60
1686090425.823509; 1342739; 60
1686090425.873502; 1342789; 60
1686090425.923509; 1342839; 61
1686090425.973502; 1342889; 61
1686090426.023509; 1342939; 61
1686090426.073504; 1342989; 61
1686090426.123500; 1343039; 62
1686090426.173502; 1343089; 62
1686090426.223509; 1343139; 62
1686090426.273501; 1343189; 62
1686090426.323509; 1343239; 63
1686090426.373527; 1343289; 63
1686090426.423509; 1343339; 63
1686090426.473507; 1343389; 63
1686090426.523509; 1343439; 62
1686090426.573502; 1343489; 62
1686090426.623504; 1343539; 62
1686090426.673502; 1343589; 62
1686090426.723509; 1343639; 62
1686090426.773508; 1343689; 62
1686090426.823504; 1343739; 62
1686090426.873502; 1343789; 62
1686090426.923509; 1343839; 62
1686090426.973508; 1343889; 62
1686090427.023504; 1343939; 63
1686090427.073504; 1343989; 63
1686090427.123511; 1344039; 63
1686090427.173508; 1344089; 63
1686090427.223509; 1344139; 63
1686090427.273508; 1344189; 63
1686090427.323504; 1344239; 63
1686090427.373502; 1344289; 63
1686090427.423509; 1344339; 63
1686090427.473508; 1344389; 62
1686090427.523504; 1344439; 62
1686090427.573508; 1344489; 62
1686090427.623504; 1344539; 62
1686090427.673502; 1344589; 62
1686090427.723509; 1344639; 62
1686090427.773508; 1344689; 63
1686090427.823509; 1344739; 63
1686090427.873502; 1344789; 65
1686090427.923509; 1344839; 65
1686090427.973508; 1344889; 65
1686090428.023509; 1344939; 65
1686090428.073504; 1344989; 65
1686090428.123511; 1345039; 65
1686090428.173502; 1345089; 64
1686090428.223509; 1345139; 64
1686090428.273508; 1345189; 66
1686090428.323509; 1345239; 66
1686090428.373508; 1345289; 65
1686090428.423504; 1345339; 65
1686090428.473502; 1345389; 65
1686090428.523524; 1345439; 65
1686090428.573502; 1345489; 65
1686090428.623509; 1345539; 65
1686090428.673508; 1345589; 65
1686090428.723517; 1345639; 65
1686090428.773508; 1345689; 66
1686090428.823509; 1345739; 66
1686090428.873508; 1345789; 68
1686090428.923509; 1345839; 68
1686090428.973508; 1345889; 70
1686090429.023509; 1345939; 70
1686090429.073504; 1345989; 69
1686090429.123500; 1346039; 69
1686090429.173507; 1346089; 70
1686090429.223504; 1346139; 70
1686090429.273507; 1346189; 71
1686090429.323504; 1346239; 71
1686090429.373508; 1346289; 71
1686090429.423517; 1346339; 71
1686090429.473517; 1346389; 72
1686090429.523509; 1346439; 72
1686090429.573507; 1346489; 72
1686090429.623509; 1346539; 73
1686090429.673502; 1346589; 73
1686090429.723509; 1346639; 75
1686090429.773502; 1346689; 75
1686090429.823509; 1346739; 85
1686090429.873502; 1346789; 85
1686090429.923509; 1346839; 89
1686090429.973508; 1346889; 89
1686090430.023509; 1346939; 88
1686090430.073509; 1346989; 88
1686090430.123500; 1347039; 85
1686090430.173508; 1347089; 85
1686090430.223509; 1347139; 86
1686090430.273508; 1347189; 86
1686090430.323509; 1347239; 87
1686090430.373508; 1347289; 87
1686090430.423509; 1347339; 91
1686090430.473508; 1347389; 91
1686090430.523509; 1347439; 96
1686090430.573508; 1347489; 96
1686090430.623509; 1347539; 100
1686090430.673508; 1347589; 100
1686090430.723509; 1347639; 100
1686090430.773508; 1347689; 100
1686090430.823504; 1347739; 98
1686090430.873521; 1347789; 98
1686090430.923504; 1347839; 98
1686090430.973502; 1347889; 98
1686090431.023509; 1347939; 101
1686090431.073504; 1347989; 101
1686090431.123511; 1348039; 98
1686090431.173508; 1348089; 98
1686090431.223504; 1348139; 91
1686090431.273502; 1348189; 91
1686090431.323509; 1348239; 87
1686090431.373508; 1348289; 87
1686090431.423509; 1348339; 89
1686090431.473508; 1348389; 89
1686090431.523509; 1348439; 91
1686090431.573508; 1348489; 91
1686090431.623504; 1348539; 88
1686090431.673502; 1348589; 88
1686090431.723509; 1348639; 90
1686090431.773508; 1348689; 90
