1686085518.517614; 3688; 4
1686085518.566875; 3738; 4
1686085518.616870; 3788; 4
1686085518.666868; 3838; 4
1686085518.716870; 3888; 4
1686085518.766868; 3938; 4
1686085518.816870; 3988; 4
1686085518.866868; 4038; 4
1686085518.916870; 4088; 4
1686085518.966868; 4138; 4
1686085519.016870; 4188; 4
1686085519.066870; 4238; 4
1686085519.116872; 4288; 4
1686085519.166868; 4338; 4
1686085519.216870; 4388; 4
1686085519.266868; 4438; 4
1686085519.316870; 4488; 4
1686085519.366868; 4538; 4
1686085519.416870; 4588; 4
1686085519.466868; 4638; 4
1686085519.516870; 4688; 4
1686085519.566868; 4738; 4
1686085519.616870; 4788; 4
1686085519.666868; 4838; 4
1686085519.716870; 4888; 4
1686085519.766868; 4938; 4
1686085519.816870; 4988; 4
1686085519.866893; 5038; 4
1686085519.916870; 5088; 4
1686085519.966868; 5138; 4
1686085520.016870; 5188; 4
1686085520.066872; 5238; 4
1686085520.116872; 5288; 4
1686085520.166868; 5338; 4
1686085520.216870; 5388; 4
1686085520.266870; 5438; 4
1686085520.316870; 5488; 4
1686085520.366868; 5538; 4
1686085520.416870; 5588; 4
1686085520.466868; 5638; 4
1686085520.516870; 5688; 4
1686085520.566868; 5738; 4
1686085520.616870; 5788; 4
1686085520.666868; 5838; 4
1686085520.716870; 5888; 4
1686085520.766868; 5938; 4
1686085520.816870; 5988; 4
1686085520.866868; 6038; 4
1686085520.916870; 6088; 4
1686085520.966868; 6138; 4
1686085521.016870; 6188; 4
1686085521.066870; 6238; 4
1686085521.116872; 6288; 4
1686085521.166868; 6338; 4
1686085521.216870; 6388; 4
1686085521.266868; 6438; 4
1686085521.316870; 6488; 4
1686085521.366868; 6538; 4
1686085521.416870; 6588; 4
1686085521.466868; 6638; 4
1686085521.516870; 6688; 4
1686085521.566868; 6738; 4
1686085521.616870; 6788; 4
1686085521.666868; 6838; 4
1686085521.716870; 6888; 4
1686085521.766868; 6938; 4
1686085521.816870; 6988; 4
1686085521.866868; 7038; 4
1686085521.916870; 7088; 4
1686085521.966868; 7138; 4
1686085522.016870; 7188; 4
1686085522.066870; 7238; 4
1686085522.116872; 7288; 4
1686085522.166868; 7338; 4
1686085522.216889; 7388; 4
1686085522.266868; 7438; 4
1686085522.316873; 7488; 4
1686085522.366868; 7538; 4
1686085522.416883; 7588; 4
1686085522.466868; 7638; 4
1686085522.516870; 7688; 4
1686085522.566868; 7738; 4
1686085522.616870; 7788; 4
1686085522.666868; 7838; 4
1686085522.716870; 7888; 4
1686085522.766868; 7938; 4
1686085522.816870; 7988; 4
1686085522.866868; 8038; 4
1686085522.916870; 8088; 4
1686085522.966868; 8138; 4
1686085523.016870; 8188; 4
1686085523.066870; 8238; 4
1686085523.116872; 8288; 4
1686085523.166868; 8338; 4
1686085523.216870; 8388; 4
1686085523.266868; 8438; 4
1686085523.316870; 8488; 4
1686085523.366868; 8538; 4
1686085523.416870; 8588; 4
1686085523.466868; 8638; 4
1686085523.516870; 8688; 4
1686085523.566868; 8738; 4
1686085523.616870; 8788; 4
1686085523.666868; 8838; 4
1686085523.716870; 8888; 4
1686085523.766868; 8938; 4
1686085523.816870; 8988; 4
1686085523.866868; 9038; 4
1686085523.916870; 9088; 4
1686085523.966873; 9138; 4
1686085524.016870; 9188; 4
1686085524.066874; 9238; 4
1686085524.116872; 9288; 4
1686085524.166868; 9338; 4
1686085524.216870; 9388; 4
1686085524.266872; 9438; 4
1686085524.316870; 9488; 4
1686085524.366883; 9538; 4
1686085524.416870; 9588; 4
1686085524.466868; 9638; 4
1686085524.516870; 9688; 4
1686085524.566885; 9738; 4
1686085524.616870; 9788; 4
1686085524.666868; 9838; 4
1686085524.716870; 9888; 4
1686085524.766868; 9938; 4
1686085524.816870; 9988; 4
1686085524.866868; 10038; 4
1686085524.916870; 10088; 4
1686085524.966868; 10138; 4
1686085525.016870; 10188; 4
1686085525.066870; 10238; 4
1686085525.116872; 10288; 4
1686085525.166868; 10338; 4
1686085525.216870; 10388; 4
1686085525.266868; 10438; 4
1686085525.316870; 10488; 4
1686085525.366868; 10538; 4
1686085525.416870; 10588; 4
1686085525.466868; 10638; 4
1686085525.516870; 10688; 4
1686085525.566868; 10738; 4
1686085525.616870; 10788; 4
1686085525.666868; 10838; 4
1686085525.716870; 10888; 4
1686085525.766868; 10938; 4
1686085525.816896; 10988; 4
1686085525.866874; 11038; 4
1686085525.916870; 11088; 4
1686085525.966868; 11138; 4
1686085526.016870; 11188; 4
1686085526.066870; 11238; 4
1686085526.116872; 11288; 4
1686085526.166868; 11338; 5
1686085526.216870; 11388; 5
1686085526.266868; 11438; 6
1686085526.316870; 11488; 6
1686085526.366868; 11538; 10
1686085526.416870; 11588; 10
1686085526.466868; 11638; 10
1686085526.516879; 11688; 10
1686085526.566868; 11738; 10
1686085526.616874; 11788; 10
1686085526.666868; 11838; 10
1686085526.716888; 11888; 10
1686085526.766868; 11938; 10
1686085526.816870; 11988; 10
1686085526.866868; 12038; 10
1686085526.916870; 12088; 10
1686085526.966868; 12138; 10
1686085527.016870; 12188; 10
1686085527.066870; 12238; 10
1686085527.116872; 12288; 10
1686085527.166868; 12338; 10
1686085527.216870; 12388; 10
1686085527.266868; 12438; 14
1686085527.316870; 12488; 14
1686085527.366868; 12538; 17
1686085527.416870; 12588; 17
1686085527.466868; 12638; 18
1686085527.516870; 12688; 18
1686085527.566868; 12738; 19
1686085527.616870; 12788; 19
1686085527.666868; 12838; 19
1686085527.716870; 12888; 20
1686085527.766868; 12938; 20
1686085527.816870; 12988; 20
1686085527.866868; 13038; 20
1686085527.916870; 13088; 20
1686085527.966868; 13138; 20
1686085528.016870; 13188; 20
1686085528.066870; 13238; 20
1686085528.116872; 13288; 20
1686085528.166868; 13338; 20
1686085528.216870; 13388; 20
1686085528.266868; 13438; 20
1686085528.316870; 13488; 19
1686085528.366869; 13538; 19
1686085528.416870; 13588; 19
1686085528.466872; 13638; 19
1686085528.516870; 13688; 19
1686085528.566872; 13738; 19
1686085528.616870; 13788; 19
1686085528.666869; 13838; 19
1686085528.716870; 13888; 20
1686085528.766872; 13938; 20
1686085528.816870; 13988; 20
1686085528.866873; 14038; 20
1686085528.916870; 14088; 21
1686085528.966868; 14138; 21
1686085529.016870; 14188; 22
1686085529.066870; 14238; 22
1686085529.116872; 14288; 23
1686085529.166868; 14338; 23
1686085529.216870; 14388; 15
1686085529.266868; 14438; 15
1686085529.316870; 14488; 7
1686085529.366868; 14538; 7
1686085529.416870; 14588; 5
1686085529.466868; 14638; 5
1686085529.516870; 14688; 5
1686085529.566868; 14738; 5
1686085529.616870; 14788; 5
1686085529.666868; 14838; 5
1686085529.716870; 14888; 8
1686085529.766868; 14938; 8
1686085529.816870; 14988; 20
1686085529.866868; 15038; 20
1686085529.916870; 15088; 26
1686085529.966868; 15138; 26
1686085530.016870; 15188; 26
1686085530.066870; 15238; 26
1686085530.116872; 15288; 26
1686085530.166868; 15338; 27
1686085530.216870; 15388; 27
1686085530.266868; 15438; 27
1686085530.316870; 15488; 27
1686085530.366868; 15538; 30
1686085530.416870; 15588; 30
1686085530.466868; 15638; 31
1686085530.516870; 15688; 31
1686085530.566868; 15738; 29
1686085530.616870; 15788; 29
1686085530.666868; 15838; 27
1686085530.716870; 15888; 27
1686085530.766868; 15938; 27
1686085530.816870; 15988; 27
1686085530.866868; 16038; 27
1686085530.916879; 16088; 27
1686085530.966868; 16138; 27
1686085531.016870; 16188; 27
1686085531.066870; 16238; 26
1686085531.116872; 16288; 26
1686085531.166868; 16338; 26
1686085531.216870; 16388; 26
1686085531.266868; 16438; 26
1686085531.316870; 16488; 26
1686085531.366868; 16538; 27
1686085531.416870; 16588; 27
1686085531.466868; 16638; 26
1686085531.516870; 16688; 26
1686085531.566868; 16738; 24
1686085531.616870; 16788; 24
1686085531.666868; 16838; 24
1686085531.716870; 16888; 24
1686085531.766868; 16938; 25
1686085531.816870; 16988; 25
1686085531.866868; 17038; 22
1686085531.916870; 17088; 22
1686085531.966869; 17138; 21
1686085532.016870; 17188; 21
1686085532.066870; 17238; 19
1686085532.116872; 17288; 19
1686085532.166869; 17338; 17
1686085532.216870; 17388; 17
1686085532.266868; 17438; 17
1686085532.316870; 17488; 17
1686085532.366868; 17538; 17
1686085532.416870; 17588; 16
1686085532.466868; 17638; 16
1686085532.516870; 17688; 14
1686085532.566868; 17738; 14
1686085532.616870; 17788; 16
1686085532.666888; 17838; 16
1686085532.716872; 17888; 17
1686085532.766871; 17938; 17
1686085532.816870; 17988; 15
1686085532.866885; 18038; 15
1686085532.916870; 18088; 12
1686085532.966868; 18138; 12
1686085533.016870; 18188; 10
1686085533.066875; 18238; 10
1686085533.116872; 18288; 10
1686085533.166868; 18338; 10
1686085533.216870; 18388; 10
1686085533.266868; 18438; 10
1686085533.316870; 18488; 10
1686085533.366868; 18538; 10
1686085533.416870; 18588; 10
1686085533.466868; 18638; 10
1686085533.516870; 18688; 9
1686085533.566868; 18738; 9
1686085533.616870; 18788; 8
1686085533.666868; 18838; 8
1686085533.716870; 18888; 5
1686085533.766868; 18938; 5
1686085533.816870; 18988; 4
1686085533.866868; 19038; 4
1686085533.916870; 19088; 4
1686085533.966868; 19138; 4
1686085534.016870; 19188; 4
1686085534.066870; 19238; 4
1686085534.116872; 19288; 4
1686085534.166868; 19338; 4
1686085534.216870; 19388; 4
1686085534.266868; 19438; 4
1686085534.316870; 19488; 4
1686085534.366868; 19538; 4
1686085534.416870; 19588; 4
1686085534.466868; 19638; 4
1686085534.516870; 19688; 4
1686085534.566868; 19738; 4
1686085534.616870; 19788; 4
1686085534.666868; 19838; 4
1686085534.716870; 19888; 4
1686085534.766868; 19938; 4
1686085534.816870; 19988; 4
1686085534.866868; 20038; 4
1686085534.916874; 20088; 4
1686085534.966868; 20138; 4
1686085535.016891; 20188; 4
1686085535.066870; 20238; 4
1686085535.116872; 20288; 4
1686085535.166868; 20338; 4
1686085535.216880; 20388; 4
1686085535.266868; 20438; 4
1686085535.316870; 20488; 4
1686085535.366868; 20538; 4
1686085535.416870; 20588; 4
1686085535.466868; 20638; 4
1686085535.516870; 20688; 4
1686085535.566868; 20738; 4
1686085535.616870; 20788; 4
1686085535.666868; 20838; 4
1686085535.716870; 20888; 4
1686085535.766868; 20938; 4
1686085535.816870; 20988; 4
1686085535.866868; 21038; 4
1686085535.916870; 21088; 4
1686085535.966868; 21138; 4
1686085536.016870; 21188; 4
1686085536.066870; 21238; 4
1686085536.116872; 21288; 4
1686085536.166869; 21338; 4
1686085536.216870; 21388; 4
1686085536.266868; 21438; 4
1686085536.316870; 21488; 4
1686085536.366868; 21538; 4
1686085536.416870; 21588; 4
1686085536.466868; 21638; 4
1686085536.516870; 21688; 4
1686085536.566868; 21738; 4
1686085536.616870; 21788; 4
1686085536.666868; 21838; 4
1686085536.716870; 21888; 4
1686085536.766868; 21938; 4
1686085536.816870; 21988; 4
1686085536.866868; 22038; 4
1686085536.916870; 22088; 4
1686085536.966868; 22138; 4
1686085537.016870; 22188; 4
1686085537.066874; 22238; 4
1686085537.116872; 22288; 4
1686085537.166891; 22338; 4
1686085537.216870; 22388; 4
1686085537.266871; 22438; 4
1686085537.316870; 22488; 4
1686085537.366897; 22538; 4
1686085537.416870; 22588; 4
1686085537.466868; 22638; 4
1686085537.516870; 22688; 4
1686085537.566868; 22738; 4
1686085537.616870; 22788; 4
1686085537.666868; 22838; 4
1686085537.716870; 22888; 4
1686085537.766868; 22938; 4
1686085537.816870; 22988; 4
1686085537.866868; 23038; 4
1686085537.916870; 23088; 4
1686085537.966868; 23138; 4
1686085538.016870; 23188; 4
1686085538.066870; 23238; 4
1686085538.116872; 23288; 4
1686085538.166868; 23338; 4
1686085538.216870; 23388; 4
1686085538.266868; 23438; 4
1686085538.316870; 23488; 4
1686085538.366868; 23538; 4
1686085538.416870; 23588; 4
1686085538.466868; 23638; 4
1686085538.516870; 23688; 4
1686085538.566868; 23738; 4
1686085538.616870; 23788; 4
1686085538.666868; 23838; 4
1686085538.716870; 23888; 4
1686085538.766868; 23938; 4
1686085538.816870; 23988; 4
1686085538.866868; 24038; 4
1686085538.916870; 24088; 4
1686085538.966868; 24138; 4
1686085539.016871; 24188; 4
1686085539.066870; 24238; 4
1686085539.116872; 24288; 4
1686085539.166868; 24338; 4
1686085539.216871; 24388; 4
1686085539.266868; 24438; 4
1686085539.316870; 24488; 4
1686085539.366868; 24538; 4
1686085539.416874; 24588; 4
1686085539.466868; 24638; 4
1686085539.516870; 24688; 4
1686085539.566868; 24738; 4
1686085539.616870; 24788; 4
1686085539.666868; 24838; 4
1686085539.716889; 24888; 4
1686085539.766870; 24938; 4
1686085539.816870; 24988; 4
1686085539.866868; 25038; 4
1686085539.916870; 25088; 4
1686085539.966868; 25138; 4
1686085540.016870; 25188; 4
1686085540.066870; 25238; 4
1686085540.116872; 25288; 4
1686085540.166868; 25338; 4
1686085540.216870; 25388; 4
1686085540.266868; 25438; 4
1686085540.316870; 25488; 4
1686085540.366868; 25538; 4
1686085540.416870; 25588; 4
1686085540.466868; 25638; 4
1686085540.516870; 25688; 4
1686085540.566868; 25738; 4
1686085540.616870; 25788; 4
1686085540.666868; 25838; 4
1686085540.716870; 25888; 4
1686085540.766868; 25938; 4
1686085540.816870; 25988; 4
1686085540.866868; 26038; 4
1686085540.916870; 26088; 4
1686085540.966868; 26138; 4
1686085541.016870; 26188; 4
1686085541.066870; 26238; 4
1686085541.116872; 26288; 4
1686085541.166868; 26338; 4
1686085541.216870; 26388; 4
1686085541.266868; 26438; 4
1686085541.316870; 26488; 4
1686085541.366875; 26538; 4
1686085541.416870; 26588; 4
1686085541.466869; 26638; 4
1686085541.516870; 26688; 4
1686085541.566872; 26738; 4
1686085541.616870; 26788; 4
1686085541.666868; 26838; 4
1686085541.716870; 26888; 4
1686085541.766868; 26938; 4
1686085541.816870; 26988; 4
1686085541.866868; 27038; 4
1686085541.916870; 27088; 4
1686085541.966868; 27138; 4
1686085542.016870; 27188; 4
1686085542.066870; 27238; 4
1686085542.116872; 27288; 4
1686085542.166868; 27338; 4
1686085542.216870; 27388; 4
1686085542.266868; 27438; 4
1686085542.316870; 27488; 4
1686085542.366868; 27538; 4
1686085542.416870; 27588; 4
1686085542.466868; 27638; 4
1686085542.516870; 27688; 4
1686085542.566868; 27738; 4
1686085542.616870; 27788; 4
1686085542.666868; 27838; 4
1686085542.716870; 27888; 4
1686085542.766868; 27938; 4
1686085542.816870; 27988; 4
1686085542.866868; 28038; 4
1686085542.916870; 28088; 4
1686085542.966868; 28138; 4
1686085543.016870; 28188; 4
1686085543.066870; 28238; 4
1686085543.116872; 28288; 4
1686085543.166868; 28338; 4
1686085543.216870; 28388; 4
1686085543.266868; 28438; 4
1686085543.316870; 28488; 4
1686085543.366868; 28538; 4
1686085543.416870; 28588; 4
1686085543.466871; 28638; 4
1686085543.516880; 28688; 4
1686085543.566868; 28738; 4
1686085543.616871; 28788; 4
1686085543.666868; 28838; 4
1686085543.716870; 28888; 4
1686085543.766868; 28938; 4
1686085543.816870; 28988; 4
1686085543.866868; 29038; 4
1686085543.916870; 29088; 4
1686085543.966868; 29138; 4
1686085544.016870; 29188; 4
1686085544.066870; 29238; 4
1686085544.116872; 29288; 4
1686085544.166868; 29338; 4
1686085544.216870; 29388; 4
1686085544.266868; 29438; 4
1686085544.316870; 29488; 4
1686085544.366868; 29538; 4
1686085544.416870; 29588; 4
1686085544.466868; 29638; 4
1686085544.516870; 29688; 4
1686085544.566868; 29738; 4
1686085544.616870; 29788; 4
1686085544.666868; 29838; 4
1686085544.716870; 29888; 4
1686085544.766868; 29938; 4
1686085544.816870; 29988; 4
1686085544.866868; 30038; 4
1686085544.916870; 30088; 4
1686085544.966868; 30138; 4
1686085545.016870; 30188; 4
1686085545.066870; 30238; 4
1686085545.116872; 30288; 4
1686085545.166868; 30338; 4
1686085545.216870; 30388; 4
1686085545.266868; 30438; 4
1686085545.316870; 30488; 4
1686085545.366868; 30538; 4
1686085545.416870; 30588; 4
1686085545.466871; 30638; 4
1686085545.516870; 30688; 4
1686085545.566868; 30738; 4
1686085545.616870; 30788; 4
1686085545.666872; 30838; 4
1686085545.716870; 30888; 4
1686085545.766868; 30938; 4
1686085545.816870; 30988; 4
1686085545.866885; 31038; 4
1686085545.916870; 31088; 4
1686085545.966868; 31138; 4
1686085546.016870; 31188; 4
1686085546.066870; 31238; 4
1686085546.116872; 31288; 4
1686085546.166868; 31338; 4
1686085546.216870; 31388; 4
1686085546.266868; 31438; 4
1686085546.316870; 31488; 4
1686085546.366868; 31538; 4
1686085546.416870; 31588; 4
1686085546.466868; 31638; 4
1686085546.516870; 31688; 4
1686085546.566868; 31738; 4
1686085546.616870; 31788; 4
1686085546.666868; 31838; 4
1686085546.716870; 31888; 4
1686085546.766887; 31938; 4
1686085546.816872; 31988; 4
1686085546.866868; 32038; 4
1686085546.916870; 32088; 4
1686085546.966868; 32138; 4
1686085547.016870; 32188; 4
1686085547.066870; 32238; 4
1686085547.116872; 32288; 4
1686085547.166868; 32338; 4
1686085547.216870; 32388; 4
1686085547.266868; 32438; 4
1686085547.316870; 32488; 4
1686085547.366868; 32538; 4
1686085547.416870; 32588; 4
1686085547.466868; 32638; 4
1686085547.516870; 32688; 4
1686085547.566868; 32738; 4
1686085547.616870; 32788; 4
1686085547.666868; 32838; 4
1686085547.716895; 32888; 4
1686085547.766868; 32938; 4
1686085547.816870; 32988; 4
1686085547.866868; 33038; 4
1686085547.916871; 33088; 4
1686085547.966868; 33138; 4
1686085548.016870; 33188; 4
1686085548.066870; 33238; 4
1686085548.116872; 33288; 4
1686085548.166868; 33338; 4
1686085548.216870; 33388; 4
1686085548.266868; 33438; 4
1686085548.316870; 33488; 4
1686085548.366868; 33538; 4
1686085548.416870; 33588; 4
1686085548.466868; 33638; 4
1686085548.516870; 33688; 4
1686085548.566868; 33738; 4
1686085548.616870; 33788; 4
1686085548.666868; 33838; 4
1686085548.716870; 33888; 4
1686085548.766868; 33938; 4
1686085548.816870; 33988; 4
1686085548.866868; 34038; 4
1686085548.916870; 34088; 4
1686085548.966868; 34138; 4
1686085549.016870; 34188; 4
1686085549.066870; 34238; 4
1686085549.116872; 34288; 4
1686085549.166868; 34338; 4
1686085549.216870; 34388; 4
1686085549.266868; 34438; 4
1686085549.316870; 34488; 4
1686085549.366868; 34538; 4
1686085549.416870; 34588; 4
1686085549.466868; 34638; 4
1686085549.516870; 34688; 4
1686085549.566868; 34738; 4
1686085549.616870; 34788; 4
1686085549.666868; 34838; 4
1686085549.716870; 34888; 4
1686085549.766869; 34938; 4
1686085549.816870; 34988; 4
1686085549.866868; 35038; 4
1686085549.916870; 35088; 4
1686085549.966868; 35138; 4
1686085550.016870; 35188; 4
1686085550.066870; 35238; 4
1686085550.116872; 35288; 4
1686085550.166886; 35338; 4
1686085550.216874; 35388; 4
1686085550.266868; 35438; 4
1686085550.316870; 35488; 4
1686085550.366868; 35538; 4
1686085550.416870; 35588; 4
1686085550.466868; 35638; 4
1686085550.516870; 35688; 4
1686085550.566868; 35738; 4
1686085550.616870; 35788; 4
1686085550.666868; 35838; 4
1686085550.716870; 35888; 4
1686085550.766868; 35938; 4
1686085550.816870; 35988; 4
1686085550.866868; 36038; 4
1686085550.916870; 36088; 4
1686085550.966868; 36138; 4
1686085551.016870; 36188; 4
1686085551.066870; 36238; 4
1686085551.116872; 36288; 4
1686085551.166868; 36338; 4
1686085551.216870; 36388; 4
1686085551.266868; 36438; 4
1686085551.316870; 36488; 4
1686085551.366868; 36538; 4
1686085551.416870; 36588; 4
1686085551.466868; 36638; 4
1686085551.516870; 36688; 4
1686085551.566868; 36738; 4
1686085551.616870; 36788; 4
1686085551.666868; 36838; 4
1686085551.716870; 36888; 4
1686085551.766868; 36938; 4
1686085551.816870; 36988; 4
1686085551.866868; 37038; 4
1686085551.916874; 37088; 4
1686085551.966868; 37138; 4
1686085552.016871; 37188; 4
1686085552.066870; 37238; 4
1686085552.116872; 37288; 4
1686085552.166868; 37338; 4
1686085552.216874; 37388; 4
1686085552.266868; 37438; 4
1686085552.316870; 37488; 4
1686085552.366869; 37538; 4
1686085552.416870; 37588; 4
1686085552.466868; 37638; 4
1686085552.516870; 37688; 4
1686085552.566868; 37738; 4
1686085552.616870; 37788; 4
1686085552.666869; 37838; 4
1686085552.716870; 37888; 4
1686085552.766868; 37938; 4
1686085552.816870; 37988; 4
1686085552.866868; 38038; 4
1686085552.916870; 38088; 4
1686085552.966869; 38138; 4
1686085553.016870; 38188; 4
1686085553.066870; 38238; 4
1686085553.116872; 38288; 4
1686085553.166868; 38338; 4
1686085553.216870; 38388; 4
1686085553.266869; 38438; 4
1686085553.316870; 38488; 4
1686085553.366868; 38538; 4
1686085553.416870; 38588; 4
1686085553.466868; 38638; 4
1686085553.516870; 38688; 4
1686085553.566868; 38738; 4
1686085553.616870; 38788; 4
1686085553.666868; 38838; 4
1686085553.716870; 38888; 4
1686085553.766868; 38938; 4
1686085553.816885; 38988; 4
1686085553.866875; 39038; 4
1686085553.916870; 39088; 4
1686085553.966868; 39138; 4
1686085554.016870; 39188; 4
1686085554.066874; 39238; 4
1686085554.116872; 39288; 4
1686085554.166868; 39338; 4
1686085554.216870; 39388; 4
1686085554.266868; 39438; 4
1686085554.316870; 39488; 4
1686085554.366868; 39538; 4
1686085554.416870; 39588; 4
1686085554.466868; 39638; 4
1686085554.516870; 39688; 4
1686085554.566868; 39738; 4
1686085554.616870; 39788; 4
1686085554.666868; 39838; 4
1686085554.716870; 39888; 4
1686085554.766868; 39938; 4
1686085554.816870; 39988; 4
1686085554.866868; 40038; 4
1686085554.916870; 40088; 4
1686085554.966868; 40138; 4
1686085555.016870; 40188; 4
1686085555.066870; 40238; 4
1686085555.116872; 40288; 4
1686085555.166868; 40338; 4
1686085555.216870; 40388; 4
1686085555.266868; 40438; 4
1686085555.316870; 40488; 4
1686085555.366868; 40538; 4
1686085555.416870; 40588; 4
1686085555.466868; 40638; 4
1686085555.516870; 40688; 4
1686085555.566868; 40738; 4
1686085555.616870; 40788; 4
1686085555.666868; 40838; 4
1686085555.716870; 40888; 4
1686085555.766868; 40938; 4
1686085555.816870; 40988; 4
1686085555.866868; 41038; 4
1686085555.916870; 41088; 4
1686085555.966868; 41138; 4
1686085556.016870; 41188; 4
1686085556.066870; 41238; 4
1686085556.116872; 41288; 4
1686085556.166868; 41338; 4
1686085556.216870; 41388; 4
1686085556.266868; 41438; 4
1686085556.316880; 41488; 4
1686085556.366868; 41538; 4
1686085556.416875; 41588; 4
1686085556.466868; 41638; 4
1686085556.516891; 41688; 4
1686085556.566868; 41738; 4
1686085556.616870; 41788; 4
1686085556.666868; 41838; 4
1686085556.716870; 41888; 4
1686085556.766868; 41938; 4
1686085556.816870; 41988; 4
1686085556.866868; 42038; 4
1686085556.916870; 42088; 4
1686085556.966868; 42138; 4
1686085557.016870; 42188; 4
1686085557.066870; 42238; 4
1686085557.116872; 42288; 4
1686085557.166868; 42338; 4
1686085557.216870; 42388; 4
1686085557.266868; 42438; 4
1686085557.316870; 42488; 4
1686085557.366868; 42538; 4
1686085557.416870; 42588; 4
1686085557.466868; 42638; 4
1686085557.516870; 42688; 209
1686085557.566868; 42738; 209
1686085557.616870; 42788; 317
1686085557.666868; 42838; 317
1686085557.716870; 42888; 317
1686085557.766868; 42938; 293
1686085557.816870; 42988; 293
1686085557.866868; 43038; 309
1686085557.916870; 43088; 309
1686085557.966868; 43138; 205
1686085558.016870; 43188; 205
1686085558.066870; 43238; 243
1686085558.116872; 43288; 243
1686085558.166868; 43338; 360
1686085558.216870; 43388; 360
1686085558.266869; 43438; 360
1686085558.316870; 43488; 360
1686085558.366868; 43538; 324
1686085558.416870; 43588; 324
1686085558.466902; 43638; 319
1686085558.516870; 43688; 319
1686085558.566869; 43738; 325
1686085558.616870; 43788; 325
1686085558.666889; 43838; 323
1686085558.716870; 43888; 323
1686085558.766868; 43938; 333
1686085558.816870; 43988; 333
1686085558.866868; 44038; 327
1686085558.916870; 44088; 327
1686085558.966868; 44138; 342
1686085559.016870; 44188; 342
1686085559.066870; 44238; 328
1686085559.116872; 44288; 328
1686085559.166868; 44338; 328
1686085559.216870; 44388; 328
1686085559.266868; 44438; 327
1686085559.316870; 44488; 327
1686085559.366868; 44538; 330
1686085559.416870; 44588; 330
1686085559.466868; 44638; 324
1686085559.516870; 44688; 324
1686085559.566868; 44738; 325
1686085559.616870; 44788; 325
1686085559.666868; 44838; 343
1686085559.716870; 44888; 343
1686085559.766868; 44938; 346
1686085559.816870; 44988; 346
1686085559.866868; 45038; 362
1686085559.916870; 45088; 362
1686085559.966868; 45138; 385
1686085560.016870; 45188; 385
1686085560.066870; 45238; 385
1686085560.116872; 45288; 375
1686085560.166868; 45338; 375
1686085560.216870; 45388; 394
1686085560.266868; 45438; 394
1686085560.316870; 45488; 368
1686085560.366868; 45538; 368
1686085560.416870; 45588; 396
1686085560.466868; 45638; 396
1686085560.516874; 45688; 377
1686085560.566868; 45738; 377
1686085560.616886; 45788; 306
1686085560.666887; 45838; 306
1686085560.716877; 45888; 242
1686085560.766868; 45938; 242
1686085560.816887; 45988; 275
1686085560.866868; 46038; 275
1686085560.916870; 46088; 249
1686085560.966868; 46138; 249
1686085561.016870; 46188; 182
1686085561.066870; 46238; 182
1686085561.116872; 46288; 181
1686085561.166868; 46338; 181
1686085561.216870; 46388; 188
1686085561.266868; 46438; 188
1686085561.316870; 46488; 211
1686085561.366868; 46538; 211
1686085561.416870; 46588; 221
1686085561.466868; 46638; 221
1686085561.516870; 46688; 224
1686085561.566868; 46738; 224
1686085561.616870; 46788; 248
1686085561.666868; 46838; 248
1686085561.716870; 46888; 252
1686085561.766868; 46938; 252
1686085561.816870; 46988; 252
1686085561.866868; 47038; 252
1686085561.916870; 47088; 263
1686085561.966868; 47138; 263
1686085562.016870; 47188; 283
1686085562.066870; 47238; 283
1686085562.116872; 47288; 253
1686085562.166868; 47338; 253
1686085562.216870; 47388; 272
1686085562.266868; 47438; 272
1686085562.316870; 47488; 272
1686085562.366869; 47538; 283
1686085562.416870; 47588; 283
1686085562.466868; 47638; 289
1686085562.516870; 47688; 289
1686085562.566868; 47738; 253
1686085562.616870; 47788; 253
1686085562.666868; 47838; 235
1686085562.716870; 47888; 235
1686085562.766868; 47938; 258
1686085562.816870; 47988; 258
1686085562.866873; 48038; 254
1686085562.916870; 48088; 254
1686085562.966868; 48138; 113
1686085563.016870; 48188; 113
1686085563.066870; 48238; 4
1686085563.116872; 48288; 4
1686085563.166868; 48338; 4
1686085563.216870; 48388; 4
1686085563.266868; 48438; 4
1686085563.316870; 48488; 4
1686085563.366868; 48538; 4
1686085563.416870; 48588; 4
1686085563.466868; 48638; 4
1686085563.516870; 48688; 4
1686085563.566868; 48738; 4
1686085563.616870; 48788; 4
1686085563.666868; 48838; 4
1686085563.716870; 48888; 4
1686085563.766868; 48938; 4
1686085563.816870; 48988; 4
1686085563.866868; 49038; 4
1686085563.916870; 49088; 4
1686085563.966868; 49138; 4
1686085564.016870; 49188; 4
1686085564.066870; 49238; 4
1686085564.116872; 49288; 4
1686085564.166868; 49338; 4
1686085564.216870; 49388; 4
1686085564.266868; 49438; 4
1686085564.316870; 49488; 4
1686085564.366868; 49538; 4
1686085564.416870; 49588; 4
1686085564.466868; 49638; 4
1686085564.516870; 49688; 4
1686085564.566868; 49738; 4
1686085564.616870; 49788; 4
1686085564.666868; 49838; 4
1686085564.716870; 49888; 4
1686085564.766868; 49938; 4
1686085564.816874; 49988; 4
1686085564.866868; 50038; 4
1686085564.916870; 50088; 4
1686085564.966868; 50138; 4
1686085565.016871; 50188; 4
1686085565.066870; 50238; 4
1686085565.116872; 50288; 4
1686085565.166868; 50338; 4
1686085565.216870; 50388; 4
1686085565.266868; 50438; 4
1686085565.316870; 50488; 4
1686085565.366868; 50538; 4
1686085565.416870; 50588; 4
1686085565.466868; 50638; 4
1686085565.516870; 50688; 4
1686085565.566868; 50738; 4
1686085565.616870; 50788; 4
1686085565.666868; 50838; 4
1686085565.716870; 50888; 4
1686085565.766868; 50938; 4
1686085565.816870; 50988; 4
1686085565.866868; 51038; 4
1686085565.916870; 51088; 4
1686085565.966868; 51138; 4
1686085566.016870; 51188; 4
1686085566.066870; 51238; 4
1686085566.116872; 51288; 4
1686085566.166868; 51338; 4
1686085566.216870; 51388; 4
1686085566.266868; 51438; 4
1686085566.316870; 51488; 4
1686085566.366868; 51538; 4
1686085566.416870; 51588; 4
1686085566.466868; 51638; 4
1686085566.516870; 51688; 4
1686085566.566868; 51738; 4
1686085566.616870; 51788; 4
1686085566.666868; 51838; 4
1686085566.716870; 51888; 4
1686085566.766872; 51938; 4
1686085566.816870; 51988; 4
1686085566.866869; 52038; 4
1686085566.916870; 52088; 4
1686085566.966891; 52138; 4
1686085567.016870; 52188; 4
1686085567.066874; 52238; 4
1686085567.116872; 52288; 4
1686085567.166875; 52338; 4
1686085567.216870; 52388; 4
1686085567.266868; 52438; 4
1686085567.316870; 52488; 4
1686085567.366868; 52538; 4
1686085567.416870; 52588; 4
1686085567.466868; 52638; 4
1686085567.516870; 52688; 4
1686085567.566887; 52738; 4
1686085567.616872; 52788; 4
1686085567.666868; 52838; 4
1686085567.716870; 52888; 4
1686085567.766868; 52938; 4
1686085567.816870; 52988; 4
1686085567.866868; 53038; 4
1686085567.916870; 53088; 4
1686085567.966868; 53138; 4
1686085568.016870; 53188; 4
1686085568.066870; 53238; 4
1686085568.116872; 53288; 4
1686085568.166868; 53338; 4
1686085568.216870; 53388; 4
1686085568.266868; 53438; 4
1686085568.316870; 53488; 4
1686085568.366868; 53538; 4
1686085568.416870; 53588; 4
1686085568.466868; 53638; 4
1686085568.516870; 53688; 4
1686085568.566868; 53738; 4
1686085568.616870; 53788; 4
1686085568.666868; 53838; 4
1686085568.716870; 53888; 4
1686085568.766868; 53938; 4
1686085568.816870; 53988; 4
1686085568.866868; 54038; 4
1686085568.916874; 54088; 4
1686085568.966868; 54138; 4
1686085569.016873; 54188; 4
1686085569.066870; 54238; 4
1686085569.116897; 54288; 4
1686085569.166868; 54338; 4
1686085569.216870; 54388; 4
1686085569.266868; 54438; 4
1686085569.316887; 54488; 4
1686085569.366868; 54538; 4
1686085569.416870; 54588; 4
1686085569.466868; 54638; 4
1686085569.516870; 54688; 4
1686085569.566868; 54738; 4
1686085569.616870; 54788; 4
1686085569.666868; 54838; 4
1686085569.716870; 54888; 4
1686085569.766868; 54938; 4
1686085569.816870; 54988; 4
1686085569.866868; 55038; 4
1686085569.916870; 55088; 4
1686085569.966868; 55138; 4
1686085570.016870; 55188; 4
1686085570.066870; 55238; 4
1686085570.116872; 55288; 4
1686085570.166868; 55338; 4
1686085570.216870; 55388; 4
1686085570.266868; 55438; 4
1686085570.316870; 55488; 4
1686085570.366868; 55538; 4
1686085570.416870; 55588; 4
1686085570.466868; 55638; 4
1686085570.516870; 55688; 4
1686085570.566868; 55738; 4
1686085570.616870; 55788; 4
1686085570.666868; 55838; 4
1686085570.716870; 55888; 4
1686085570.766868; 55938; 4
1686085570.816870; 55988; 4
1686085570.866868; 56038; 4
1686085570.916870; 56088; 4
1686085570.966868; 56138; 4
1686085571.016870; 56188; 4
1686085571.066870; 56238; 4
1686085571.116872; 56288; 4
1686085571.166872; 56338; 4
1686085571.216870; 56388; 4
1686085571.266884; 56438; 4
1686085571.316870; 56488; 4
1686085571.366869; 56538; 4
1686085571.416870; 56588; 4
1686085571.466868; 56638; 4
1686085571.516870; 56688; 4
1686085571.566868; 56738; 4
1686085571.616870; 56788; 4
1686085571.666868; 56838; 4
1686085571.716870; 56888; 4
1686085571.766868; 56938; 4
1686085571.816870; 56988; 4
1686085571.866868; 57038; 4
1686085571.916870; 57088; 4
1686085571.966868; 57138; 4
1686085572.016870; 57188; 4
1686085572.066870; 57238; 4
1686085572.116872; 57288; 4
1686085572.166868; 57338; 4
1686085572.216870; 57388; 4
1686085572.266868; 57438; 4
1686085572.316870; 57488; 4
1686085572.366868; 57538; 4
1686085572.416870; 57588; 4
1686085572.466868; 57638; 4
1686085572.516870; 57688; 4
1686085572.566868; 57738; 4
1686085572.616870; 57788; 4
1686085572.666868; 57838; 4
1686085572.716870; 57888; 4
1686085572.766868; 57938; 4
1686085572.816870; 57988; 4
1686085572.866868; 58038; 4
1686085572.916870; 58088; 4
1686085572.966868; 58138; 4
1686085573.016870; 58188; 4
1686085573.066870; 58238; 4
1686085573.116872; 58288; 4
1686085573.166868; 58338; 4
1686085573.216871; 58388; 4
1686085573.266868; 58438; 4
1686085573.316870; 58488; 4
1686085573.366868; 58538; 4
1686085573.416870; 58588; 4
1686085573.466868; 58638; 4
1686085573.516873; 58688; 4
1686085573.566868; 58738; 4
1686085573.616884; 58788; 4
1686085573.666868; 58838; 4
1686085573.716870; 58888; 4
1686085573.766868; 58938; 4
1686085573.816870; 58988; 4
1686085573.866868; 59038; 4
1686085573.916870; 59088; 4
1686085573.966868; 59138; 4
1686085574.016870; 59188; 4
1686085574.066870; 59238; 4
1686085574.116872; 59288; 4
1686085574.166868; 59338; 4
1686085574.216870; 59388; 4
1686085574.266868; 59438; 4
1686085574.316870; 59488; 4
1686085574.366868; 59538; 4
1686085574.416870; 59588; 4
1686085574.466868; 59638; 4
1686085574.516870; 59688; 4
1686085574.566868; 59738; 4
1686085574.616870; 59788; 4
1686085574.666887; 59838; 4
1686085574.716872; 59888; 4
1686085574.766868; 59938; 4
1686085574.816870; 59988; 4
1686085574.866868; 60038; 4
1686085574.916870; 60088; 4
1686085574.966868; 60138; 4
1686085575.016870; 60188; 4
1686085575.066870; 60238; 4
1686085575.116872; 60288; 4
1686085575.166868; 60338; 4
1686085575.216870; 60388; 4
1686085575.266872; 60438; 4
1686085575.316870; 60488; 4
1686085575.366868; 60538; 4
1686085575.416870; 60588; 4
1686085575.466883; 60638; 4
1686085575.516870; 60688; 4
1686085575.566873; 60738; 4
1686085575.616870; 60788; 4
1686085575.666872; 60838; 4
1686085575.716870; 60888; 4
1686085575.766868; 60938; 4
1686085575.816870; 60988; 4
1686085575.866868; 61038; 4
1686085575.916870; 61088; 4
1686085575.966868; 61138; 4
1686085576.016870; 61188; 4
1686085576.066870; 61238; 4
1686085576.116872; 61288; 4
1686085576.166868; 61338; 4
1686085576.216870; 61388; 4
1686085576.266868; 61438; 4
1686085576.316870; 61488; 4
1686085576.366868; 61538; 4
1686085576.416870; 61588; 4
1686085576.466868; 61638; 4
1686085576.516870; 61688; 4
1686085576.566868; 61738; 4
1686085576.616870; 61788; 4
1686085576.666868; 61838; 4
1686085576.716870; 61888; 4
1686085576.766868; 61938; 4
1686085576.816870; 61988; 4
1686085576.866868; 62038; 4
1686085576.916870; 62088; 4
1686085576.966868; 62138; 4
1686085577.016870; 62188; 4
1686085577.066870; 62238; 4
1686085577.116872; 62288; 4
1686085577.166868; 62338; 4
1686085577.216873; 62388; 4
1686085577.266868; 62438; 4
1686085577.316870; 62488; 4
1686085577.366868; 62538; 4
1686085577.416870; 62588; 4
1686085577.466868; 62638; 4
1686085577.516880; 62688; 4
1686085577.566868; 62738; 4
1686085577.616884; 62788; 4
1686085577.666868; 62838; 4
1686085577.716873; 62888; 4
1686085577.766868; 62938; 4
1686085577.816882; 62988; 4
1686085577.866868; 63038; 4
1686085577.916870; 63088; 4
1686085577.966868; 63138; 4
1686085578.016870; 63188; 4
1686085578.066870; 63238; 4
1686085578.116872; 63288; 4
1686085578.166868; 63338; 4
1686085578.216870; 63388; 4
1686085578.266868; 63438; 4
1686085578.316870; 63488; 4
1686085578.366868; 63538; 4
1686085578.416870; 63588; 4
1686085578.466868; 63638; 4
1686085578.516870; 63688; 4
