1670091710.942563; 490214; 3
1670091710.967356; 490239; 3
1670091710.992359; 490264; 3
1670091711.017359; 490289; 3
1670091711.042361; 490314; 3
1670091711.067375; 490339; 3
1670091711.092362; 490364; 3
1670091711.117355; 490389; 3
1670091711.142354; 490414; 3
1670091711.167359; 490439; 3
1670091711.192355; 490464; 3
1670091711.217354; 490489; 3
1670091711.242354; 490514; 3
1670091711.267359; 490539; 3
1670091711.292360; 490564; 3
1670091711.317359; 490589; 3
1670091711.342359; 490614; 3
1670091711.367359; 490639; 3
1670091711.392364; 490664; 3
1670091711.417360; 490689; 3
1670091711.442359; 490714; 3
1670091711.467354; 490739; 3
1670091711.623527; 490895; 3
1670091711.648361; 490920; 3
1670091711.673359; 490945; 3
1670091711.698359; 490970; 3
1670091711.723364; 490995; 3
1670091711.748361; 491020; 3
1670091711.773354; 491045; 3
1670091711.798354; 491070; 3
1670091711.823359; 491095; 3
1670091711.848369; 491120; 3
1670091711.873359; 491145; 3
1670091711.898359; 491170; 3
1670091711.923354; 491195; 3
1670091711.948359; 491220; 3
1670091711.973355; 491245; 3
1670091711.998354; 491270; 3
1670091712.023354; 491295; 3
1670091712.048369; 491320; 3
1670091712.073362; 491345; 3
1670091712.098355; 491370; 3
1670091712.123361; 491395; 3
1670091712.148364; 491420; 3
1670091712.173360; 491445; 3
1670091712.198359; 491470; 3
1670091712.223359; 491495; 3
1670091712.248364; 491520; 3
1670091712.273360; 491545; 3
1670091712.298359; 491570; 3
1670091712.323359; 491595; 3
1670091712.348359; 491620; 3
1670091712.373364; 491645; 3
1670091712.398360; 491670; 3
1670091712.423359; 491695; 3
1670091712.448359; 491720; 3
1670091712.473367; 491745; 3
1670091712.498360; 491770; 3
1670091712.523359; 491795; 3
1670091712.548359; 491820; 3
1670091712.573364; 491845; 3
1670091712.598361; 491870; 3
1670091712.623359; 491895; 3
1670091712.648359; 491920; 3
1670091712.673393; 491945; 3
1670091712.698356; 491970; 3
1670091712.723359; 491995; 3
1670091712.748359; 492020; 3
1670091712.773354; 492045; 3
1670091712.798359; 492070; 3
1670091712.823355; 492095; 3
1670091712.848354; 492120; 3
1670091712.873356; 492145; 3
1670091712.898368; 492170; 3
1670091712.923360; 492195; 3
1670091712.948359; 492220; 3
1670091712.973359; 492245; 3
1670091712.998364; 492270; 3
1670091713.023360; 492295; 3
1670091713.048355; 492320; 3
1670091713.073360; 492345; 3
1670091713.098355; 492370; 3
1670091713.123365; 492395; 3
1670091713.148360; 492420; 3
1670091713.173359; 492445; 3
1670091713.198359; 492470; 3
1670091713.223364; 492495; 3
1670091713.248361; 492520; 3
1670091713.273354; 492545; 3
1670091713.298354; 492570; 3
1670091713.323362; 492595; 3
1670091713.348355; 492620; 3
1670091713.373354; 492645; 3
1670091713.398354; 492670; 3
1670091713.423359; 492695; 3
1670091713.448355; 492720; 3
1670091713.473354; 492745; 3
1670091713.498354; 492770; 3
1670091713.523354; 492795; 3
1670091713.548364; 492820; 3
1670091713.573360; 492845; 3
1670091713.598359; 492870; 3
1670091713.623359; 492895; 3
1670091713.648364; 492920; 3
1670091713.673360; 492945; 3
1670091713.698357; 492970; 3
1670091713.723359; 492995; 3
1670091713.748362; 493020; 3
1670091713.773355; 493045; 3
1670091713.798354; 493070; 3
1670091713.823354; 493095; 3
1670091713.848359; 493120; 3
1670091713.873355; 493145; 3
1670091713.898359; 493170; 3
1670091713.923359; 493195; 3
1670091713.948374; 493220; 3
1670091713.973359; 493245; 3
1670091713.998355; 493270; 3
1670091714.023354; 493295; 3
1670091714.048360; 493320; 3
1670091714.073360; 493345; 3
1670091714.098362; 493370; 3
1670091714.123355; 493395; 3
1670091714.148354; 493420; 3
1670091714.173368; 493445; 3
1670091714.198361; 493470; 3
1670091714.223359; 493495; 3
1670091714.248359; 493520; 3
1670091714.273357; 493545; 3
1670091714.298356; 493570; 3
1670091714.323354; 493595; 3
1670091714.348354; 493620; 3
1670091714.373354; 493645; 3
1670091714.398359; 493670; 3
1670091714.423355; 493695; 3
1670091714.448354; 493720; 3
1670091714.473354; 493745; 3
1670091714.498359; 493770; 3
1670091714.523361; 493795; 3
1670091714.548359; 493820; 3
1670091714.573359; 493845; 3
1670091714.598368; 493870; 3
1670091714.623361; 493895; 3
1670091714.648359; 493920; 3
1670091714.673359; 493945; 3
1670091714.698359; 493970; 3
1670091714.723367; 493995; 3
1670091714.748355; 494020; 3
1670091714.773354; 494045; 3
1670091714.798354; 494070; 3
1670091714.823359; 494095; 3
1670091714.848355; 494120; 3
1670091714.873354; 494145; 3
1670091714.898354; 494170; 3
1670091714.923364; 494195; 3
1670091714.948361; 494220; 3
1670091714.973359; 494245; 3
1670091714.998359; 494270; 3
1670091715.023362; 494295; 3
1670091715.048362; 494320; 3
1670091715.073355; 494345; 3
1670091715.098360; 494370; 3
1670091715.123355; 494395; 3
1670091715.148359; 494420; 3
1670091715.173355; 494445; 3
1670091715.198359; 494470; 3
1670091715.223359; 494495; 3
1670091715.248364; 494520; 3
1670091715.273355; 494545; 3
1670091715.298354; 494570; 3
1670091715.323354; 494595; 3
1670091715.348359; 494620; 3
1670091715.373355; 494645; 3
1670091715.398354; 494670; 3
1670091715.423354; 494695; 3
1670091715.448368; 494720; 3
1670091715.473360; 494745; 3
1670091715.498359; 494770; 3
1670091715.523359; 494795; 3
1670091715.548354; 494820; 3
1670091715.573359; 494845; 3
1670091715.598361; 494870; 3
1670091715.623359; 494895; 3
1670091715.648359; 494920; 3
1670091715.673364; 494945; 3
1670091715.698360; 494970; 3
1670091715.723359; 494995; 3
1670091715.748359; 495020; 3
1670091715.773359; 495045; 3
1670091715.798355; 495070; 3
1670091715.823354; 495095; 3
1670091715.848354; 495120; 3
1670091715.873361; 495145; 3
1670091715.898356; 495170; 3
1670091715.923359; 495195; 3
1670091715.948354; 495220; 3
1670091715.973359; 495245; 3
1670091715.998364; 495270; 3
1670091716.023360; 495295; 3
1670091716.048355; 495320; 3
1670091716.073361; 495345; 3
1670091716.098365; 495370; 3
1670091716.123356; 495395; 3
1670091716.148359; 495420; 3
1670091716.173359; 495445; 3
1670091716.198364; 495470; 3
1670091716.223361; 495495; 3
1670091716.248359; 495520; 3
1670091716.273354; 495545; 3
1670091716.298354; 495570; 3
1670091716.323362; 495595; 3
1670091716.348355; 495620; 3
1670091716.373359; 495645; 3
1670091716.398359; 495670; 3
1670091716.423364; 495695; 3
1670091716.448361; 495720; 3
1670091716.473359; 495745; 3
1670091716.498359; 495770; 3
1670091716.523364; 495795; 3
1670091716.548360; 495820; 3
1670091716.573359; 495845; 3
1670091716.598359; 495870; 3
1670091716.623364; 495895; 3
1670091716.648360; 495920; 3
1670091716.673359; 495945; 3
1670091716.698359; 495970; 3
1670091716.723359; 495995; 3
1670091716.748362; 496020; 3
1670091716.773355; 496045; 3
1670091716.798354; 496070; 3
1670091716.823354; 496095; 3
1670091716.848359; 496120; 3
1670091716.873355; 496145; 3
1670091716.898354; 496170; 3
1670091716.923354; 496195; 3
1670091716.948359; 496220; 3
1670091716.973364; 496245; 3
1670091716.998359; 496270; 3
1670091717.023359; 496295; 3
1670091717.048360; 496320; 3
1670091717.073362; 496345; 3
1670091717.098361; 496370; 3
1670091717.123355; 496395; 3
1670091717.148354; 496420; 3
1670091717.173389; 496445; 3
1670091717.198355; 496470; 3
1670091717.223354; 496495; 3
1670091717.248359; 496520; 3
1670091717.273359; 496545; 3
1670091717.298355; 496570; 3
1670091717.323354; 496595; 3
1670091717.348354; 496620; 3
1670091717.373359; 496645; 3
1670091717.398355; 496670; 3
1670091717.423354; 496695; 3
1670091717.448354; 496720; 3
1670091717.473363; 496745; 3
1670091717.498362; 496770; 3
1670091717.523354; 496795; 3
1670091717.548354; 496820; 3
1670091717.573354; 496845; 3
1670091717.598368; 496870; 3
1670091717.623360; 496895; 3
1670091717.648354; 496920; 3
1670091717.673354; 496945; 3
1670091717.698359; 496970; 3
1670091717.723355; 496995; 3
1670091717.748354; 497020; 3
1670091717.773354; 497045; 3
1670091717.798364; 497070; 3
1670091717.823360; 497095; 3
1670091717.848359; 497120; 3
1670091717.873359; 497145; 3
1670091717.898359; 497170; 3
1670091717.923364; 497195; 3
1670091717.948360; 497220; 3
1670091717.973359; 497245; 3
1670091717.998374; 497270; 3
1670091718.023362; 497295; 3
1670091718.048362; 497320; 3
1670091718.073355; 497345; 3
1670091718.098360; 497370; 3
1670091718.123360; 497395; 3
1670091718.148355; 497420; 3
1670091718.173354; 497445; 3
1670091718.198365; 497470; 3
1670091718.223359; 497495; 3
1670091718.248355; 497520; 3
1670091718.273354; 497545; 3
1670091718.298354; 497570; 3
1670091718.323354; 497595; 3
1670091718.348359; 497620; 3
1670091718.373355; 497645; 3
1670091718.398354; 497670; 3
1670091718.423354; 497695; 3
1670091718.448362; 497720; 3
1670091718.473360; 497745; 3
1670091718.498359; 497770; 3
1670091718.523359; 497795; 3
1670091718.548364; 497820; 3
1670091718.573361; 497845; 3
1670091718.598359; 497870; 3
1670091718.623354; 497895; 3
1670091718.648359; 497920; 3
1670091718.673355; 497945; 3
1670091718.698354; 497970; 3
1670091718.723354; 497995; 3
1670091718.748354; 498020; 3
1670091718.773359; 498045; 3
1670091718.798355; 498070; 3
1670091718.823354; 498095; 3
1670091718.848354; 498120; 3
1670091718.873368; 498145; 3
1670091718.898360; 498170; 3
1670091718.923359; 498195; 3
1670091718.948359; 498220; 3
1670091718.973364; 498245; 3
1670091718.998360; 498270; 3
1670091719.023362; 498295; 3
1670091719.048355; 498320; 3
1670091719.073359; 498345; 3
1670091719.098363; 498370; 3
1670091719.123361; 498395; 3
1670091719.148354; 498420; 3
1670091719.173354; 498445; 3
1670091719.198359; 498470; 3
1670091719.223359; 498495; 3
1670091719.248354; 498520; 3
1670091719.273354; 498545; 3
1670091719.298368; 498570; 3
1670091719.323361; 498595; 3
1670091719.348359; 498620; 3
1670091719.373359; 498645; 3
1670091719.398364; 498670; 3
1670091719.423361; 498695; 3
1670091719.448359; 498720; 3
1670091719.473359; 498745; 3
1670091719.498359; 498770; 3
1670091719.523364; 498795; 3
1670091719.548360; 498820; 3
1670091719.573359; 498845; 3
1670091719.598359; 498870; 3
1670091719.623364; 498895; 3
1670091719.648360; 498920; 3
1670091719.673359; 498945; 3
1670091719.698354; 498970; 3
1670091719.723368; 498995; 3
1670091719.748360; 499020; 3
1670091719.773354; 499045; 3
1670091719.798354; 499070; 3
1670091719.823359; 499095; 3
1670091719.848355; 499120; 3
1670091719.873354; 499145; 3
1670091719.898354; 499170; 3
1670091719.923354; 499195; 3
1670091719.948359; 499220; 3
1670091719.973355; 499245; 3
1670091719.998354; 499270; 3
1670091720.023354; 499295; 3
1670091720.048365; 499320; 3
1670091720.073356; 499345; 3
1670091720.098360; 499370; 3
1670091720.123355; 499395; 3
1670091720.148362; 499420; 3
1670091720.173355; 499445; 3
1670091720.198354; 499470; 3
1670091720.223354; 499495; 3
1670091720.248359; 499520; 3
1670091720.273355; 499545; 3
1670091720.298354; 499570; 3
1670091720.323354; 499595; 3
1670091720.348354; 499620; 3
1670091720.373359; 499645; 3
1670091720.398355; 499670; 3
1670091720.423354; 499695; 3
1670091720.448354; 499720; 3
1670091720.473359; 499745; 3
1670091720.498355; 499770; 3
1670091720.523354; 499795; 3
1670091720.548354; 499820; 3
1670091720.573368; 499845; 3
1670091720.598361; 499870; 3
1670091720.623359; 499895; 3
1670091720.648359; 499920; 3
1670091720.673363; 499945; 3
1670091720.698362; 499970; 3
1670091720.723354; 499995; 3
1670091720.748354; 500020; 3
1670091720.773354; 500045; 3
1670091720.798359; 500070; 3
1670091720.823355; 500095; 3
1670091720.848354; 500120; 3
1670091720.873354; 500145; 3
1670091720.898359; 500170; 3
1670091720.923355; 500195; 3
1670091720.948354; 500220; 3
1670091720.973354; 500245; 3
1670091720.998368; 500270; 3
1670091721.023360; 500295; 3
1670091721.048355; 500320; 3
1670091721.073361; 500345; 3
1670091721.098355; 500370; 3
1670091721.123365; 500395; 3
1670091721.148355; 500420; 3
1670091721.173354; 500445; 3
1670091721.198354; 500470; 3
1670091721.223359; 500495; 3
1670091721.248355; 500520; 3
1670091721.273354; 500545; 3
1670091721.298359; 500570; 3
1670091721.323364; 500595; 3
1670091721.348360; 500620; 3
1670091721.373359; 500645; 3
1670091721.398359; 500670; 3
1670091721.423362; 500695; 3
1670091721.448355; 500720; 3
1670091721.473354; 500745; 3
1670091721.498354; 500770; 3
1670091721.523354; 500795; 3
1670091721.548359; 500820; 3
1670091721.573355; 500845; 3
1670091721.598354; 500870; 3
1670091721.623354; 500895; 3
1670091721.648359; 500920; 3
1670091721.673355; 500945; 3
1670091721.698359; 500970; 3
1670091721.723359; 500995; 3
1670091721.748364; 501020; 3
1670091721.773355; 501045; 3
1670091721.798354; 501070; 3
1670091721.823354; 501095; 3
1670091721.848362; 501120; 3
1670091721.873355; 501145; 3
1670091721.898354; 501170; 3
1670091721.923354; 501195; 3
1670091721.948354; 501220; 3
1670091721.973359; 501245; 3
1670091721.998355; 501270; 3
1670091722.023354; 501295; 3
1670091722.048360; 501320; 3
1670091722.073360; 501345; 3
1670091722.098362; 501370; 3
1670091722.123355; 501395; 3
1670091722.148354; 501420; 3
1670091722.173359; 501445; 3
1670091722.198355; 501470; 3
1670091722.223354; 501495; 3
1670091722.248354; 501520; 3
1670091722.273361; 501545; 3
1670091722.298374; 501570; 3
1670091722.323354; 501595; 3
1670091722.348354; 501620; 3
1670091722.373354; 501645; 3
1670091722.398359; 501670; 3
1670091722.423355; 501695; 3
1670091722.448354; 501720; 3
1670091722.473354; 501745; 3
1670091722.498393; 501770; 3
1670091722.523361; 501795; 3
1670091722.548359; 501820; 3
1670091722.573359; 501845; 3
1670091722.598364; 501870; 3
1670091722.623360; 501895; 3
1670091722.648359; 501920; 3
1670091722.673359; 501945; 3
1670091722.698359; 501970; 3
1670091722.723362; 501995; 3
1670091722.748355; 502020; 3
1670091722.773354; 502045; 3
1670091722.798354; 502070; 3
1670091722.823359; 502095; 3
1670091722.848355; 502120; 3
1670091722.873354; 502145; 3
1670091722.898354; 502170; 3
1670091722.923364; 502195; 3
1670091722.948360; 502220; 3
1670091722.973359; 502245; 3
1670091722.998359; 502270; 3
1670091723.023364; 502295; 3
1670091723.048356; 502320; 3
1670091723.073360; 502345; 3
1670091723.098355; 502370; 3
1670091723.123360; 502395; 3
1670091723.148368; 502420; 3
1670091723.173360; 502445; 3
1670091723.198359; 502470; 3
1670091723.223354; 502495; 3
1670091723.248359; 502520; 3
1670091723.273360; 502545; 3
1670091723.298359; 502570; 3
1670091723.323375; 502595; 3
1670091723.348364; 502620; 3
1670091723.373360; 502645; 3
1670091723.398359; 502670; 3
1670091723.423359; 502695; 3
1670091723.448364; 502720; 3
1670091723.473360; 502745; 3
1670091723.498359; 502770; 3
1670091723.523373; 502795; 3
1670091723.548354; 502820; 3
1670091723.573368; 502845; 3
1670091723.598361; 502870; 3
1670091723.623359; 502895; 3
1670091723.648359; 502920; 3
1670091723.673364; 502945; 3
1670091723.698361; 502970; 3
1670091723.723359; 502995; 3
1670091723.748359; 503020; 3
1670091723.773359; 503045; 3
1670091723.798355; 503070; 3
1670091723.823354; 503095; 3
1670091723.848354; 503120; 3
1670091723.873363; 503145; 3
1670091723.898362; 503170; 3
1670091723.923354; 503195; 3
1670091723.948354; 503220; 3
1670091723.973354; 503245; 3
1670091723.998368; 503270; 3
1670091724.023360; 503295; 3
1670091724.048355; 503320; 3
1670091724.073360; 503345; 3
1670091724.098360; 503370; 3
1670091724.123362; 503395; 3
1670091724.148359; 503420; 3
1670091724.173359; 503445; 3
1670091724.198364; 503470; 3
1670091724.223360; 503495; 3
1670091724.248359; 503520; 3
1670091724.273354; 503545; 3
1670091724.298354; 503570; 3
1670091724.323359; 503595; 3
1670091724.348357; 503620; 3
1670091724.373359; 503645; 3
1670091724.398359; 503670; 3
1670091724.423368; 503695; 3
1670091724.448360; 503720; 3
1670091724.473359; 503745; 3
1670091724.498359; 503770; 3
1670091724.523364; 503795; 3
1670091724.548355; 503820; 3
1670091724.573354; 503845; 3
1670091724.598354; 503870; 3
1670091724.623359; 503895; 3
1670091724.648355; 503920; 3
1670091724.673354; 503945; 3
1670091724.698354; 503970; 3
1670091724.723354; 503995; 3
1670091724.748359; 504020; 3
1670091724.773355; 504045; 3
1670091724.798354; 504070; 3
1670091724.823359; 504095; 3
1670091724.848368; 504120; 3
1670091724.873360; 504145; 3
1670091724.898359; 504170; 3
1670091724.923359; 504195; 3
1670091724.948364; 504220; 3
1670091724.973360; 504245; 3
1670091724.998359; 504270; 3
1670091725.023359; 504295; 3
1670091725.048360; 504320; 3
1670091725.073362; 504345; 3
1670091725.098361; 504370; 3
1670091725.123355; 504395; 3
1670091725.148354; 504420; 3
1670091725.173364; 504445; 3
1670091725.198360; 504470; 3
1670091725.223359; 504495; 3
1670091725.248359; 504520; 3
1670091725.273362; 504545; 3
1670091725.298355; 504570; 3
1670091725.323354; 504595; 3
1670091725.348354; 504620; 3
1670091725.373364; 504645; 3
1670091725.398361; 504670; 3
1670091725.423359; 504695; 3
1670091725.448359; 504720; 3
1670091725.473357; 504745; 3
1670091725.498356; 504770; 3
1670091725.523359; 504795; 3
1670091725.548359; 504820; 3
1670091725.573359; 504845; 3
1670091725.598359; 504870; 3
1670091725.623359; 504895; 3
1670091725.648359; 504920; 3
1670091725.673359; 504945; 3
1670091725.698362; 504970; 3
1670091725.723355; 504995; 3
1670091725.748354; 505020; 3
1670091725.773354; 505045; 3
1670091725.798359; 505070; 3
1670091725.823355; 505095; 3
1670091725.848354; 505120; 3
1670091725.873354; 505145; 3
1670091725.898354; 505170; 3
1670091725.923359; 505195; 3
1670091725.948355; 505220; 3
1670091725.973354; 505245; 3
1670091725.998354; 505270; 3
1670091726.023359; 505295; 3
1670091726.048356; 505320; 3
1670091726.073360; 505345; 3
1670091726.098355; 505370; 3
1670091726.123369; 505395; 3
1670091726.148355; 505420; 3
1670091726.173354; 505445; 3
1670091726.198359; 505470; 3
1670091726.223364; 505495; 3
1670091726.248360; 505520; 3
1670091726.273354; 505545; 3
1670091726.298354; 505570; 3
1670091726.323354; 505595; 3
1670091726.348359; 505620; 3
1670091726.373355; 505645; 3
1670091726.398359; 505670; 3
1670091726.423359; 505695; 3
1670091726.448364; 505720; 3
1670091726.473360; 505745; 3
1670091726.498359; 505770; 3
1670091726.523359; 505795; 3
1670091726.548368; 505820; 3
1670091726.573360; 505845; 3
1670091726.598359; 505870; 3
1670091726.623354; 505895; 3
1670091726.648359; 505920; 3
1670091726.673355; 505945; 3
1670091726.698354; 505970; 3
1670091726.723354; 505995; 3
1670091726.748354; 506020; 3
1670091726.773359; 506045; 3
1670091726.798355; 506070; 3
1670091726.823359; 506095; 3
1670091726.848359; 506120; 3
1670091726.873359; 506145; 3
1670091726.898355; 506170; 3
1670091726.923354; 506195; 3
1670091726.948354; 506220; 3
1670091726.973362; 506245; 3
1670091726.998355; 506270; 3
1670091727.023359; 506295; 3
1670091727.048355; 506320; 3
1670091727.073359; 506345; 3
1670091727.098363; 506370; 3
1670091727.123361; 506395; 3
1670091727.148354; 506420; 3
1670091727.173354; 506445; 3
1670091727.198359; 506470; 3
1670091727.223360; 506495; 3
1670091727.248359; 506520; 3
1670091727.273354; 506545; 3
1670091727.298359; 506570; 3
1670091727.323355; 506595; 3
1670091727.348354; 506620; 3
1670091727.373354; 506645; 3
1670091727.398362; 506670; 3
1670091727.423361; 506695; 3
1670091727.448359; 506720; 3
1670091727.473359; 506745; 3
1670091727.498359; 506770; 3
1670091727.523364; 506795; 3
1670091727.548361; 506820; 3
1670091727.573359; 506845; 3
1670091727.598359; 506870; 3
1670091727.623373; 506895; 3
1670091727.648355; 506920; 3
1670091727.673359; 506945; 3
1670091727.698359; 506970; 3
1670091727.723364; 506995; 3
1670091727.748360; 507020; 3
1670091727.773354; 507045; 3
1670091727.798354; 507070; 3
1670091727.823373; 507095; 3
1670091727.848355; 507120; 3
1670091727.873354; 507145; 3
1670091727.898354; 507170; 3
1670091727.923354; 507195; 3
1670091727.948359; 507220; 3
1670091727.973355; 507245; 3
1670091727.998354; 507270; 3
1670091728.023354; 507295; 3
1670091728.048365; 507320; 3
1670091728.073356; 507345; 3
1670091728.098360; 507370; 3
1670091728.123355; 507395; 3
1670091728.148364; 507420; 3
1670091728.173361; 507445; 3
1670091728.198359; 507470; 3
1670091728.223359; 507495; 3
1670091728.248368; 507520; 3
1670091728.273355; 507545; 3
1670091728.298354; 507570; 3
1670091728.323354; 507595; 3
1670091728.348354; 507620; 3
1670091728.373359; 507645; 3
1670091728.398355; 507670; 3
1670091728.423354; 507695; 3
1670091728.448359; 507720; 3
1670091728.473364; 507745; 3
1670091728.498355; 507770; 3
1670091728.523354; 507795; 3
1670091728.548354; 507820; 3
1670091728.573359; 507845; 3
1670091728.598355; 507870; 3
1670091728.623354; 507895; 3
1670091728.648376; 507920; 3
1670091728.673366; 507945; 3
1670091728.698362; 507970; 3
1670091728.723354; 507995; 3
1670091728.748354; 508020; 3
1670091728.773354; 508045; 3
1670091728.798359; 508070; 3
1670091728.823355; 508095; 3
1670091728.848368; 508120; 3
1670091728.873354; 508145; 3
1670091728.898359; 508170; 3
1670091728.923355; 508195; 3
1670091728.948354; 508220; 3
1670091728.973354; 508245; 3
1670091728.998359; 508270; 3
1670091729.023355; 508295; 3
1670091729.048361; 508320; 3
1670091729.073355; 508345; 3
1670091729.098360; 508370; 3
1670091729.123363; 508395; 3
1670091729.148360; 508420; 3
1670091729.173359; 508445; 3
1670091729.198359; 508470; 3
1670091729.223364; 508495; 3
1670091729.248361; 508520; 3
1670091729.273354; 508545; 3
1670091729.298354; 508570; 3
1670091729.323364; 508595; 3
1670091729.348361; 508620; 3
1670091729.373359; 508645; 3
1670091729.398359; 508670; 3
1670091729.423364; 508695; 3
1670091729.448360; 508720; 3
1670091729.473354; 508745; 3
1670091729.498354; 508770; 3
1670091729.523354; 508795; 3
1670091729.548368; 508820; 3
1670091729.573360; 508845; 3
1670091729.598359; 508870; 3
1670091729.623359; 508895; 3
1670091729.648364; 508920; 3
1670091729.673362; 508945; 3
1670091729.698354; 508970; 3
1670091729.723354; 508995; 3
1670091729.748359; 509020; 3
1670091729.773355; 509045; 3
1670091729.798354; 509070; 3
1670091729.823354; 509095; 3
1670091729.848359; 509120; 3
1670091729.873360; 509145; 3
1670091729.898359; 509170; 3
1670091729.923359; 509195; 3
1670091729.948359; 509220; 3
1670091729.973368; 509245; 3
1670091729.998360; 509270; 3
1670091730.023359; 509295; 3
1670091730.048355; 509320; 3
1670091730.073365; 509345; 3
1670091730.098356; 509370; 3
1670091730.123361; 509395; 3
1670091730.148359; 509420; 3
1670091730.173364; 509445; 3
1670091730.198360; 509470; 3
1670091730.223359; 509495; 3
1670091730.248359; 509520; 3
1670091730.273357; 509545; 3
1670091730.298356; 509570; 3
1670091730.323359; 509595; 3
1670091730.348359; 509620; 3
1670091730.373359; 509645; 3
1670091730.398362; 509670; 3
1670091730.423355; 509695; 3
1670091730.448354; 509720; 3
1670091730.473354; 509745; 3
1670091730.498359; 509770; 3
1670091730.523355; 509795; 3
1670091730.548359; 509820; 3
1670091730.573359; 509845; 3
1670091730.598364; 509870; 3
1670091730.623361; 509895; 3
1670091730.648359; 509920; 3
1670091730.673359; 509945; 3
1670091730.698354; 509970; 3
1670091730.723359; 509995; 3
1670091730.748355; 510020; 3
1670091730.773354; 510045; 3
1670091730.798354; 510070; 3
1670091730.823368; 510095; 3
1670091730.848360; 510120; 3
1670091730.873359; 510145; 3
1670091730.898359; 510170; 3
1670091730.923364; 510195; 3
1670091730.948361; 510220; 3
1670091730.973359; 510245; 3
1670091730.998359; 510270; 3
1670091731.023364; 510295; 3
1670091731.048356; 510320; 3
1670091731.073360; 510345; 3
1670091731.098355; 510370; 3
1670091731.123355; 510395; 3
1670091731.148364; 510420; 3
1670091731.173360; 510445; 3
1670091731.198359; 510470; 3
1670091731.223359; 510495; 3
1670091731.248362; 510520; 3
1670091731.273355; 510545; 3
1670091731.298354; 510570; 3
1670091731.323354; 510595; 3
1670091731.348359; 510620; 3
1670091731.373360; 510645; 3
1670091731.398359; 510670; 3
1670091731.423359; 510695; 3
1670091731.448364; 510720; 3
1670091731.473360; 510745; 3
1670091731.498359; 510770; 3
1670091731.523354; 510795; 3
1670091731.548354; 510820; 3
1670091731.573359; 510845; 3
1670091731.598355; 510870; 3
1670091731.623354; 510895; 3
1670091731.648354; 510920; 3
1670091731.673362; 510945; 3
1670091731.698355; 510970; 3
1670091731.723360; 510995; 3
1670091731.748359; 511020; 3
1670091731.773359; 511045; 3
1670091731.798355; 511070; 3
1670091731.823354; 511095; 3
1670091731.848354; 511120; 3
1670091731.873363; 511145; 3
1670091731.898362; 511170; 3
1670091731.923354; 511195; 3
1670091731.948359; 511220; 3
1670091731.973359; 511245; 3
1670091731.998359; 511270; 3
1670091732.023355; 511295; 3
1670091732.048360; 511320; 3
1670091732.073355; 511345; 3
1670091732.098363; 511370; 3
1670091732.123362; 511395; 3
1670091732.148359; 511420; 3
1670091732.173359; 511445; 3
1670091732.198359; 511470; 3
1670091732.223355; 511495; 3
1670091732.248354; 511520; 3
1670091732.273354; 511545; 3
1670091732.298354; 511570; 3
1670091732.323359; 511595; 3
1670091732.348360; 511620; 3
1670091732.373359; 511645; 3
1670091732.398359; 511670; 3
1670091732.423364; 511695; 3
1670091732.448360; 511720; 3
1670091732.473359; 511745; 3
1670091732.498359; 511770; 3
1670091732.523362; 511795; 3
1670091732.548360; 511820; 3
1670091732.573359; 511845; 3
1670091732.598359; 511870; 3
1670091732.623364; 511895; 3
1670091732.648361; 511920; 3
1670091732.673359; 511945; 3
1670091732.698359; 511970; 3
1670091732.723359; 511995; 3
1670091732.748359; 512020; 3
1670091732.773355; 512045; 3
1670091732.798354; 512070; 3
1670091732.823354; 512095; 3
1670091732.848359; 512120; 3
1670091732.873355; 512145; 3
1670091732.898354; 512170; 3
1670091732.923354; 512195; 3
1670091732.948373; 512220; 3
1670091732.973361; 512245; 3
1670091732.998359; 512270; 3
1670091733.023359; 512295; 3
1670091733.048360; 512320; 3
1670091733.073362; 512345; 3
1670091733.098361; 512370; 3
1670091733.123355; 512395; 3
1670091733.148366; 512420; 3
1670091733.173364; 512445; 3
1670091733.198361; 512470; 3
1670091733.223359; 512495; 3
1670091733.248359; 512520; 3
1670091733.273359; 512545; 3
1670091733.298355; 512570; 3
1670091733.323354; 512595; 3
1670091733.348354; 512620; 3
1670091733.373362; 512645; 3
1670091733.398355; 512670; 3
1670091733.423354; 512695; 3
1670091733.448354; 512720; 3
1670091733.473363; 512745; 3
1670091733.498362; 512770; 3
1670091733.523354; 512795; 3
1670091733.548354; 512820; 3
1670091733.573354; 512845; 3
1670091733.598359; 512870; 3
1670091733.623355; 512895; 3
1670091733.648354; 512920; 3
1670091733.673354; 512945; 3
1670091733.698359; 512970; 3
1670091733.723355; 512995; 3
1670091733.748354; 513020; 3
1670091733.773354; 513045; 3
1670091733.798362; 513070; 3
1670091733.823355; 513095; 3
1670091733.848354; 513120; 3
1670091733.873354; 513145; 3
1670091733.898354; 513170; 3
1670091733.923359; 513195; 3
1670091733.948355; 513220; 3
1670091733.973415; 513245; 3
1670091733.998359; 513270; 3
1670091734.023364; 513295; 3
1670091734.048356; 513320; 3
1670091734.073360; 513345; 3
1670091734.098355; 513370; 3
1670091734.123365; 513395; 3
1670091734.148355; 513420; 3
1670091734.173360; 513445; 3
1670091734.198359; 513470; 3
1670091734.223368; 513495; 3
1670091734.248355; 513520; 3
1670091734.273359; 513545; 3
1670091734.298359; 513570; 3
1670091734.323359; 513595; 3
1670091734.348364; 513620; 3
1670091734.373361; 513645; 3
1670091734.398359; 513670; 3
1670091734.423359; 513695; 3
1670091734.448364; 513720; 3
1670091734.473361; 513745; 3
1670091734.498359; 513770; 3
1670091734.523359; 513795; 3
1670091734.548364; 513820; 3
1670091734.573361; 513845; 3
1670091734.598359; 513870; 3
1670091734.623359; 513895; 3
1670091734.648362; 513920; 3
1670091734.673355; 513945; 3
1670091734.698354; 513970; 3
1670091734.723354; 513995; 3
1670091734.748354; 514020; 3
1670091734.773359; 514045; 3
1670091734.798361; 514070; 3
1670091734.823359; 514095; 3
1670091734.848359; 514120; 3
1670091734.873364; 514145; 3
1670091734.898361; 514170; 3
1670091734.923359; 514195; 3
1670091734.948359; 514220; 3
1670091734.973364; 514245; 3
1670091734.998363; 514270; 3
1670091735.023354; 514295; 3
1670091735.048361; 514320; 3
1670091735.073368; 514345; 3
1670091735.098357; 514370; 3
1670091735.123355; 514395; 3
1670091735.148354; 514420; 3
1670091735.173354; 514445; 3
1670091735.198364; 514470; 3
1670091735.223355; 514495; 3
1670091735.248354; 514520; 3
1670091735.273354; 514545; 3
1670091735.298359; 514570; 3
1670091735.323355; 514595; 3
1670091735.348354; 514620; 3
1670091735.373354; 514645; 3
1670091735.398359; 514670; 3
1670091735.423361; 514695; 3
1670091735.448359; 514720; 3
1670091735.473359; 514745; 3
1670091735.498359; 514770; 3
1670091735.523362; 514795; 3
1670091735.548355; 514820; 3
1670091735.573354; 514845; 3
1670091735.598354; 514870; 3
1670091735.623359; 514895; 3
1670091735.648355; 514920; 3
1670091735.673354; 514945; 3
1670091735.698354; 514970; 3
1670091735.723359; 514995; 3
1670091735.748355; 515020; 3
1670091735.773354; 515045; 3
1670091735.798354; 515070; 3
1670091735.823364; 515095; 3
1670091735.848360; 515120; 3
1670091735.873354; 515145; 3
1670091735.898354; 515170; 3
1670091735.923354; 515195; 3
1670091735.948362; 515220; 3
1670091735.973355; 515245; 3
1670091735.998354; 515270; 3
1670091736.023354; 515295; 3
1670091736.048365; 515320; 3
1670091736.073356; 515345; 3
1670091736.098360; 515370; 3
1670091736.123355; 515395; 3
1670091736.148364; 515420; 3
1670091736.173361; 515445; 3
1670091736.198359; 515470; 3
1670091736.223359; 515495; 3
1670091736.248364; 515520; 3
1670091736.273358; 515545; 3
1670091736.298359; 515570; 3
1670091736.323359; 515595; 3
1670091736.348359; 515620; 3
1670091736.373368; 515645; 3
1670091736.398360; 515670; 3
1670091736.423359; 515695; 3
1670091736.448354; 515720; 3
1670091736.473359; 515745; 3
1670091736.498355; 515770; 3
1670091736.523354; 515795; 3
1670091736.548354; 515820; 3
1670091736.573359; 515845; 3
1670091736.598355; 515870; 3
1670091736.623354; 515895; 3
1670091736.648359; 515920; 3
1670091736.673357; 515945; 3
1670091736.698362; 515970; 3
1670091736.723354; 515995; 3
1670091736.748354; 516020; 3
1670091736.773354; 516045; 3
1670091736.798368; 516070; 3
1670091736.823361; 516095; 3
1670091736.848359; 516120; 3
1670091736.873359; 516145; 3
1670091736.898364; 516170; 3
1670091736.923360; 516195; 3
1670091736.948359; 516220; 3
1670091736.973359; 516245; 3
1670091736.998364; 516270; 3
1670091737.023361; 516295; 3
1670091737.048361; 516320; 3
1670091737.073355; 516345; 3
1670091737.098361; 516370; 3
1670091737.123360; 516395; 3
1670091737.148355; 516420; 3
1670091737.173354; 516445; 3
1670091737.198354; 516470; 3
1670091737.223362; 516495; 3
1670091737.248355; 516520; 3
1670091737.273354; 516545; 3
1670091737.298354; 516570; 3
1670091737.323359; 516595; 3
1670091737.348355; 516620; 3
1670091737.373354; 516645; 3
1670091737.398354; 516670; 3
1670091737.423359; 516695; 3
1670091737.448355; 516720; 3
1670091737.473359; 516745; 3
1670091737.498359; 516770; 3
1670091737.523354; 516795; 3
1670091737.548359; 516820; 3
1670091737.573355; 516845; 3
1670091737.598354; 516870; 3
1670091737.623354; 516895; 3
1670091737.648368; 516920; 3
1670091737.673361; 516945; 3
1670091737.698359; 516970; 3
1670091737.723359; 516995; 3
1670091737.748364; 517020; 3
1670091737.773355; 517045; 3
1670091737.798354; 517070; 3
1670091737.823354; 517095; 3
1670091737.848359; 517120; 3
1670091737.873361; 517145; 3
1670091737.898359; 517170; 3
1670091737.923359; 517195; 3
1670091737.948359; 517220; 3
1670091737.973364; 517245; 3
1670091737.998360; 517270; 3
1670091738.023359; 517295; 3
1670091738.048355; 517320; 3
1670091738.073369; 517345; 3
1670091738.098356; 517370; 3
1670091738.123360; 517395; 3
1670091738.148354; 517420; 3
1670091738.173359; 517445; 3
1670091738.198355; 517470; 3
1670091738.223354; 517495; 3
1670091738.248354; 517520; 3
1670091738.273378; 517545; 3
1670091738.298362; 517570; 3
1670091738.323354; 517595; 3
1670091738.348354; 517620; 3
1670091738.373354; 517645; 3
1670091738.398359; 517670; 3
1670091738.423355; 517695; 3
1670091738.448354; 517720; 3
1670091738.473378; 517745; 3
1670091738.498362; 517770; 3
1670091738.523360; 517795; 3
1670091738.548359; 517820; 3
1670091738.573359; 517845; 3
1670091738.598364; 517870; 3
1670091738.623361; 517895; 3
1670091738.648359; 517920; 3
1670091738.673359; 517945; 3
1670091738.698354; 517970; 3
1670091738.723359; 517995; 3
1670091738.748360; 518020; 3
1670091738.773354; 518045; 3
1670091738.798354; 518070; 3
1670091738.823359; 518095; 3
1670091738.848355; 518120; 3
1670091738.873354; 518145; 3
1670091738.898354; 518170; 3
1670091738.923362; 518195; 3
1670091738.948355; 518220; 3
1670091738.973354; 518245; 3
1670091738.998354; 518270; 3
1670091739.023359; 518295; 3
1670091739.048362; 518320; 3
1670091739.073355; 518345; 3
1670091739.098360; 518370; 3
1670091739.123355; 518395; 3
1670091739.148364; 518420; 3
1670091739.173360; 518445; 3
1670091739.198359; 518470; 3
1670091739.223359; 518495; 3
1670091739.248364; 518520; 3
1670091739.273355; 518545; 3
1670091739.298382; 518570; 3
1670091739.323354; 518595; 3
1670091739.348362; 518620; 3
1670091739.373355; 518645; 3
1670091739.398354; 518670; 3
1670091739.423354; 518695; 3
1670091739.448359; 518720; 3
1670091739.473355; 518745; 3
1670091739.498362; 518770; 3
1670091739.523354; 518795; 3
1670091739.548354; 518820; 3
1670091739.573364; 518845; 3
1670091739.598360; 518870; 3
1670091739.623359; 518895; 3
1670091739.648359; 518920; 3
1670091739.673364; 518945; 3
1670091739.698361; 518970; 3
1670091739.723359; 518995; 3
1670091739.748359; 519020; 3
1670091739.773362; 519045; 3
1670091739.798355; 519070; 3
1670091739.823354; 519095; 3
1670091739.848354; 519120; 3
1670091739.873363; 519145; 3
1670091739.898362; 519170; 3
1670091739.923354; 519195; 3
1670091739.948354; 519220; 3
1670091739.973354; 519245; 3
1670091739.998359; 519270; 3
1670091740.023355; 519295; 3
1670091740.048360; 519320; 3
1670091740.073355; 519345; 3
1670091740.098365; 519370; 3
1670091740.123356; 519395; 3
1670091740.148359; 519420; 3
1670091740.173359; 519445; 3
1670091740.198368; 519470; 3
1670091740.223360; 519495; 3
1670091740.248359; 519520; 3
1670091740.273354; 519545; 3
1670091740.298354; 519570; 3
1670091740.323362; 519595; 3
1670091740.348360; 519620; 3
1670091740.373354; 519645; 3
1670091740.398354; 519670; 3
1670091740.423359; 519695; 3
1670091740.448355; 519720; 3
1670091740.473354; 519745; 3
1670091740.498354; 519770; 3
1670091740.523365; 519795; 3
1670091740.548355; 519820; 2
1670091740.573354; 519845; 2
1670091740.598354; 519870; 2
1670091740.623368; 519895; 2
1670091740.648360; 519920; 2
1670091740.673359; 519945; 2
1670091740.698359; 519970; 2
1670091740.723359; 519995; 2
1670091740.748359; 520020; 2
1670091740.773355; 520045; 3
1670091740.798354; 520070; 3
1670091740.823354; 520095; 3
1670091740.848359; 520120; 3
1670091740.873355; 520145; 3
1670091740.898354; 520170; 3
1670091740.923354; 520195; 3
1670091740.948359; 520220; 3
1670091740.973355; 520245; 3
1670091740.998354; 520270; 3
1670091741.023354; 520295; 3
1670091741.048363; 520320; 3
1670091741.073362; 520345; 3
1670091741.098360; 520370; 3
1670091741.123355; 520395; 3
1670091741.148359; 520420; 3
1670091741.173364; 520445; 3
1670091741.198361; 520470; 3
1670091741.223359; 520495; 3
1670091741.248359; 520520; 3
1670091741.273359; 520545; 3
1670091741.298355; 520570; 3
1670091741.323354; 520595; 3
1670091741.348360; 520620; 3
1670091741.373364; 520645; 3
1670091741.398360; 520670; 3
1670091741.423359; 520695; 3
1670091741.448359; 520720; 3
1670091741.473366; 520745; 3
1670091741.498362; 520770; 3
1670091741.523354; 520795; 3
1670091741.548359; 520820; 3
1670091741.573359; 520845; 3
1670091741.598359; 520870; 3
1670091741.623355; 520895; 3
1670091741.648354; 520920; 3
1670091741.673354; 520945; 3
1670091741.698359; 520970; 3
1670091741.723355; 520995; 3
1670091741.748354; 521020; 3
1670091741.773354; 521045; 3
1670091741.798359; 521070; 3
1670091741.823355; 521095; 3
1670091741.848354; 521120; 3
1670091741.873354; 521145; 3
1670091741.898354; 521170; 3
1670091741.923362; 521195; 3
1670091741.948355; 521220; 3
1670091741.973359; 521245; 3
1670091741.998359; 521270; 3
1670091742.023364; 521295; 3
1670091742.048356; 521320; 3
1670091742.073360; 521345; 3
1670091742.098355; 521370; 3
1670091742.123365; 521395; 3
1670091742.148355; 521420; 3
1670091742.173354; 521445; 3
1670091742.198354; 521470; 3
1670091742.223359; 521495; 3
1670091742.248355; 521520; 3
1670091742.273354; 521545; 3
1670091742.298354; 521570; 3
1670091742.323354; 521595; 3
1670091742.348368; 521620; 3
1670091742.373360; 521645; 3
1670091742.398359; 521670; 3
1670091742.423359; 521695; 3
1670091742.448364; 521720; 3
1670091742.473360; 521745; 3
1670091742.498359; 521770; 3
1670091742.523359; 521795; 3
1670091742.548364; 521820; 3
1670091742.573355; 521845; 3
1670091742.598354; 521870; 3
1670091742.623354; 521895; 3
1670091742.648359; 521920; 3
1670091742.673355; 521945; 3
1670091742.698354; 521970; 3
1670091742.723354; 521995; 3
1670091742.748354; 522020; 3
1670091742.773362; 522045; 3
1670091742.798360; 522070; 3
1670091742.823359; 522095; 3
1670091742.848359; 522120; 3
1670091742.873364; 522145; 3
1670091742.898360; 522170; 3
1670091742.923359; 522195; 3
1670091742.948359; 522220; 3
1670091742.973364; 522245; 3
1670091742.998360; 522270; 3
1670091743.023359; 522295; 3
1670091743.048355; 522320; 3
1670091743.073359; 522345; 3
1670091743.098363; 522370; 3
1670091743.123361; 522395; 3
1670091743.148354; 522420; 3
1670091743.173354; 522445; 3
1670091743.198368; 522470; 3
1670091743.223361; 522495; 3
1670091743.248359; 522520; 3
1670091743.273354; 522545; 3
1670091743.298359; 522570; 3
1670091743.323355; 522595; 3
1670091743.348354; 522620; 3
1670091743.373354; 522645; 3
1670091743.398364; 522670; 3
1670091743.423360; 522695; 3
1670091743.448359; 522720; 3
1670091743.473359; 522745; 3
1670091743.498359; 522770; 3
1670091743.523364; 522795; 3
1670091743.548360; 522820; 3
1670091743.573359; 522845; 3
1670091743.598380; 522870; 3
1670091743.623362; 522895; 3
1670091743.648355; 522920; 3
1670091743.673354; 522945; 3
1670091743.698354; 522970; 3
1670091743.723359; 522995; 3
1670091743.748355; 523020; 3
1670091743.773354; 523045; 3
1670091743.798387; 523070; 3
1670091743.823364; 523095; 3
1670091743.848360; 523120; 3
1670091743.873359; 523145; 3
1670091743.898359; 523170; 3
1670091743.923359; 523195; 3
1670091743.948364; 523220; 3
1670091743.973360; 523245; 3
1670091743.998359; 523270; 3
1670091744.023359; 523295; 3
1670091744.048363; 523320; 3
1670091744.073362; 523345; 3
1670091744.098360; 523370; 3
1670091744.123355; 523395; 3
1670091744.148359; 523420; 3
1670091744.173355; 523445; 3
1670091744.198354; 523470; 3
1670091744.223359; 523495; 3
1670091744.248364; 523520; 3
1670091744.273355; 523545; 3
1670091744.298354; 523570; 3
1670091744.323354; 523595; 3
1670091744.348354; 523620; 3
1670091744.373359; 523645; 3
1670091744.398355; 523670; 3
1670091744.423354; 523695; 3
1670091744.448354; 523720; 3
1670091744.473362; 523745; 3
1670091744.498355; 523770; 3
1670091744.523354; 523795; 3
1670091744.548354; 523820; 3
1670091744.573359; 523845; 3
1670091744.598355; 523870; 3
1670091744.623370; 523895; 3
1670091744.648359; 523920; 3
1670091744.673357; 523945; 3
1670091744.698356; 523970; 3
1670091744.723359; 523995; 3
1670091744.748359; 524020; 3
1670091744.773354; 524045; 3
1670091744.798359; 524070; 3
1670091744.823356; 524095; 3
1670091744.848354; 524120; 3
1670091744.873375; 524145; 3
1670091744.898362; 524170; 3
1670091744.923355; 524195; 3
1670091744.948354; 524220; 3
1670091744.973354; 524245; 3
1670091744.998359; 524270; 3
1670091745.023356; 524295; 3
1670091745.048356; 524320; 3
1670091745.073360; 524345; 3
1670091745.098356; 524370; 3
1670091745.123365; 524395; 3
1670091745.148360; 524420; 3
1670091745.173359; 524445; 3
1670091745.198359; 524470; 3
1670091745.223364; 524495; 3
1670091745.248360; 524520; 3
1670091745.273359; 524545; 3
1670091745.298354; 524570; 3
1670091745.323362; 524595; 3
1670091745.348355; 524620; 3
1670091745.373354; 524645; 3
1670091745.398354; 524670; 3
1670091745.423359; 524695; 3
1670091745.448361; 524720; 3
1670091745.473359; 524745; 3
1670091745.498359; 524770; 3
1670091745.523359; 524795; 3
1670091745.548364; 524820; 3
1670091745.573360; 524845; 3
1670091745.598359; 524870; 3
1670091745.623359; 524895; 3
1670091745.648362; 524920; 3
1670091745.673360; 524945; 3
1670091745.698354; 524970; 3
1670091745.723354; 524995; 3
1670091745.748362; 525020; 3
1670091745.773355; 525045; 3
1670091745.798354; 525070; 3
1670091745.823354; 525095; 3
1670091745.848364; 525120; 3
1670091745.873360; 525145; 3
1670091745.898359; 525170; 3
1670091745.923359; 525195; 3
1670091745.948359; 525220; 3
1670091745.973364; 525245; 3
1670091745.998360; 525270; 3
1670091746.023359; 525295; 3
1670091746.048355; 525320; 3
1670091746.073360; 525345; 3
1670091746.098362; 525370; 3
1670091746.123360; 525395; 3
1670091746.148354; 525420; 3
1670091746.173368; 525445; 3
1670091746.198361; 525470; 3
1670091746.223359; 525495; 3
1670091746.248359; 525520; 3
1670091746.273357; 525545; 3
1670091746.298356; 525570; 3
1670091746.323359; 525595; 3
1670091746.348359; 525620; 3
1670091746.373359; 525645; 3
1670091746.398364; 525670; 3
1670091746.423361; 525695; 3
1670091746.448359; 525720; 3
1670091746.473354; 525745; 3
1670091746.498359; 525770; 3
1670091746.523355; 525795; 3
1670091746.548354; 525820; 3
1670091746.573354; 525845; 3
1670091746.598368; 525870; 3
1670091746.623361; 525895; 3
1670091746.648359; 525920; 3
1670091746.673354; 525945; 3
1670091746.698354; 525970; 3
1670091746.723359; 525995; 3
1670091746.748355; 526020; 3
1670091746.773354; 526045; 3
1670091746.798354; 526070; 3
1670091746.823359; 526095; 3
1670091746.848355; 526120; 3
1670091746.873354; 526145; 3
1670091746.898359; 526170; 3
1670091746.923359; 526195; 3
1670091746.948355; 526220; 3
1670091746.973354; 526245; 3
1670091746.998354; 526270; 3
1670091747.023368; 526295; 3
1670091747.048356; 526320; 3
1670091747.073360; 526345; 3
1670091747.098355; 526370; 3
1670091747.123360; 526395; 3
1670091747.148364; 526420; 3
1670091747.173360; 526445; 3
1670091747.198359; 526470; 3
1670091747.223359; 526495; 3
1670091747.248364; 526520; 3
1670091747.273355; 526545; 3
1670091747.298371; 526570; 3
1670091747.323354; 526595; 3
1670091747.348364; 526620; 3
1670091747.373360; 526645; 3
1670091747.398359; 526670; 3
1670091747.423359; 526695; 3
1670091747.448368; 526720; 3
1670091747.473360; 526745; 3
1670091747.498354; 526770; 3
1670091747.523354; 526795; 3
1670091747.548354; 526820; 3
1670091747.573359; 526845; 3
1670091747.598355; 526870; 3
1670091747.623354; 526895; 3
1670091747.648354; 526920; 3
1670091747.673359; 526945; 3
1670091747.698355; 526970; 3
1670091747.723354; 526995; 3
1670091747.748359; 527020; 3
1670091747.773359; 527045; 3
1670091747.798355; 527070; 3
1670091747.823354; 527095; 3
1670091747.848354; 527120; 3
1670091747.873361; 527145; 3
1670091747.898356; 527170; 3
1670091747.923359; 527195; 3
1670091747.948359; 527220; 3
1670091747.973359; 527245; 3
1670091747.998364; 527270; 3
1670091748.023360; 527295; 3
1670091748.048355; 527320; 3
1670091748.073361; 527345; 3
1670091748.098365; 527370; 3
1670091748.123362; 527395; 3
1670091748.148354; 527420; 3
1670091748.173354; 527445; 3
1670091748.198359; 527470; 3
1670091748.223355; 527495; 3
1670091748.248354; 527520; 3
1670091748.273354; 527545; 3
1670091748.298354; 527570; 3
1670091748.323368; 527595; 3
1670091748.348360; 527620; 3
1670091748.373359; 527645; 3
1670091748.398359; 527670; 3
1670091748.423364; 527695; 3
1670091748.448361; 527720; 3
1670091748.473359; 527745; 3
1670091748.498359; 527770; 3
1670091748.523364; 527795; 3
1670091748.548360; 527820; 3
1670091748.573359; 527845; 3
1670091748.598359; 527870; 3
1670091748.623364; 527895; 3
1670091748.648361; 527920; 3
1670091748.673359; 527945; 3
1670091748.698359; 527970; 3
1670091748.723359; 527995; 3
1670091748.748368; 528020; 3
1670091748.773355; 528045; 3
1670091748.798354; 528070; 3
1670091748.823354; 528095; 3
1670091748.848359; 528120; 3
1670091748.873355; 528145; 3
1670091748.898354; 528170; 3
1670091748.923371; 528195; 3
1670091748.948359; 528220; 3
1670091748.973355; 528245; 3
1670091748.998354; 528270; 3
1670091749.023354; 528295; 3
1670091749.048365; 528320; 3
1670091749.073356; 528345; 3
1670091749.098361; 528370; 3
1670091749.123368; 528395; 3
1670091749.148359; 528420; 3
1670091749.173362; 528445; 3
1670091749.198355; 528470; 3
1670091749.223354; 528495; 3
1670091749.248354; 528520; 3
1670091749.273359; 528545; 3
1670091749.298355; 528570; 3
1670091749.323354; 528595; 3
1670091749.348354; 528620; 3
1670091749.373359; 528645; 3
1670091749.398355; 528670; 3
1670091749.423354; 528695; 3
1670091749.448354; 528720; 3
1670091749.473363; 528745; 3
1670091749.498362; 528770; 3
1670091749.523354; 528795; 3
1670091749.548359; 528820; 3
1670091749.573359; 528845; 3
1670091749.598362; 528870; 3
1670091749.623355; 528895; 3
1670091749.648354; 528920; 3
1670091749.673354; 528945; 3
1670091749.698359; 528970; 3
1670091749.723355; 528995; 3
1670091749.748359; 529020; 3
1670091749.773354; 529045; 3
1670091749.798359; 529070; 3
1670091749.823355; 529095; 3
1670091749.848354; 529120; 3
1670091749.873354; 529145; 3
1670091749.898354; 529170; 3
1670091749.923359; 529195; 3
1670091749.948379; 529220; 3
1670091749.973359; 529245; 3
1670091749.998359; 529270; 3
1670091750.023368; 529295; 3
1670091750.048356; 529320; 3
1670091750.073361; 529345; 3
1670091750.098355; 529370; 3
1670091750.123365; 529395; 3
1670091750.148363; 529420; 3
1670091750.173354; 529445; 3
1670091750.198350; 529470; 3
1670091750.223364; 529495; 3
1670091750.248360; 529520; 3
1670091750.273354; 529545; 3
1670091750.298354; 529570; 3
1670091750.323354; 529595; 3
1670091750.348359; 529620; 3
1670091750.373360; 529645; 3
1670091750.398359; 529670; 3
1670091750.423359; 529695; 3
1670091750.448368; 529720; 3
1670091750.473360; 529745; 3
1670091750.498359; 529770; 3
1670091750.523359; 529795; 3
1670091750.548364; 529820; 3
1670091750.573360; 529845; 3
1670091750.598359; 529870; 3
1670091750.623354; 529895; 3
1670091750.648359; 529920; 3
1670091750.673355; 529945; 3
1670091750.698354; 529970; 3
1670091750.723354; 529995; 3
1670091750.748354; 530020; 3
1670091750.773359; 530045; 3
1670091750.798355; 530070; 3
1670091750.823354; 530095; 3
1670091750.848354; 530120; 3
1670091750.873362; 530145; 3
1670091750.898355; 530170; 3
1670091750.923354; 530195; 3
1670091750.948354; 530220; 3
1670091750.973366; 530245; 3
1670091750.998355; 530270; 3
1670091751.023359; 530295; 3
1670091751.048355; 530320; 3
1670091751.073359; 530345; 3
1670091751.098363; 530370; 3
1670091751.123360; 530395; 3
1670091751.148354; 530420; 3
1670091751.173359; 530445; 3
1670091751.198364; 530470; 3
1670091751.223360; 530495; 3
1670091751.248359; 530520; 3
1670091751.273354; 530545; 3
1670091751.298362; 530570; 3
1670091751.323355; 530595; 3
1670091751.348354; 530620; 3
1670091751.373354; 530645; 3
1670091751.398364; 530670; 3
1670091751.423360; 530695; 3
1670091751.448359; 530720; 3
1670091751.473359; 530745; 3
1670091751.498359; 530770; 3
1670091751.523364; 530795; 3
1670091751.548361; 530820; 3
1670091751.573359; 530845; 3
1670091751.598354; 530870; 3
1670091751.623359; 530895; 3
1670091751.648355; 530920; 3
1670091751.673354; 530945; 3
1670091751.698354; 530970; 3
1670091751.723368; 530995; 3
1670091751.748361; 531020; 3
1670091751.773354; 531045; 3
1670091751.798359; 531070; 3
1670091751.823364; 531095; 3
1670091751.848360; 531120; 3
1670091751.873359; 531145; 3
1670091751.898359; 531170; 3
1670091751.923359; 531195; 3
1670091751.948364; 531220; 3
1670091751.973360; 531245; 3
1670091751.998360; 531270; 3
1670091752.023359; 531295; 3
1670091752.048360; 531320; 3
1670091752.073362; 531345; 3
1670091752.098360; 531370; 3
1670091752.123355; 531395; 3
1670091752.148362; 531420; 3
1670091752.173355; 531445; 3
1670091752.198354; 531470; 3
1670091752.223359; 531495; 3
1670091752.248359; 531520; 3
1670091752.273355; 531545; 3
1670091752.298354; 531570; 3
1670091752.323354; 531595; 3
1670091752.348354; 531620; 3
1670091752.373359; 531645; 3
1670091752.398355; 531670; 3
1670091752.423359; 531695; 3
1670091752.448359; 531720; 3
1670091752.473364; 531745; 3
1670091752.498361; 531770; 3
1670091752.523359; 531795; 3
1670091752.548359; 531820; 3
1670091752.573362; 531845; 3
1670091752.598355; 531870; 3
1670091752.623354; 531895; 3
1670091752.648354; 531920; 3
1670091752.673363; 531945; 3
1670091752.698362; 531970; 3
1670091752.723354; 531995; 3
1670091752.748354; 532020; 3
1670091752.773354; 532045; 3
1670091752.798359; 532070; 3
1670091752.823360; 532095; 3
1670091752.848359; 532120; 3
1670091752.873359; 532145; 3
1670091752.898364; 532170; 3
1670091752.923360; 532195; 3
1670091752.948359; 532220; 3
1670091752.973359; 532245; 3
1670091752.998362; 532270; 3
1670091753.023361; 532295; 3
1670091753.048355; 532320; 3
1670091753.073360; 532345; 3
1670091753.098355; 532370; 3
1670091753.123360; 532395; 3
1670091753.148355; 532420; 3
1670091753.173354; 532445; 3
1670091753.198354; 532470; 3
1670091753.223364; 532495; 3
1670091753.248360; 532520; 3
1670091753.273354; 532545; 3
1670091753.298354; 532570; 3
1670091753.323359; 532595; 3
1670091753.348355; 532620; 3
1670091753.373354; 532645; 3
1670091753.398354; 532670; 3
1670091753.423368; 532695; 3
1670091753.448355; 532720; 3
1670091753.473354; 532745; 3
1670091753.498359; 532770; 3
1670091753.523359; 532795; 3
1670091753.548364; 532820; 4
1670091753.573360; 532845; 4
1670091753.598359; 532870; 4
1670091753.623359; 532895; 4
1670091753.648364; 532920; 4
1670091753.673360; 532945; 4
1670091753.698359; 532970; 4
1670091753.723359; 532995; 4
1670091753.748364; 533020; 4
1670091753.773355; 533045; 4
1670091753.798354; 533070; 4
1670091753.823354; 533095; 4
1670091753.848368; 533120; 4
1670091753.873361; 533145; 4
1670091753.898359; 533170; 4
1670091753.923359; 533195; 4
1670091753.948359; 533220; 4
1670091753.973364; 533245; 4
1670091753.998360; 533270; 4
1670091754.023359; 533295; 4
1670091754.048360; 533320; 4
1670091754.073360; 533345; 4
1670091754.098362; 533370; 4
1670091754.123355; 533395; 4
1670091754.148354; 533420; 4
1670091754.173359; 533445; 4
1670091754.198355; 533470; 4
1670091754.223354; 533495; 4
1670091754.248387; 533520; 5
1670091754.273361; 533545; 5
1670091754.298362; 533570; 5
1670091754.323354; 533595; 5
1670091754.348354; 533620; 5
1670091754.373354; 533645; 5
1670091754.398359; 533670; 5
1670091754.423355; 533695; 5
1670091754.448370; 533720; 5
1670091754.473359; 533745; 5
1670091754.498364; 533770; 5
1670091754.523360; 533795; 5
1670091754.548359; 533820; 5
1670091754.573359; 533845; 5
1670091754.598364; 533870; 5
1670091754.623360; 533895; 5
1670091754.648359; 533920; 6
1670091754.673354; 533945; 6
1670091754.698354; 533970; 6
1670091754.723368; 533995; 6
1670091754.748360; 534020; 6
1670091754.773354; 534045; 7
1670091754.798354; 534070; 7
1670091754.823359; 534095; 7
1670091754.848355; 534120; 7
1670091754.873354; 534145; 7
1670091754.898354; 534170; 7
1670091754.923359; 534195; 7
1670091754.948355; 534220; 7
1670091754.973354; 534245; 7
1670091754.998354; 534270; 7
1670091755.023359; 534295; 7
1670091755.048362; 534320; 7
1670091755.073360; 534345; 9
1670091755.098355; 534370; 9
1670091755.123355; 534395; 9
1670091755.148368; 534420; 9
1670091755.173360; 534445; 11
1670091755.198354; 534470; 11
1670091755.223354; 534495; 11
1670091755.248359; 534520; 11
1670091755.273355; 534545; 12
1670091755.298359; 534570; 12
1670091755.323359; 534595; 12
1670091755.348359; 534620; 12
1670091755.373355; 534645; 15
1670091755.398359; 534670; 15
1670091755.423359; 534695; 15
1670091755.448359; 534720; 15
1670091755.473361; 534745; 17
1670091755.498354; 534770; 17
1670091755.523354; 534795; 17
1670091755.548368; 534820; 17
1670091755.573355; 534845; 18
1670091755.598359; 534870; 18
1670091755.623354; 534895; 18
1670091755.648359; 534920; 18
1670091755.673355; 534945; 19
1670091755.698354; 534970; 19
1670091755.723354; 534995; 19
1670091755.748357; 535020; 19
1670091755.773356; 535045; 18
1670091755.798359; 535070; 18
1670091755.823354; 535095; 18
1670091755.848354; 535120; 18
1670091755.873364; 535145; 18
1670091755.898361; 535170; 19
1670091755.923354; 535195; 19
1670091755.948354; 535220; 19
1670091755.973368; 535245; 19
1670091755.998355; 535270; 19
1670091756.023359; 535295; 19
1670091756.048355; 535320; 19
1670091756.073365; 535345; 19
1670091756.098362; 535370; 22
1670091756.123361; 535395; 22
1670091756.148354; 535420; 22
1670091756.173359; 535445; 22
1670091756.198355; 535470; 25
1670091756.223359; 535495; 25
1670091756.248359; 535520; 25
1670091756.273359; 535545; 25
1670091756.298360; 535570; 26
1670091756.323354; 535595; 26
1670091756.348354; 535620; 26
1670091756.373362; 535645; 26
1670091756.398355; 535670; 21
1670091756.423354; 535695; 21
1670091756.448354; 535720; 21
1670091756.473359; 535745; 21
1670091756.498364; 535770; 9
1670091756.523354; 535795; 9
1670091756.548354; 535820; 9
1670091756.573354; 535845; 9
1670091756.598359; 535870; 8
1670091756.623355; 535895; 8
1670091756.648354; 535920; 8
1670091756.673359; 535945; 8
1670091756.698364; 535970; 8
1670091756.723361; 535995; 8
1670091756.748359; 536020; 8
1670091756.773354; 536045; 8
1670091756.798368; 536070; 9
1670091756.823361; 536095; 9
1670091756.848359; 536120; 9
1670091756.873359; 536145; 9
1670091756.898364; 536170; 9
1670091756.923360; 536195; 9
1670091756.948359; 536220; 9
1670091756.973359; 536245; 9
1670091756.998359; 536270; 9
1670091757.023364; 536295; 9
1670091757.048356; 536320; 9
1670091757.073361; 536345; 9
1670091757.098355; 536370; 9
1670091757.123360; 536395; 9
1670091757.148355; 536420; 9
1670091757.173359; 536445; 9
1670091757.198359; 536470; 9
1670091757.223368; 536495; 9
1670091757.248360; 536520; 9
1670091757.273354; 536545; 9
1670091757.298354; 536570; 9
1670091757.323363; 536595; 9
1670091757.348362; 536620; 9
1670091757.373354; 536645; 9
1670091757.398354; 536670; 9
1670091757.423359; 536695; 9
1670091757.448359; 536720; 9
1670091757.473355; 536745; 9
1670091757.498354; 536770; 9
1670091757.523354; 536795; 10
1670091757.548359; 536820; 10
1670091757.573355; 536845; 10
1670091757.598359; 536870; 10
1670091757.623359; 536895; 10
1670091757.648362; 536920; 10
1670091757.673360; 536945; 10
1670091757.698354; 536970; 10
1670091757.723354; 536995; 10
1670091757.748359; 537020; 10
1670091757.773355; 537045; 10
1670091757.798359; 537070; 10
1670091757.823354; 537095; 9
1670091757.848359; 537120; 9
1670091757.873355; 537145; 9
1670091757.898354; 537170; 9
1670091757.923354; 537195; 9
1670091757.948354; 537220; 9
1670091757.973359; 537245; 9
1670091757.998355; 537270; 9
1670091758.023354; 537295; 8
1670091758.048360; 537320; 8
1670091758.073363; 537345; 8
1670091758.098362; 537370; 8
1670091758.123355; 537395; 7
1670091758.148354; 537420; 7
1670091758.173359; 537445; 7
1670091758.198360; 537470; 7
1670091758.223359; 537495; 7
1670091758.248359; 537520; 7
1670091758.273358; 537545; 7
1670091758.298356; 537570; 7
1670091758.323359; 537595; 7
1670091758.348359; 537620; 6
1670091758.373359; 537645; 6
1670091758.398364; 537670; 6
1670091758.423360; 537695; 6
1670091758.448354; 537720; 6
1670091758.473354; 537745; 6
1670091758.498368; 537770; 6
1670091758.523360; 537795; 6
1670091758.548359; 537820; 6
1670091758.573359; 537845; 6
1670091758.598364; 537870; 6
1670091758.623360; 537895; 6
1670091758.648359; 537920; 5
1670091758.673354; 537945; 5
1670091758.698359; 537970; 5
1670091758.723364; 537995; 5
1670091758.748360; 538020; 4
1670091758.773354; 538045; 4
1670091758.798354; 538070; 4
1670091758.823359; 538095; 4
1670091758.848361; 538120; 4
1670091758.873359; 538145; 4
1670091758.898354; 538170; 4
1670091758.923368; 538195; 4
1670091758.948360; 538220; 4
1670091758.973359; 538245; 4
1670091758.998359; 538270; 4
1670091759.023364; 538295; 4
1670091759.048356; 538320; 4
1670091759.073360; 538345; 4
1670091759.098355; 538370; 4
1670091759.123360; 538395; 4
1670091759.148360; 538420; 4
1670091759.173355; 538445; 4
1670091759.198354; 538470; 4
1670091759.223354; 538495; 4
1670091759.248359; 538520; 4
1670091759.273355; 538545; 4
1670091759.298354; 538570; 4
1670091759.323354; 538595; 4
1670091759.348362; 538620; 4
1670091759.373355; 538645; 4
1670091759.398354; 538670; 4
1670091759.423354; 538695; 4
1670091759.448359; 538720; 4
1670091759.473355; 538745; 4
1670091759.498359; 538770; 4
1670091759.523359; 538795; 4
1670091759.548359; 538820; 4
1670091759.573364; 538845; 4
1670091759.598360; 538870; 4
1670091759.623359; 538895; 4
1670091759.648359; 538920; 4
1670091759.673364; 538945; 4
1670091759.698361; 538970; 4
1670091759.723360; 538995; 4
1670091759.748359; 539020; 4
1670091759.773362; 539045; 4
1670091759.798355; 539070; 4
1670091759.823354; 539095; 4
1670091759.848354; 539120; 4
1670091759.873363; 539145; 4
1670091759.898362; 539170; 4
1670091759.923354; 539195; 4
1670091759.948354; 539220; 4
1670091759.973354; 539245; 4
1670091759.998364; 539270; 4
1670091760.023360; 539295; 4
1670091760.048355; 539320; 4
1670091760.073361; 539345; 5
1670091760.098365; 539370; 5
1670091760.123356; 539395; 5
1670091760.148359; 539420; 5
1670091760.173359; 539445; 5
1670091760.198362; 539470; 5
1670091760.223355; 539495; 5
1670091760.248359; 539520; 5
1670091760.273354; 539545; 5
1670091760.298354; 539570; 5
1670091760.323359; 539595; 5
1670091760.348355; 539620; 5
1670091760.373354; 539645; 5
1670091760.398359; 539670; 5
1670091760.423364; 539695; 5
1670091760.448360; 539720; 5
1670091760.473359; 539745; 5
1670091760.498354; 539770; 5
1670091760.523359; 539795; 5
1670091760.548355; 539820; 5
1670091760.573354; 539845; 5
1670091760.598354; 539870; 5
1670091760.623368; 539895; 5
1670091760.648361; 539920; 5
1670091760.673359; 539945; 5
1670091760.698359; 539970; 5
1670091760.723359; 539995; 5
1670091760.748364; 540020; 5
1670091760.773355; 540045; 5
1670091760.798358; 540070; 5
1670091760.823359; 540095; 5
1670091760.848364; 540120; 5
1670091760.873360; 540145; 5
1670091760.898354; 540170; 5
1670091760.923354; 540195; 5
1670091760.948359; 540220; 5
1670091760.973355; 540245; 5
1670091760.998354; 540270; 5
1670091761.023359; 540295; 5
1670091761.048363; 540320; 5
1670091761.073362; 540345; 5
1670091761.098355; 540370; 6
1670091761.123360; 540395; 6
1670091761.148354; 540420; 6
1670091761.173359; 540445; 6
1670091761.198355; 540470; 6
1670091761.223354; 540495; 6
1670091761.248354; 540520; 6
1670091761.273363; 540545; 6
1670091761.298355; 540570; 7
1670091761.323354; 540595; 7
1670091761.348354; 540620; 7
1670091761.373359; 540645; 7
1670091761.398355; 540670; 6
1670091761.423354; 540695; 6
1670091761.448354; 540720; 6
1670091761.473366; 540745; 6
1670091761.498362; 540770; 7
1670091761.523359; 540795; 7
1670091761.548359; 540820; 7
1670091761.573359; 540845; 7
1670091761.598364; 540870; 7
1670091761.623360; 540895; 7
1670091761.648354; 540920; 7
1670091761.673359; 540945; 7
1670091761.698364; 540970; 7
1670091761.723355; 540995; 7
1670091761.748354; 541020; 7
1670091761.773361; 541045; 7
1670091761.798359; 541070; 7
1670091761.823361; 541095; 7
1670091761.848359; 541120; 7
1670091761.873359; 541145; 7
1670091761.898359; 541170; 7
1670091761.923362; 541195; 8
1670091761.948355; 541220; 8
1670091761.973354; 541245; 8
1670091761.998354; 541270; 8
1670091762.023359; 541295; 8
1670091762.048356; 541320; 8
1670091762.073360; 541345; 8
1670091762.098355; 541370; 8
1670091762.123365; 541395; 8
1670091762.148355; 541420; 8
1670091762.173354; 541445; 8
1670091762.198354; 541470; 8
1670091762.223359; 541495; 9
1670091762.248355; 541520; 9
1670091762.273354; 541545; 9
1670091762.298354; 541570; 9
1670091762.323354; 541595; 10
1670091762.348368; 541620; 10
1670091762.373355; 541645; 10
1670091762.398359; 541670; 10
1670091762.423359; 541695; 10
1670091762.448364; 541720; 10
1670091762.473355; 541745; 10
1670091762.498359; 541770; 10
1670091762.523359; 541795; 11
1670091762.548359; 541820; 11
1670091762.573355; 541845; 11
1670091762.598359; 541870; 11
1670091762.623359; 541895; 11
1670091762.648359; 541920; 11
1670091762.673355; 541945; 11
1670091762.698359; 541970; 11
1670091762.723354; 541995; 12
1670091762.748362; 542020; 12
1670091762.773361; 542045; 12
1670091762.798359; 542070; 12
1670091762.823359; 542095; 13
1670091762.848364; 542120; 13
1670091762.873355; 542145; 13
1670091762.898359; 542170; 13
1670091762.923359; 542195; 13
1670091762.948359; 542220; 13
1670091762.973355; 542245; 13
1670091762.998359; 542270; 13
1670091763.023359; 542295; 13
1670091763.048364; 542320; 12
1670091763.073363; 542345; 12
1670091763.098355; 542370; 12
1670091763.123360; 542395; 12
1670091763.148354; 542420; 12
1670091763.173362; 542445; 12
1670091763.198361; 542470; 12
1670091763.223354; 542495; 12
1670091763.248354; 542520; 10
1670091763.273359; 542545; 10
1670091763.298355; 542570; 10
1670091763.323354; 542595; 10
1670091763.348354; 542620; 11
1670091763.373359; 542645; 11
1670091763.398355; 542670; 11
1670091763.423354; 542695; 11
1670091763.448359; 542720; 11
1670091763.473359; 542745; 11
1670091763.498355; 542770; 11
1670091763.523359; 542795; 11
1670091763.548359; 542820; 10
1670091763.573362; 542845; 10
1670091763.598355; 542870; 10
1670091763.623354; 542895; 10
1670091763.648359; 542920; 9
1670091763.673364; 542945; 9
1670091763.698360; 542970; 9
1670091763.723359; 542995; 9
1670091763.748359; 543020; 8
1670091763.773354; 543045; 8
1670091763.798359; 543070; 8
1670091763.823355; 543095; 8
1670091763.848354; 543120; 7
1670091763.873354; 543145; 7
1670091763.898359; 543170; 7
1670091763.923355; 543195; 7
1670091763.948354; 543220; 8
1670091763.973354; 543245; 8
1670091763.998368; 543270; 8
1670091764.023360; 543295; 8
1670091764.048355; 543320; 8
1670091764.073360; 543345; 8
1670091764.098360; 543370; 8
1670091764.123362; 543395; 8
1670091764.148354; 543420; 8
1670091764.173354; 543445; 9
1670091764.198354; 543470; 9
1670091764.223359; 543495; 9
1670091764.248355; 543520; 9
1670091764.273359; 543545; 9
1670091764.298359; 543570; 9
1670091764.323364; 543595; 9
1670091764.348355; 543620; 9
1670091764.373354; 543645; 11
1670091764.398354; 543670; 11
1670091764.423362; 543695; 11
1670091764.448361; 543720; 11
1670091764.473354; 543745; 11
1670091764.498359; 543770; 11
1670091764.523364; 543795; 11
1670091764.548355; 543820; 11
1670091764.573359; 543845; 12
1670091764.598354; 543870; 12
1670091764.623359; 543895; 12
1670091764.648355; 543920; 12
1670091764.673359; 543945; 13
1670091764.698354; 543970; 13
1670091764.723357; 543995; 13
1670091764.748356; 544020; 13
1670091764.773359; 544045; 16
1670091764.798359; 544070; 16
1670091764.823354; 544095; 16
1670091764.848362; 544120; 16
1670091764.873361; 544145; 18
1670091764.898359; 544170; 18
1670091764.923359; 544195; 18
1670091764.948364; 544220; 18
1670091764.973355; 544245; 20
1670091764.998359; 544270; 20
1670091765.023359; 544295; 20
1670091765.048360; 544320; 20
1670091765.073362; 544345; 22
1670091765.098361; 544370; 22
1670091765.123360; 544395; 22
1670091765.148359; 544420; 22
1670091765.173355; 544445; 23
1670091765.198359; 544470; 23
1670091765.223359; 544495; 23
1670091765.248362; 544520; 23
1670091765.273355; 544545; 23
1670091765.298359; 544570; 22
1670091765.323359; 544595; 22
1670091765.348364; 544620; 22
1670091765.373360; 544645; 22
1670091765.398354; 544670; 20
1670091765.423354; 544695; 20
1670091765.448359; 544720; 20
1670091765.473355; 544745; 20
1670091765.498359; 544770; 19
1670091765.523354; 544795; 19
1670091765.548354; 544820; 19
1670091765.573359; 544845; 19
1670091765.598355; 544870; 18
1670091765.623359; 544895; 18
1670091765.648359; 544920; 18
1670091765.673368; 544945; 18
1670091765.698355; 544970; 15
1670091765.723359; 544995; 15
1670091765.748359; 545020; 15
1670091765.773359; 545045; 15
1670091765.798355; 545070; 17
1670091765.823359; 545095; 17
1670091765.848354; 545120; 17
1670091765.873359; 545145; 17
1670091765.898355; 545170; 18
1670091765.923359; 545195; 18
1670091765.948359; 545220; 18
1670091765.973359; 545245; 18
1670091765.998355; 545270; 17
1670091766.023359; 545295; 17
1670091766.048355; 545320; 17
1670091766.073369; 545345; 17
1670091766.098363; 545370; 17
1670091766.123360; 545395; 17
1670091766.148359; 545420; 17
1670091766.173380; 545445; 17
1670091766.198374; 545470; 17
1670091766.223359; 545495; 17
1670091766.248359; 545520; 17
1670091766.273364; 545545; 17
1670091766.298360; 545570; 16
1670091766.323354; 545595; 16
1670091766.348354; 545620; 16
1670091766.373359; 545645; 16
1670091766.398364; 545670; 16
1670091766.423360; 545695; 15
1670091766.448354; 545720; 15
1670091766.473354; 545745; 15
1670091766.498362; 545770; 15
1670091766.523355; 545795; 11
1670091766.548354; 545820; 11
1670091766.573354; 545845; 11
1670091766.598359; 545870; 11
1670091766.623355; 545895; 10
1670091766.648359; 545920; 10
1670091766.673359; 545945; 10
1670091766.698359; 545970; 10
1670091766.723355; 545995; 10
1670091766.748354; 546020; 10
1670091766.773359; 546045; 10
1670091766.798364; 546070; 10
1670091766.823361; 546095; 13
1670091766.848354; 546120; 13
1670091766.873354; 546145; 13
1670091766.898362; 546170; 13
1670091766.923355; 546195; 15
1670091766.948354; 546220; 15
1670091766.973354; 546245; 15
1670091766.998359; 546270; 15
1670091767.023363; 546295; 17
1670091767.048360; 546320; 17
1670091767.073355; 546345; 17
1670091767.098359; 546370; 17
1670091767.123363; 546395; 13
1670091767.148354; 546420; 13
1670091767.173354; 546445; 13
1670091767.198354; 546470; 13
1670091767.223359; 546495; 12
1670091767.248355; 546520; 12
1670091767.273354; 546545; 12
1670091767.298354; 546570; 12
1670091767.323368; 546595; 11
1670091767.348361; 546620; 11
1670091767.373359; 546645; 11
1670091767.398359; 546670; 11
1670091767.423359; 546695; 12
1670091767.448355; 546720; 12
1670091767.473354; 546745; 12
1670091767.498354; 546770; 12
1670091767.523359; 546795; 16
1670091767.548355; 546820; 16
1670091767.573354; 546845; 16
1670091767.598354; 546870; 16
1670091767.623359; 546895; 16
1670091767.648355; 546920; 17
1670091767.673354; 546945; 17
1670091767.698354; 546970; 17
1670091767.723362; 546995; 17
1670091767.748355; 547020; 17
1670091767.773354; 547045; 17
1670091767.798354; 547070; 17
1670091767.823359; 547095; 17
1670091767.848355; 547120; 12
1670091767.873354; 547145; 12
1670091767.898354; 547170; 12
1670091767.923357; 547195; 12
1670091767.948356; 547220; 11
1670091767.973362; 547245; 11
1670091767.998359; 547270; 11
1670091768.023359; 547295; 11
1670091768.048360; 547320; 10
1670091768.073362; 547345; 10
1670091768.098361; 547370; 10
1670091768.123355; 547395; 10
1670091768.148368; 547420; 11
1670091768.173360; 547445; 11
1670091768.198359; 547470; 11
1670091768.223359; 547495; 11
1670091768.248364; 547520; 15
1670091768.273374; 547545; 15
1670091768.298354; 547570; 15
1670091768.323354; 547595; 15
1670091768.348359; 547620; 18
1670091768.373355; 547645; 18
1670091768.398359; 547670; 18
1670091768.423359; 547695; 18
1670091768.448359; 547720; 18
1670091768.473355; 547745; 18
1670091768.498354; 547770; 18
1670091768.523354; 547795; 18
1670091768.548368; 547820; 12
1670091768.573355; 547845; 12
1670091768.598354; 547870; 12
1670091768.623354; 547895; 12
1670091768.648364; 547920; 12
1670091768.673360; 547945; 12
1670091768.698359; 547970; 12
1670091768.723359; 547995; 12
1670091768.748359; 548020; 12
1670091768.773364; 548045; 12
1670091768.798355; 548070; 12
1670091768.823354; 548095; 12
1670091768.848354; 548120; 12
1670091768.873359; 548145; 15
1670091768.898355; 548170; 15
1670091768.923354; 548195; 15
1670091768.948354; 548220; 15
1670091768.973368; 548245; 20
1670091768.998355; 548270; 20
1670091769.023354; 548295; 20
1670091769.048360; 548320; 20
1670091769.073360; 548345; 22
1670091769.098362; 548370; 22
1670091769.123361; 548395; 22
1670091769.148354; 548420; 22
1670091769.173359; 548445; 20
1670091769.198355; 548470; 20
1670091769.223354; 548495; 20
1670091769.248354; 548520; 20
1670091769.273358; 548545; 15
1670091769.298363; 548570; 15
1670091769.323354; 548595; 15
1670091769.348354; 548620; 15
1670091769.373362; 548645; 14
1670091769.398355; 548670; 14
1670091769.423359; 548695; 14
1670091769.448359; 548720; 14
1670091769.473364; 548745; 14
1670091769.498360; 548770; 14
1670091769.523359; 548795; 14
1670091769.548359; 548820; 14
1670091769.573354; 548845; 18
1670091769.598359; 548870; 18
1670091769.623360; 548895; 18
1670091769.648354; 548920; 18
1670091769.673354; 548945; 23
1670091769.698359; 548970; 23
1670091769.723355; 548995; 23
1670091769.748354; 549020; 23
1670091769.773359; 549045; 25
1670091769.798368; 549070; 25
1670091769.823361; 549095; 25
1670091769.848354; 549120; 25
1670091769.873359; 549145; 25
1670091769.898364; 549170; 22
1670091769.923360; 549195; 22
1670091769.948354; 549220; 22
1670091769.973354; 549245; 22
1670091769.998359; 549270; 18
1670091770.023355; 549295; 18
1670091770.048360; 549320; 18
1670091770.073355; 549345; 18
1670091770.098365; 549370; 18
1670091770.123356; 549395; 18
1670091770.148359; 549420; 18
1670091770.173359; 549445; 18
1670091770.198362; 549470; 18
1670091770.223355; 549495; 18
1670091770.248354; 549520; 18
1670091770.273354; 549545; 18
1670091770.298363; 549570; 21
1670091770.323362; 549595; 21
1670091770.348354; 549620; 21
1670091770.373356; 549645; 21
1670091770.398359; 549670; 25
1670091770.423378; 549695; 25
1670091770.448355; 549720; 25
1670091770.473354; 549745; 25
1670091770.498354; 549770; 25
1670091770.523359; 549795; 25
1670091770.548355; 549820; 25
1670091770.573354; 549845; 25
1670091770.598354; 549870; 23
1670091770.623368; 549895; 23
1670091770.648355; 549920; 23
1670091770.673354; 549945; 23
1670091770.698354; 549970; 20
1670091770.723364; 549995; 20
1670091770.748360; 550020; 20
1670091770.773354; 550045; 20
1670091770.798354; 550070; 20
1670091770.823359; 550095; 20
1670091770.848355; 550120; 20
1670091770.873354; 550145; 20
1670091770.898354; 550170; 18
1670091770.923359; 550195; 18
