1670090649.284474; 125632; 16
1670090649.308969; 125657; 16
1670090649.333970; 125682; 16
1670090649.358970; 125707; 16
1670090649.383970; 125732; 16
1670090649.408966; 125757; 16
1670090649.433970; 125782; 16
1670090649.458970; 125807; 16
1670090649.483970; 125832; 16
1670090649.508970; 125857; 17
1670090649.533970; 125882; 17
1670090649.558970; 125907; 17
1670090649.583970; 125932; 17
1670090649.608970; 125957; 17
1670090649.633970; 125982; 17
1670090649.658970; 126007; 17
1670090649.683970; 126032; 17
1670090649.708966; 126057; 16
1670090649.733970; 126082; 16
1670090649.758970; 126107; 16
1670090649.783970; 126132; 16
1670090649.808967; 126157; 17
1670090649.833970; 126182; 17
1670090649.858970; 126207; 17
1670090649.883970; 126232; 17
1670090649.908970; 126257; 17
1670090649.933970; 126282; 17
1670090649.958970; 126307; 17
1670090649.983970; 126332; 17
1670090650.008970; 126357; 17
1670090650.033967; 126382; 17
1670090650.058973; 126407; 17
1670090650.083971; 126432; 17
1670090650.108971; 126457; 17
1670090650.133966; 126482; 17
1670090650.158970; 126507; 17
1670090650.183970; 126532; 17
1670090650.208966; 126557; 17
1670090650.233966; 126582; 17
1670090650.258970; 126607; 17
1670090650.283970; 126632; 17
1670090650.308970; 126657; 17
1670090650.333970; 126682; 18
1670090650.358970; 126707; 18
1670090650.383970; 126732; 18
1670090650.408970; 126757; 18
1670090650.433966; 126782; 18
1670090650.458970; 126807; 18
1670090650.483970; 126832; 18
1670090650.508970; 126857; 18
1670090650.533970; 126882; 18
1670090650.558970; 126907; 18
1670090650.583970; 126932; 18
1670090650.608970; 126957; 18
1670090650.633966; 126982; 18
1670090650.658970; 127007; 18
1670090650.683970; 127032; 18
1670090650.708966; 127057; 18
1670090650.733970; 127082; 18
1670090650.758970; 127107; 18
1670090650.783970; 127132; 18
1670090650.808970; 127157; 18
1670090650.833970; 127182; 18
1670090650.858970; 127207; 18
1670090650.883966; 127232; 18
1670090650.908970; 127257; 18
1670090650.933970; 127282; 16
1670090650.958970; 127307; 16
1670090650.983970; 127332; 16
1670090651.008970; 127357; 16
1670090651.033967; 127382; 16
1670090651.058971; 127407; 16
1670090651.083971; 127432; 16
1670090651.108971; 127457; 16
1670090651.133966; 127482; 19
1670090651.158970; 127507; 19
1670090651.183970; 127532; 19
1670090651.208966; 127557; 19
1670090651.233970; 127582; 21
1670090651.258970; 127607; 21
1670090651.283970; 127632; 21
1670090651.308970; 127657; 21
1670090651.333970; 127682; 21
1670090651.358970; 127707; 21
1670090651.383970; 127732; 21
1670090651.408970; 127757; 21
1670090651.433970; 127782; 21
1670090651.458970; 127807; 21
1670090651.483970; 127832; 21
1670090651.508970; 127857; 21
1670090651.533970; 127882; 21
1670090651.558970; 127907; 21
1670090651.583970; 127932; 21
1670090651.608970; 127957; 21
1670090651.633970; 127982; 21
1670090651.658966; 128007; 21
1670090651.683970; 128032; 21
1670090651.708966; 128057; 21
1670090651.733970; 128082; 21
1670090651.758970; 128107; 20
1670090651.783970; 128132; 20
1670090651.808970; 128157; 20
1670090651.833970; 128182; 20
1670090651.858970; 128207; 17
1670090651.883970; 128232; 17
1670090651.908970; 128257; 17
1670090651.933970; 128282; 17
1670090651.958970; 128307; 15
1670090651.983970; 128332; 15
1670090652.008970; 128357; 15
1670090652.033971; 128382; 15
1670090652.058971; 128407; 15
1670090652.083967; 128432; 15
1670090652.108967; 128457; 15
1670090652.133970; 128482; 15
1670090652.158970; 128507; 15
1670090652.183970; 128532; 15
1670090652.208966; 128557; 15
1670090652.233970; 128582; 15
1670090652.258970; 128607; 15
1670090652.283970; 128632; 15
1670090652.308970; 128657; 15
1670090652.333970; 128682; 15
1670090652.358970; 128707; 15
1670090652.383970; 128732; 15
1670090652.408970; 128757; 15
1670090652.433970; 128782; 15
1670090652.458970; 128807; 15
1670090652.483966; 128832; 15
1670090652.508970; 128857; 15
1670090652.533970; 128882; 15
1670090652.558970; 128907; 15
1670090652.583970; 128932; 15
1670090652.753213; 129101; 15
1670090652.777971; 129126; 15
1670090652.802966; 129151; 15
1670090652.827970; 129176; 15
1670090652.852970; 129201; 15
1670090652.877970; 129226; 16
1670090652.902970; 129251; 16
1670090652.927970; 129276; 16
1670090652.952970; 129301; 16
1670090652.977970; 129326; 15
1670090653.002970; 129351; 15
1670090653.027967; 129376; 15
1670090653.052967; 129401; 15
1670090653.077967; 129426; 16
1670090653.102967; 129451; 16
1670090653.127970; 129476; 16
1670090653.152970; 129501; 16
1670090653.177970; 129526; 16
1670090653.202966; 129551; 16
1670090653.227970; 129576; 16
1670090653.252970; 129601; 16
1670090653.277970; 129626; 16
1670090653.302970; 129651; 16
1670090653.327970; 129676; 16
1670090653.352970; 129701; 16
1670090653.377970; 129726; 16
1670090653.402970; 129751; 17
1670090653.427970; 129776; 17
1670090653.452970; 129801; 17
1670090653.477970; 129826; 17
1670090653.502966; 129851; 17
1670090653.527970; 129876; 17
1670090653.552970; 129901; 17
1670090653.577970; 129926; 17
1670090653.602970; 129951; 17
1670090653.627970; 129976; 17
1670090653.652970; 130001; 17
1670090653.677970; 130026; 17
1670090653.702970; 130051; 17
1670090653.727970; 130076; 17
1670090653.752970; 130101; 17
1670090653.777970; 130126; 17
1670090653.802970; 130151; 17
1670090653.827970; 130176; 17
1670090653.852970; 130201; 17
1670090653.877970; 130226; 17
1670090653.902979; 130251; 16
1670090653.927970; 130276; 16
1670090653.952970; 130301; 16
1670090653.977970; 130326; 16
1670090654.002970; 130351; 16
1670090654.027971; 130376; 16
1670090654.052971; 130401; 16
1670090654.077971; 130426; 16
1670090654.102993; 130451; 17
1670090654.127966; 130476; 17
1670090654.152970; 130501; 17
1670090654.177970; 130526; 17
1670090654.202966; 130551; 16
1670090654.227970; 130576; 16
1670090654.252970; 130601; 16
1670090654.277970; 130626; 16
1670090654.302970; 130651; 15
1670090654.327966; 130676; 15
1670090654.352970; 130701; 15
1670090654.377970; 130726; 15
1670090654.402970; 130751; 15
1670090654.427970; 130776; 15
1670090654.452970; 130801; 15
1670090654.477970; 130826; 15
1670090654.502970; 130851; 15
1670090654.527966; 130876; 15
1670090654.552970; 130901; 15
1670090654.577966; 130926; 15
1670090654.602970; 130951; 15
1670090654.627970; 130976; 15
1670090654.652970; 131001; 15
1670090654.677970; 131026; 15
1670090654.702966; 131051; 15
1670090654.727971; 131076; 16
1670090654.752965; 131101; 16
1670090654.777965; 131126; 16
1670090654.802965; 131151; 16
1670090654.827965; 131176; 16
1670090654.852965; 131201; 16
1670090654.877965; 131226; 16
1670090654.902965; 131251; 16
1670090654.928008; 131276; 16
1670090654.952965; 131301; 16
1670090654.977965; 131326; 16
1670090655.002970; 131351; 16
1670090655.027967; 131376; 16
1670090655.052967; 131401; 16
1670090655.077967; 131426; 16
1670090655.102967; 131451; 16
1670090655.127966; 131476; 18
1670090655.152966; 131501; 18
1670090655.177970; 131526; 18
1670090655.202966; 131551; 18
1670090655.227970; 131576; 21
1670090655.252970; 131601; 21
1670090655.277970; 131626; 21
1670090655.302970; 131651; 21
1670090655.327970; 131676; 22
1670090655.352966; 131701; 22
1670090655.377970; 131726; 22
1670090655.402970; 131751; 22
1670090655.427970; 131776; 22
1670090655.452970; 131801; 22
1670090655.477970; 131826; 22
1670090655.502970; 131851; 22
1670090655.527970; 131876; 21
1670090655.552970; 131901; 21
1670090655.577970; 131926; 21
1670090655.602970; 131951; 21
1670090655.627970; 131976; 21
1670090655.652970; 132001; 21
1670090655.677970; 132026; 21
1670090655.702970; 132051; 21
1670090655.727970; 132076; 21
1670090655.752966; 132101; 20
1670090655.777970; 132126; 20
1670090655.802966; 132151; 20
1670090655.827970; 132176; 20
1670090655.852970; 132201; 19
1670090655.877970; 132226; 19
1670090655.902970; 132251; 19
1670090655.927970; 132276; 19
1670090655.952970; 132301; 19
1670090655.977970; 132326; 19
1670090656.002970; 132351; 19
1670090656.027971; 132376; 19
1670090656.052980; 132401; 20
1670090656.077972; 132426; 20
1670090656.102971; 132451; 20
1670090656.127966; 132476; 20
1670090656.152966; 132501; 20
1670090656.177970; 132526; 20
1670090656.202957; 132551; 20
1670090656.227966; 132576; 20
1670090656.252970; 132601; 20
1670090656.277970; 132626; 20
1670090656.302970; 132651; 20
1670090656.327970; 132676; 20
1670090656.352970; 132701; 19
1670090656.377966; 132726; 19
1670090656.402970; 132751; 19
1670090656.427970; 132776; 19
1670090656.452970; 132801; 19
1670090656.477970; 132826; 19
1670090656.502970; 132851; 19
1670090656.527970; 132876; 19
1670090656.552970; 132901; 19
1670090656.577966; 132926; 19
1670090656.602970; 132951; 19
1670090656.627970; 132976; 19
1670090656.652970; 133001; 19
1670090656.677970; 133026; 19
1670090656.702966; 133051; 19
1670090656.727970; 133076; 19
1670090656.752970; 133101; 19
1670090656.777970; 133126; 19
1670090656.802970; 133151; 19
1670090656.827970; 133176; 19
1670090656.852970; 133201; 19
1670090656.877970; 133226; 19
1670090656.902970; 133251; 19
1670090656.927970; 133276; 19
1670090656.952970; 133301; 19
1670090656.977970; 133326; 19
1670090657.002970; 133351; 19
1670090657.027967; 133376; 19
1670090657.052967; 133401; 19
1670090657.077967; 133426; 20
1670090657.102967; 133451; 20
1670090657.127970; 133476; 20
1670090657.152970; 133501; 20
1670090657.177966; 133526; 20
1670090657.202966; 133551; 20
1670090657.227970; 133576; 20
1670090657.252970; 133601; 20
1670090657.277970; 133626; 20
1670090657.302970; 133651; 20
1670090657.327970; 133676; 20
1670090657.352970; 133701; 20
1670090657.377970; 133726; 20
1670090657.402966; 133751; 20
1670090657.427970; 133776; 20
1670090657.452966; 133801; 20
1670090657.477970; 133826; 20
1670090657.502970; 133851; 20
1670090657.527970; 133876; 20
1670090657.552970; 133901; 20
1670090657.577970; 133926; 19
1670090657.602970; 133951; 19
1670090657.627970; 133976; 19
1670090657.652970; 134001; 19
1670090657.677970; 134026; 20
1670090657.702966; 134051; 20
1670090657.727970; 134076; 20
1670090657.752970; 134101; 20
1670090657.777970; 134126; 19
1670090657.802966; 134151; 19
1670090657.827970; 134176; 19
1670090657.852970; 134201; 19
1670090657.877970; 134226; 19
1670090657.902970; 134251; 19
1670090657.927970; 134276; 19
1670090657.952970; 134301; 19
1670090657.977970; 134326; 18
1670090658.002970; 134351; 18
1670090658.027971; 134376; 18
1670090658.052971; 134401; 18
1670090658.077971; 134426; 18
1670090658.102971; 134451; 17
1670090658.127966; 134476; 17
1670090658.152970; 134501; 17
1670090658.177970; 134526; 17
1670090658.202970; 134551; 16
1670090658.227970; 134576; 16
1670090658.252966; 134601; 16
1670090658.277970; 134626; 16
1670090658.302970; 134651; 15
1670090658.327970; 134676; 15
1670090658.352970; 134701; 15
1670090658.377970; 134726; 15
1670090658.402970; 134751; 15
1670090658.427970; 134776; 15
1670090658.452970; 134801; 15
1670090658.477970; 134826; 15
1670090658.502970; 134851; 15
1670090658.527970; 134876; 15
1670090658.552970; 134901; 15
1670090658.577970; 134926; 15
1670090658.602970; 134951; 15
1670090658.627970; 134976; 15
1670090658.652970; 135001; 15
1670090658.677970; 135026; 15
1670090658.702966; 135051; 14
1670090658.727970; 135076; 14
1670090658.752970; 135101; 14
1670090658.777970; 135126; 14
1670090658.802970; 135151; 14
1670090658.827970; 135176; 14
1670090658.852970; 135201; 14
1670090658.877970; 135226; 14
1670090658.902970; 135251; 15
1670090658.927970; 135276; 15
1670090658.952970; 135301; 15
1670090658.977970; 135326; 15
1670090659.002970; 135351; 15
1670090659.027971; 135376; 15
1670090659.052971; 135401; 15
1670090659.077971; 135426; 15
1670090659.102971; 135451; 15
1670090659.127966; 135476; 15
1670090659.152970; 135501; 15
1670090659.177970; 135526; 15
1670090659.202966; 135551; 15
1670090659.227990; 135576; 14
1670090659.252970; 135601; 14
1670090659.277970; 135626; 14
1670090659.302970; 135651; 14
1670090659.327970; 135676; 14
1670090659.352978; 135701; 14
1670090659.377967; 135726; 14
1670090659.402970; 135751; 14
1670090659.428002; 135776; 15
1670090659.452970; 135801; 15
1670090659.477970; 135826; 15
1670090659.502970; 135851; 15
1670090659.527970; 135876; 15
1670090659.552970; 135901; 15
1670090659.577970; 135926; 15
1670090659.602970; 135951; 15
1670090659.627970; 135976; 14
1670090659.652970; 136001; 14
1670090659.677970; 136026; 14
1670090659.702966; 136051; 14
1670090659.727970; 136076; 14
1670090659.752970; 136101; 14
1670090659.777970; 136126; 14
1670090659.802970; 136151; 14
1670090659.827970; 136176; 14
1670090659.852966; 136201; 14
1670090659.877970; 136226; 14
1670090659.902970; 136251; 14
1670090659.927970; 136276; 15
1670090659.952970; 136301; 15
1670090659.977970; 136326; 15
1670090660.002970; 136351; 15
1670090660.027967; 136376; 15
1670090660.052971; 136401; 15
1670090660.077971; 136426; 15
1670090660.102971; 136451; 15
1670090660.127966; 136476; 14
1670090660.152970; 136501; 14
1670090660.177970; 136526; 14
1670090660.202966; 136551; 14
1670090660.227970; 136576; 14
1670090660.252997; 136601; 14
1670090660.277970; 136626; 14
1670090660.302970; 136651; 14
1670090660.327970; 136676; 14
1670090660.352970; 136701; 14
1670090660.377970; 136726; 14
1670090660.402970; 136751; 14
1670090660.427970; 136776; 14
1670090660.452965; 136801; 14
1670090660.477966; 136826; 14
1670090660.502970; 136851; 14
1670090660.527970; 136876; 14
1670090660.552970; 136901; 14
1670090660.577970; 136926; 14
1670090660.602970; 136951; 14
1670090660.627970; 136976; 14
1670090660.652970; 137001; 14
1670090660.677970; 137026; 14
1670090660.702966; 137051; 14
1670090660.727966; 137076; 14
1670090660.752970; 137101; 14
1670090660.777970; 137126; 14
1670090660.802970; 137151; 14
1670090660.827970; 137176; 14
1670090660.852970; 137201; 14
1670090660.877970; 137226; 14
1670090660.902970; 137251; 14
1670090660.927970; 137276; 14
1670090660.952970; 137301; 14
1670090660.977970; 137326; 14
1670090661.002970; 137351; 14
1670090661.027967; 137376; 14
1670090661.052967; 137401; 14
1670090661.077967; 137426; 14
1670090661.102967; 137451; 14
1670090661.127966; 137476; 14
1670090661.152970; 137501; 14
1670090661.177970; 137526; 14
1670090661.202966; 137551; 14
1670090661.227970; 137576; 14
1670090661.252970; 137601; 14
1670090661.277964; 137626; 14
1670090661.302966; 137651; 14
1670090661.327970; 137676; 14
1670090661.352970; 137701; 14
1670090661.377970; 137726; 14
1670090661.402970; 137751; 14
1670090661.427970; 137776; 14
1670090661.452970; 137801; 14
1670090661.477966; 137826; 14
1670090661.502970; 137851; 14
1670090661.527970; 137876; 14
1670090661.552970; 137901; 14
1670090661.577970; 137926; 14
1670090661.602970; 137951; 14
1670090661.627970; 137976; 14
1670090661.652970; 138001; 14
1670090661.677970; 138026; 14
1670090661.702966; 138051; 14
1670090661.727970; 138076; 14
1670090661.752970; 138101; 14
1670090661.777970; 138126; 14
1670090661.802970; 138151; 14
1670090661.827970; 138176; 14
1670090661.852970; 138201; 14
1670090661.877970; 138226; 14
1670090661.902970; 138251; 14
1670090661.927970; 138276; 14
1670090661.952970; 138301; 14
1670090661.977970; 138326; 14
1670090662.002970; 138351; 14
1670090662.027967; 138376; 14
1670090662.052967; 138401; 14
1670090662.077967; 138426; 14
1670090662.102967; 138451; 14
1670090662.127970; 138476; 14
1670090662.152970; 138501; 14
1670090662.177970; 138526; 14
1670090662.202966; 138551; 14
1670090662.227970; 138576; 14
1670090662.252970; 138601; 14
1670090662.277970; 138626; 14
1670090662.302970; 138651; 14
1670090662.327970; 138676; 14
1670090662.352966; 138701; 14
1670090662.377970; 138726; 14
1670090662.402970; 138751; 14
1670090662.427970; 138776; 14
1670090662.452970; 138801; 14
1670090662.477970; 138826; 14
1670090662.502966; 138851; 14
1670090662.527968; 138876; 14
1670090662.552970; 138901; 14
1670090662.577970; 138926; 14
1670090662.602970; 138951; 14
1670090662.627970; 138976; 14
1670090662.652974; 139001; 14
1670090662.677971; 139026; 14
1670090662.702966; 139051; 14
1670090662.727966; 139076; 14
1670090662.752970; 139101; 14
1670090662.777966; 139126; 14
1670090662.802970; 139151; 14
1670090662.827970; 139176; 14
1670090662.852970; 139201; 14
1670090662.877970; 139226; 14
1670090662.902970; 139251; 15
1670090662.927966; 139276; 15
1670090662.952970; 139301; 15
1670090662.977970; 139326; 15
1670090663.002970; 139351; 14
1670090663.027967; 139376; 14
1670090663.052967; 139401; 14
1670090663.077967; 139426; 14
1670090663.102967; 139451; 14
1670090663.127970; 139476; 14
1670090663.152970; 139501; 14
1670090663.177966; 139526; 14
1670090663.202966; 139551; 15
1670090663.227970; 139576; 15
1670090663.252970; 139601; 15
1670090663.277970; 139626; 15
1670090663.302970; 139651; 15
1670090663.327970; 139676; 15
1670090663.352970; 139701; 15
1670090663.377970; 139726; 15
1670090663.402970; 139751; 15
1670090663.427970; 139776; 15
1670090663.452970; 139801; 15
1670090663.477970; 139826; 15
1670090663.502970; 139851; 15
1670090663.527966; 139876; 15
1670090663.552970; 139901; 15
1670090663.577966; 139926; 15
1670090663.602970; 139951; 15
1670090663.627970; 139976; 15
1670090663.652970; 140001; 15
1670090663.677970; 140026; 15
1670090663.702966; 140051; 15
1670090663.727970; 140076; 15
1670090663.752970; 140101; 15
1670090663.777970; 140126; 15
1670090663.802970; 140151; 15
1670090663.827970; 140176; 15
1670090663.852970; 140201; 15
1670090663.877970; 140226; 15
1670090663.902970; 140251; 15
1670090663.927970; 140276; 15
1670090663.952966; 140301; 15
1670090663.977970; 140326; 15
1670090664.002966; 140351; 15
1670090664.027971; 140376; 15
1670090664.052971; 140401; 15
1670090664.077971; 140426; 15
1670090664.102971; 140451; 15
1670090664.127966; 140476; 15
1670090664.152966; 140501; 15
1670090664.177970; 140526; 15
1670090664.202966; 140551; 15
1670090664.227970; 140576; 16
1670090664.252970; 140601; 16
1670090664.277970; 140626; 16
1670090664.302970; 140651; 16
1670090664.327970; 140676; 16
1670090664.352966; 140701; 16
1670090664.377970; 140726; 16
1670090664.402970; 140751; 16
1670090664.427970; 140776; 17
1670090664.452970; 140801; 17
1670090664.477970; 140826; 17
1670090664.502970; 140851; 17
1670090664.527970; 140876; 17
1670090664.552985; 140901; 17
1670090664.577966; 140926; 17
1670090664.602970; 140951; 17
1670090664.627970; 140976; 17
1670090664.652970; 141001; 17
1670090664.677970; 141026; 17
1670090664.702966; 141051; 17
1670090664.727970; 141076; 17
1670090664.753004; 141101; 17
1670090664.777966; 141126; 17
1670090664.802970; 141151; 17
1670090664.827970; 141176; 17
1670090664.852970; 141201; 17
1670090664.877970; 141226; 17
1670090664.902970; 141251; 17
1670090664.927970; 141276; 17
1670090664.952970; 141301; 17
1670090664.977966; 141326; 17
1670090665.002970; 141351; 17
1670090665.027971; 141376; 18
1670090665.052971; 141401; 18
1670090665.077971; 141426; 18
1670090665.102971; 141451; 18
1670090665.127966; 141476; 18
1670090665.152970; 141501; 19
1670090665.177966; 141526; 19
1670090665.202966; 141551; 19
1670090665.227966; 141576; 19
1670090665.252970; 141601; 19
1670090665.277970; 141626; 19
1670090665.302970; 141651; 19
1670090665.327970; 141676; 19
1670090665.352970; 141701; 19
1670090665.377966; 141726; 19
1670090665.402970; 141751; 19
1670090665.427970; 141776; 19
1670090665.452970; 141801; 19
1670090665.477970; 141826; 19
1670090665.502970; 141851; 19
1670090665.527970; 141876; 19
1670090665.552970; 141901; 19
1670090665.577988; 141926; 19
1670090665.602970; 141951; 19
1670090665.627966; 141976; 19
1670090665.652970; 142001; 19
1670090665.677970; 142026; 19
1670090665.702966; 142051; 19
1670090665.727970; 142076; 19
1670090665.752970; 142101; 21
1670090665.777964; 142126; 21
1670090665.802970; 142151; 21
1670090665.827970; 142176; 21
1670090665.852970; 142201; 22
1670090665.877970; 142226; 22
1670090665.902970; 142251; 22
1670090665.927970; 142276; 22
1670090665.952974; 142301; 22
1670090665.977971; 142326; 22
1670090666.002966; 142351; 22
1670090666.027971; 142376; 22
1670090666.052967; 142401; 22
1670090666.077967; 142426; 22
1670090666.102967; 142451; 22
1670090666.127970; 142476; 22
1670090666.152970; 142501; 21
1670090666.177970; 142526; 21
1670090666.202970; 142551; 21
1670090666.227970; 142576; 21
1670090666.252970; 142601; 21
1670090666.277970; 142626; 21
1670090666.302966; 142651; 21
1670090666.327970; 142676; 21
1670090666.352970; 142701; 21
1670090666.377970; 142726; 22
1670090666.402970; 142751; 22
1670090666.427970; 142776; 22
1670090666.452970; 142801; 22
1670090666.477970; 142826; 22
1670090666.502970; 142851; 22
1670090666.527970; 142876; 22
1670090666.552970; 142901; 22
1670090666.577970; 142926; 23
1670090666.602970; 142951; 23
1670090666.627970; 142976; 23
1670090666.652970; 143001; 23
1670090666.677970; 143026; 23
1670090666.702966; 143051; 23
1670090666.727970; 143076; 23
1670090666.752970; 143101; 23
1670090666.777970; 143126; 23
1670090666.802970; 143151; 23
1670090666.827970; 143176; 23
1670090666.852970; 143201; 23
1670090666.877970; 143226; 23
1670090666.902970; 143251; 23
1670090666.927970; 143276; 23
1670090666.952970; 143301; 23
1670090666.977970; 143326; 23
1670090667.002970; 143351; 23
1670090667.027967; 143376; 23
1670090667.052967; 143401; 23
1670090667.077971; 143426; 23
1670090667.102971; 143451; 23
1670090667.127966; 143476; 23
1670090667.152970; 143501; 23
1670090667.177970; 143526; 23
1670090667.202966; 143551; 23
1670090667.227970; 143576; 23
1670090667.252970; 143601; 23
1670090667.277970; 143626; 23
1670090667.302970; 143651; 23
1670090667.327970; 143676; 23
1670090667.352970; 143701; 23
1670090667.377970; 143726; 23
1670090667.402970; 143751; 23
1670090667.427966; 143776; 23
1670090667.452970; 143801; 23
1670090667.477966; 143826; 23
1670090667.502970; 143851; 24
1670090667.527970; 143876; 24
1670090667.552970; 143901; 24
1670090667.577970; 143926; 24
1670090667.602970; 143951; 24
1670090667.627970; 143976; 24
1670090667.652970; 144001; 24
1670090667.677970; 144026; 24
1670090667.702966; 144051; 25
1670090667.727970; 144076; 25
1670090667.752970; 144101; 25
1670090667.777970; 144126; 25
1670090667.802970; 144151; 25
1670090667.827966; 144176; 25
1670090667.852970; 144201; 25
1670090667.877970; 144226; 25
1670090667.902970; 144251; 25
1670090667.927970; 144276; 25
1670090667.952970; 144301; 25
1670090667.977970; 144326; 25
1670090668.002970; 144351; 25
1670090668.027967; 144376; 25
1670090668.052971; 144401; 25
1670090668.077971; 144426; 25
1670090668.102971; 144451; 27
1670090668.127966; 144476; 27
1670090668.152970; 144501; 27
1670090668.177970; 144526; 27
1670090668.202966; 144551; 27
1670090668.227970; 144576; 27
1670090668.252970; 144601; 27
1670090668.277970; 144626; 27
1670090668.302966; 144651; 26
1670090668.327970; 144676; 26
1670090668.352970; 144701; 26
1670090668.377970; 144726; 26
1670090668.402970; 144751; 26
1670090668.427970; 144776; 26
1670090668.452970; 144801; 26
1670090668.477970; 144826; 26
1670090668.502970; 144851; 26
1670090668.527970; 144876; 26
1670090668.552970; 144901; 26
1670090668.577970; 144926; 26
1670090668.602970; 144951; 26
1670090668.627970; 144976; 26
1670090668.652966; 145001; 26
1670090668.677970; 145026; 26
1670090668.702966; 145051; 26
1670090668.727970; 145076; 25
1670090668.752970; 145101; 25
1670090668.777970; 145126; 25
1670090668.802970; 145151; 25
1670090668.827970; 145176; 25
1670090668.852966; 145201; 25
1670090668.877966; 145226; 25
1670090668.902970; 145251; 25
1670090668.927970; 145276; 23
1670090668.952970; 145301; 23
1670090668.977970; 145326; 23
1670090669.002970; 145351; 23
1670090669.027967; 145376; 22
1670090669.052967; 145401; 22
1670090669.077967; 145426; 22
1670090669.102967; 145451; 22
1670090669.127970; 145476; 22
1670090669.152970; 145501; 22
1670090669.177970; 145526; 22
1670090669.202966; 145551; 22
1670090669.227970; 145576; 23
1670090669.252978; 145601; 23
1670090669.277971; 145626; 23
1670090669.302966; 145651; 23
1670090669.327970; 145676; 22
1670090669.352970; 145701; 22
1670090669.377970; 145726; 22
1670090669.402970; 145751; 22
1670090669.427970; 145776; 16
1670090669.452970; 145801; 16
1670090669.477966; 145826; 16
1670090669.502970; 145851; 16
1670090669.527970; 145876; 15
1670090669.552970; 145901; 15
1670090669.577970; 145926; 15
1670090669.602970; 145951; 15
1670090669.627970; 145976; 14
1670090669.652970; 146001; 14
1670090669.677966; 146026; 14
1670090669.702966; 146051; 14
1670090669.727970; 146076; 14
1670090669.752970; 146101; 14
1670090669.777970; 146126; 14
1670090669.802970; 146151; 14
1670090669.827970; 146176; 14
1670090669.852970; 146201; 14
1670090669.877986; 146226; 14
1670090669.902970; 146251; 14
1670090669.927970; 146276; 14
1670090669.952970; 146301; 14
1670090669.977970; 146326; 14
1670090670.002970; 146351; 14
1670090670.027967; 146376; 14
1670090670.052967; 146401; 15
1670090670.077987; 146426; 15
1670090670.102971; 146451; 15
1670090670.127966; 146476; 15
1670090670.152970; 146501; 14
1670090670.177970; 146526; 14
1670090670.202966; 146551; 14
1670090670.227970; 146576; 14
1670090670.252970; 146601; 14
1670090670.277970; 146626; 14
1670090670.302970; 146651; 14
1670090670.327970; 146676; 14
1670090670.352970; 146701; 14
1670090670.377970; 146726; 14
1670090670.402970; 146751; 14
1670090670.427970; 146776; 14
1670090670.452970; 146801; 14
1670090670.477970; 146826; 14
1670090670.502970; 146851; 14
1670090670.527970; 146876; 14
1670090670.552970; 146901; 14
1670090670.577970; 146926; 14
1670090670.602970; 146951; 14
1670090670.627970; 146976; 14
1670090670.652970; 147001; 14
1670090670.677970; 147026; 14
1670090670.702970; 147051; 14
1670090670.727970; 147076; 14
1670090670.752970; 147101; 14
1670090670.777970; 147126; 14
1670090670.802970; 147151; 14
1670090670.827970; 147176; 14
1670090670.852970; 147201; 14
1670090670.877970; 147226; 14
1670090670.902988; 147251; 14
1670090670.927970; 147276; 14
1670090670.952970; 147301; 14
1670090670.977970; 147326; 15
1670090671.002970; 147351; 15
1670090671.027967; 147376; 15
1670090671.052967; 147401; 15
1670090671.077967; 147426; 14
1670090671.102967; 147451; 14
1670090671.127970; 147476; 14
1670090671.152975; 147501; 14
1670090671.177970; 147526; 14
1670090671.202966; 147551; 14
1670090671.227970; 147576; 14
1670090671.252970; 147601; 14
1670090671.277970; 147626; 14
1670090671.302970; 147651; 14
1670090671.327966; 147676; 14
1670090671.352970; 147701; 14
1670090671.377970; 147726; 14
1670090671.402970; 147751; 14
1670090671.427970; 147776; 14
1670090671.452970; 147801; 14
1670090671.477970; 147826; 14
1670090671.502970; 147851; 14
1670090671.527970; 147876; 14
1670090671.552970; 147901; 14
1670090671.577970; 147926; 14
1670090671.602970; 147951; 14
1670090671.627970; 147976; 14
1670090671.652970; 148001; 14
1670090671.677970; 148026; 14
1670090671.702966; 148051; 14
1670090671.727970; 148076; 14
1670090671.752970; 148101; 14
1670090671.777970; 148126; 14
1670090671.802970; 148151; 14
1670090671.827970; 148176; 14
1670090671.852970; 148201; 14
1670090671.877970; 148226; 14
1670090671.902970; 148251; 14
1670090671.927972; 148276; 14
1670090671.952966; 148301; 14
1670090671.977966; 148326; 14
1670090672.002970; 148351; 14
1670090672.027967; 148376; 14
1670090672.052967; 148401; 14
1670090672.077967; 148426; 14
1670090672.102967; 148451; 14
1670090672.127970; 148476; 14
1670090672.152966; 148501; 14
1670090672.177970; 148526; 14
1670090672.202966; 148551; 14
1670090672.227970; 148576; 14
1670090672.252970; 148601; 14
1670090672.277970; 148626; 14
1670090672.302970; 148651; 14
1670090672.327970; 148676; 14
1670090672.352970; 148701; 14
1670090672.377970; 148726; 14
1670090672.402970; 148751; 14
1670090672.427970; 148776; 14
1670090672.452970; 148801; 14
1670090672.477970; 148826; 14
1670090672.502970; 148851; 14
1670090672.527970; 148876; 14
1670090672.552978; 148901; 14
1670090672.577967; 148926; 14
1670090672.602970; 148951; 14
1670090672.627970; 148976; 14
1670090672.652970; 149001; 14
1670090672.677970; 149026; 14
1670090672.702966; 149051; 14
1670090672.727970; 149076; 14
1670090672.752970; 149101; 14
1670090672.777970; 149126; 14
1670090672.802970; 149151; 14
1670090672.827970; 149176; 14
1670090672.852970; 149201; 14
1670090672.877970; 149226; 14
1670090672.902970; 149251; 14
1670090672.927970; 149276; 14
1670090672.952970; 149301; 14
1670090672.977970; 149326; 14
1670090673.002970; 149351; 14
1670090673.027967; 149376; 14
1670090673.052967; 149401; 14
1670090673.077967; 149426; 14
1670090673.102967; 149451; 14
1670090673.127970; 149476; 14
1670090673.152970; 149501; 14
1670090673.177970; 149526; 14
1670090673.202970; 149551; 14
1670090673.227970; 149576; 14
1670090673.252970; 149601; 14
1670090673.277970; 149626; 14
1670090673.302970; 149651; 14
1670090673.327970; 149676; 14
1670090673.352970; 149701; 14
1670090673.377970; 149726; 14
1670090673.402970; 149751; 14
1670090673.427970; 149776; 14
1670090673.452970; 149801; 14
1670090673.477970; 149826; 14
1670090673.502970; 149851; 14
1670090673.527970; 149876; 14
1670090673.552970; 149901; 14
1670090673.577966; 149926; 14
1670090673.602970; 149951; 14
1670090673.627970; 149976; 14
1670090673.652970; 150001; 14
1670090673.677970; 150026; 14
1670090673.702966; 150051; 14
1670090673.727970; 150076; 14
1670090673.752970; 150101; 14
1670090673.777970; 150126; 14
1670090673.802970; 150151; 14
1670090673.827970; 150176; 14
1670090673.852970; 150201; 14
1670090673.877970; 150226; 14
1670090673.902970; 150251; 14
1670090673.927970; 150276; 14
1670090673.952970; 150301; 14
1670090673.977970; 150326; 14
1670090674.002970; 150351; 14
1670090674.027967; 150376; 14
1670090674.052967; 150401; 14
1670090674.077967; 150426; 14
1670090674.102967; 150451; 14
1670090674.127970; 150476; 14
1670090674.152970; 150501; 14
1670090674.177970; 150526; 14
1670090674.202966; 150551; 14
1670090674.227970; 150576; 14
1670090674.252970; 150601; 14
1670090674.277970; 150626; 14
1670090674.302970; 150651; 14
1670090674.327970; 150676; 14
1670090674.352970; 150701; 14
1670090674.377970; 150726; 14
1670090674.402966; 150751; 14
1670090674.427970; 150776; 14
1670090674.452970; 150801; 14
1670090674.477970; 150826; 14
1670090674.502970; 150851; 14
1670090674.527970; 150876; 14
1670090674.552970; 150901; 14
1670090674.577970; 150926; 14
1670090674.602966; 150951; 14
1670090674.627970; 150976; 14
1670090674.652970; 151001; 14
1670090674.677970; 151026; 14
1670090674.702966; 151051; 14
1670090674.727970; 151076; 14
1670090674.752970; 151101; 14
1670090674.777970; 151126; 14
1670090674.802970; 151151; 14
1670090674.827970; 151176; 14
1670090674.852970; 151201; 14
1670090674.877970; 151226; 14
1670090674.902970; 151251; 14
1670090674.927970; 151276; 14
1670090674.952970; 151301; 14
1670090674.977970; 151326; 14
1670090675.002970; 151351; 14
1670090675.027967; 151376; 14
1670090675.052967; 151401; 14
1670090675.077967; 151426; 14
1670090675.102967; 151451; 14
1670090675.127970; 151476; 14
1670090675.152970; 151501; 14
1670090675.177970; 151526; 14
1670090675.202986; 151551; 14
1670090675.227970; 151576; 14
1670090675.252970; 151601; 14
1670090675.277970; 151626; 14
1670090675.302970; 151651; 14
1670090675.327970; 151676; 14
1670090675.352970; 151701; 14
1670090675.377970; 151726; 14
1670090675.402985; 151751; 14
1670090675.427966; 151776; 14
1670090675.452970; 151801; 14
1670090675.477970; 151826; 14
1670090675.502970; 151851; 14
1670090675.527970; 151876; 14
1670090675.552970; 151901; 14
1670090675.577970; 151926; 14
1670090675.602970; 151951; 14
1670090675.627966; 151976; 14
1670090675.652970; 152001; 14
1670090675.677966; 152026; 14
1670090675.702966; 152051; 14
1670090675.727970; 152076; 14
1670090675.752970; 152101; 14
1670090675.777970; 152126; 14
1670090675.802970; 152151; 14
1670090675.827966; 152176; 14
1670090675.852970; 152201; 14
1670090675.877974; 152226; 14
1670090675.902971; 152251; 14
1670090675.927966; 152276; 14
1670090675.952970; 152301; 14
1670090675.977970; 152326; 14
1670090676.002970; 152351; 14
1670090676.027971; 152376; 14
1670090676.052971; 152401; 14
1670090676.077967; 152426; 14
1670090676.102967; 152451; 14
1670090676.127970; 152476; 14
1670090676.152970; 152501; 14
1670090676.177970; 152526; 14
1670090676.202966; 152551; 14
1670090676.227982; 152576; 14
1670090676.252966; 152601; 14
1670090676.277970; 152626; 14
1670090676.302970; 152651; 14
1670090676.327970; 152676; 14
1670090676.352970; 152701; 14
1670090676.377970; 152726; 14
1670090676.402970; 152751; 14
1670090676.427971; 152776; 14
1670090676.452970; 152801; 14
1670090676.477972; 152826; 14
1670090676.502966; 152851; 14
1670090676.527970; 152876; 14
1670090676.552970; 152901; 14
1670090676.577970; 152926; 14
1670090676.602970; 152951; 14
1670090676.627970; 152976; 14
1670090676.652966; 153001; 14
1670090676.677970; 153026; 14
1670090676.702966; 153051; 14
1670090676.727970; 153076; 14
1670090676.752970; 153101; 14
1670090676.777970; 153126; 14
1670090676.802970; 153151; 14
1670090676.827970; 153176; 14
1670090676.852966; 153201; 14
1670090676.877970; 153226; 14
1670090676.902966; 153251; 14
1670090676.927970; 153276; 14
1670090676.952970; 153301; 14
1670090676.977970; 153326; 14
1670090677.002970; 153351; 14
1670090677.027967; 153376; 14
1670090677.052971; 153401; 14
1670090677.077971; 153426; 14
1670090677.102971; 153451; 14
1670090677.127966; 153476; 14
1670090677.152970; 153501; 14
1670090677.177970; 153526; 14
1670090677.202966; 153551; 14
1670090677.227970; 153576; 14
1670090677.252982; 153601; 14
1670090677.277966; 153626; 14
1670090677.303014; 153651; 14
1670090677.327970; 153676; 14
1670090677.352970; 153701; 14
1670090677.377970; 153726; 14
1670090677.402966; 153751; 14
1670090677.427970; 153776; 14
1670090677.452970; 153801; 14
1670090677.477966; 153826; 14
1670090677.502970; 153851; 14
1670090677.527970; 153876; 14
1670090677.552970; 153901; 14
1670090677.577970; 153926; 14
1670090677.602970; 153951; 14
1670090677.627970; 153976; 14
1670090677.652970; 154001; 14
1670090677.677966; 154026; 14
1670090677.702966; 154051; 14
1670090677.727966; 154076; 14
1670090677.752966; 154101; 14
1670090677.777966; 154126; 14
1670090677.802970; 154151; 14
1670090677.827970; 154176; 14
1670090677.852970; 154201; 14
1670090677.877966; 154226; 14
1670090677.902970; 154251; 14
1670090677.927970; 154276; 14
1670090677.952970; 154301; 14
1670090677.977966; 154326; 14
1670090678.002970; 154351; 14
1670090678.027967; 154376; 14
1670090678.052967; 154401; 14
1670090678.077967; 154426; 14
1670090678.102967; 154451; 14
1670090678.127970; 154476; 14
1670090678.152970; 154501; 14
1670090678.177970; 154526; 14
1670090678.202966; 154551; 14
1670090678.227970; 154576; 14
1670090678.252970; 154601; 14
1670090678.277970; 154626; 14
1670090678.302970; 154651; 14
1670090678.327970; 154676; 14
1670090678.352970; 154701; 14
1670090678.377970; 154726; 14
1670090678.402970; 154751; 14
1670090678.427970; 154776; 14
1670090678.452970; 154801; 14
1670090678.477966; 154826; 14
1670090678.502970; 154851; 14
1670090678.527970; 154876; 14
1670090678.552970; 154901; 14
1670090678.577970; 154926; 14
1670090678.602970; 154951; 14
1670090678.627970; 154976; 14
1670090678.652970; 155001; 14
1670090678.677970; 155026; 14
1670090678.702966; 155051; 14
1670090678.727970; 155076; 14
1670090678.752970; 155101; 14
1670090678.777970; 155126; 14
1670090678.802970; 155151; 14
1670090678.827970; 155176; 14
1670090678.852970; 155201; 14
1670090678.877970; 155226; 14
1670090678.902970; 155251; 14
1670090678.927970; 155276; 14
1670090678.952970; 155301; 14
1670090678.977970; 155326; 14
1670090679.002970; 155351; 14
1670090679.027971; 155376; 14
1670090679.052971; 155401; 14
1670090679.077971; 155426; 14
1670090679.102967; 155451; 14
1670090679.127970; 155476; 14
1670090679.152970; 155501; 14
1670090679.177978; 155526; 14
1670090679.202968; 155551; 14
1670090679.227970; 155576; 14
1670090679.252970; 155601; 14
1670090679.277970; 155626; 14
1670090679.302970; 155651; 14
1670090679.327970; 155676; 14
1670090679.352970; 155701; 14
1670090679.377970; 155726; 14
1670090679.402970; 155751; 14
1670090679.427970; 155776; 14
1670090679.452970; 155801; 14
1670090679.477970; 155826; 14
1670090679.502970; 155851; 14
1670090679.527970; 155876; 14
1670090679.552970; 155901; 14
1670090679.577970; 155926; 14
1670090679.602970; 155951; 14
1670090679.627970; 155976; 14
1670090679.652970; 156001; 14
1670090679.677970; 156026; 14
1670090679.702966; 156051; 14
1670090679.727970; 156076; 14
1670090679.752970; 156101; 14
1670090679.777970; 156126; 14
1670090679.802970; 156151; 14
1670090679.827970; 156176; 14
1670090679.852970; 156201; 14
1670090679.877970; 156226; 14
1670090679.902970; 156251; 14
1670090679.927970; 156276; 14
1670090679.952970; 156301; 14
1670090679.977970; 156326; 14
1670090680.002970; 156351; 14
1670090680.027967; 156376; 14
1670090680.052967; 156401; 14
1670090680.077967; 156426; 14
1670090680.102967; 156451; 14
1670090680.127970; 156476; 14
1670090680.152970; 156501; 14
1670090680.177970; 156526; 14
1670090680.202970; 156551; 14
1670090680.227966; 156576; 14
1670090680.252970; 156601; 14
1670090680.277970; 156626; 14
1670090680.302970; 156651; 14
1670090680.327966; 156676; 14
1670090680.352970; 156701; 14
1670090680.377970; 156726; 14
1670090680.402970; 156751; 14
1670090680.427970; 156776; 14
1670090680.452970; 156801; 14
1670090680.477970; 156826; 14
1670090680.502970; 156851; 14
1670090680.527966; 156876; 14
1670090680.552966; 156901; 14
1670090680.577970; 156926; 14
1670090680.602970; 156951; 14
1670090680.627970; 156976; 14
1670090680.652970; 157001; 14
1670090680.677969; 157026; 14
1670090680.702966; 157051; 14
1670090680.727984; 157076; 14
1670090680.752966; 157101; 14
1670090680.777970; 157126; 14
1670090680.802970; 157151; 14
1670090680.827970; 157176; 14
1670090680.852970; 157201; 14
1670090680.877970; 157226; 14
1670090680.902970; 157251; 14
1670090680.927970; 157276; 14
1670090680.952966; 157301; 14
1670090680.977970; 157326; 14
1670090681.002970; 157351; 14
1670090681.027967; 157376; 14
1670090681.052967; 157401; 14
1670090681.077967; 157426; 14
1670090681.102967; 157451; 14
1670090681.127970; 157476; 14
1670090681.152970; 157501; 14
1670090681.177970; 157526; 14
1670090681.202966; 157551; 14
1670090681.227970; 157576; 14
1670090681.252970; 157601; 14
1670090681.277970; 157626; 14
1670090681.302970; 157651; 14
1670090681.327970; 157676; 14
1670090681.352970; 157701; 14
1670090681.377970; 157726; 14
1670090681.402970; 157751; 14
1670090681.427970; 157776; 14
1670090681.452970; 157801; 14
1670090681.477970; 157826; 14
1670090681.502970; 157851; 14
1670090681.527970; 157876; 14
1670090681.552966; 157901; 14
1670090681.577970; 157926; 14
1670090681.602970; 157951; 14
1670090681.627970; 157976; 14
1670090681.652970; 158001; 14
1670090681.677970; 158026; 14
1670090681.702967; 158051; 14
1670090681.727970; 158076; 14
1670090681.752971; 158101; 14
1670090681.777966; 158126; 14
1670090681.802970; 158151; 14
1670090681.827970; 158176; 14
1670090681.852970; 158201; 14
1670090681.877970; 158226; 14
1670090681.902970; 158251; 14
1670090681.927970; 158276; 14
1670090681.952970; 158301; 14
1670090681.977970; 158326; 14
1670090682.002970; 158351; 14
1670090682.027971; 158376; 14
1670090682.052971; 158401; 14
1670090682.077971; 158426; 14
1670090682.102971; 158451; 14
1670090682.127966; 158476; 14
1670090682.152970; 158501; 14
1670090682.177970; 158526; 14
1670090682.202966; 158551; 14
1670090682.227966; 158576; 14
1670090682.252970; 158601; 14
1670090682.277970; 158626; 14
1670090682.302970; 158651; 14
1670090682.327970; 158676; 14
1670090682.352970; 158701; 14
1670090682.377970; 158726; 14
1670090682.402970; 158751; 14
1670090682.427970; 158776; 14
1670090682.452970; 158801; 14
1670090682.477978; 158826; 14
1670090682.502967; 158851; 14
1670090682.527970; 158876; 14
1670090682.552970; 158901; 14
1670090682.577970; 158926; 14
1670090682.602970; 158951; 14
1670090682.627970; 158976; 14
1670090682.652970; 159001; 14
1670090682.677970; 159026; 14
1670090682.702966; 159051; 14
1670090682.727966; 159076; 14
1670090682.752970; 159101; 14
1670090682.777970; 159126; 14
1670090682.802970; 159151; 14
1670090682.827970; 159176; 14
1670090682.852970; 159201; 14
1670090682.877970; 159226; 14
1670090682.902970; 159251; 14
1670090682.927970; 159276; 14
1670090682.952970; 159301; 14
1670090682.977970; 159326; 14
1670090683.002970; 159351; 14
1670090683.027971; 159376; 14
1670090683.052971; 159401; 14
1670090683.077971; 159426; 14
1670090683.102971; 159451; 14
1670090683.127966; 159476; 14
1670090683.152970; 159501; 14
1670090683.177970; 159526; 14
1670090683.202970; 159551; 14
1670090683.227970; 159576; 14
1670090683.252966; 159601; 14
1670090683.277970; 159626; 14
1670090683.302970; 159651; 14
1670090683.327970; 159676; 14
1670090683.352970; 159701; 14
1670090683.377970; 159726; 14
1670090683.402966; 159751; 14
1670090683.427970; 159776; 14
1670090683.452970; 159801; 14
1670090683.477970; 159826; 14
1670090683.502970; 159851; 14
1670090683.527970; 159876; 14
1670090683.552970; 159901; 14
1670090683.577970; 159926; 14
1670090683.602966; 159951; 14
1670090683.627970; 159976; 14
1670090683.652966; 160001; 14
1670090683.677970; 160026; 14
1670090683.702966; 160051; 14
1670090683.727970; 160076; 14
1670090683.752970; 160101; 14
1670090683.777970; 160126; 14
1670090683.802970; 160151; 14
1670090683.827970; 160176; 14
1670090683.852970; 160201; 14
1670090683.877970; 160226; 14
1670090683.902984; 160251; 14
1670090683.927966; 160276; 14
1670090683.952970; 160301; 14
1670090683.977970; 160326; 14
1670090684.002970; 160351; 14
1670090684.027967; 160376; 14
1670090684.052967; 160401; 14
1670090684.077967; 160426; 14
1670090684.102967; 160451; 14
1670090684.127970; 160476; 14
1670090684.152970; 160501; 14
1670090684.177970; 160526; 14
1670090684.202966; 160551; 14
1670090684.227970; 160576; 14
1670090684.252970; 160601; 14
1670090684.277970; 160626; 14
1670090684.302970; 160651; 14
1670090684.327970; 160676; 14
1670090684.352970; 160701; 14
1670090684.377970; 160726; 14
1670090684.402970; 160751; 14
1670090684.427970; 160776; 14
1670090684.452970; 160801; 14
1670090684.477970; 160826; 14
1670090684.502970; 160851; 14
1670090684.527970; 160876; 14
1670090684.552970; 160901; 14
1670090684.577970; 160926; 14
1670090684.602970; 160951; 14
1670090684.627970; 160976; 14
1670090684.652970; 161001; 14
1670090684.677970; 161026; 14
1670090684.702970; 161051; 14
1670090684.727970; 161076; 14
1670090684.752970; 161101; 14
1670090684.777970; 161126; 14
1670090684.802970; 161151; 14
1670090684.827970; 161176; 14
1670090684.852970; 161201; 14
1670090684.877970; 161226; 14
1670090684.902970; 161251; 14
1670090684.927973; 161276; 14
1670090684.952966; 161301; 14
1670090684.977970; 161326; 14
1670090685.002970; 161351; 14
1670090685.027967; 161376; 14
1670090685.052967; 161401; 14
1670090685.077967; 161426; 14
1670090685.102967; 161451; 14
1670090685.127970; 161476; 14
1670090685.152966; 161501; 14
1670090685.177970; 161526; 14
1670090685.202970; 161551; 14
1670090685.227970; 161576; 14
1670090685.252966; 161601; 14
1670090685.277970; 161626; 14
1670090685.302970; 161651; 14
1670090685.327970; 161676; 14
1670090685.352970; 161701; 14
1670090685.377970; 161726; 14
1670090685.402970; 161751; 14
1670090685.427970; 161776; 14
1670090685.452966; 161801; 14
1670090685.477970; 161826; 14
1670090685.502966; 161851; 14
1670090685.527970; 161876; 14
1670090685.552970; 161901; 14
1670090685.577970; 161926; 15
1670090685.602970; 161951; 15
1670090685.627970; 161976; 15
1670090685.652970; 162001; 15
1670090685.677970; 162026; 15
1670090685.702970; 162051; 15
1670090685.727970; 162076; 15
1670090685.752970; 162101; 15
1670090685.777974; 162126; 14
1670090685.802971; 162151; 14
1670090685.827966; 162176; 14
1670090685.852970; 162201; 14
1670090685.877970; 162226; 14
1670090685.902970; 162251; 14
1670090685.927970; 162276; 14
1670090685.952970; 162301; 14
1670090685.977970; 162326; 15
1670090686.002971; 162351; 15
1670090686.027971; 162376; 15
1670090686.052991; 162401; 15
1670090686.077971; 162426; 15
1670090686.102971; 162451; 15
1670090686.127966; 162476; 15
1670090686.152970; 162501; 15
1670090686.177970; 162526; 15
1670090686.202966; 162551; 15
1670090686.227970; 162576; 15
1670090686.252970; 162601; 15
1670090686.277970; 162626; 15
1670090686.302970; 162651; 15
1670090686.327970; 162676; 15
1670090686.352970; 162701; 15
1670090686.377970; 162726; 15
1670090686.402970; 162751; 15
1670090686.427970; 162776; 15
1670090686.452970; 162801; 15
1670090686.477970; 162826; 15
1670090686.502970; 162851; 15
1670090686.527970; 162876; 15
1670090686.552970; 162901; 15
1670090686.577970; 162926; 15
1670090686.602970; 162951; 15
1670090686.627970; 162976; 15
1670090686.652970; 163001; 15
1670090686.677970; 163026; 15
1670090686.702970; 163051; 15
1670090686.727970; 163076; 15
1670090686.752970; 163101; 15
1670090686.777966; 163126; 15
1670090686.802970; 163151; 15
1670090686.827970; 163176; 15
1670090686.852970; 163201; 15
1670090686.877966; 163226; 15
1670090686.902970; 163251; 16
1670090686.927970; 163276; 16
1670090686.952970; 163301; 16
1670090686.977970; 163326; 16
1670090687.002970; 163351; 16
1670090687.027971; 163376; 16
1670090687.052971; 163401; 16
1670090687.077971; 163426; 16
1670090687.102971; 163451; 16
1670090687.127977; 163476; 16
1670090687.152970; 163501; 16
1670090687.177970; 163526; 16
1670090687.202966; 163551; 16
1670090687.227970; 163576; 16
1670090687.252970; 163601; 16
1670090687.277970; 163626; 16
1670090687.302970; 163651; 16
1670090687.327970; 163676; 16
1670090687.352970; 163701; 16
1670090687.377970; 163726; 16
1670090687.402970; 163751; 16
1670090687.427970; 163776; 17
1670090687.452970; 163801; 17
1670090687.477970; 163826; 17
1670090687.502970; 163851; 17
1670090687.527970; 163876; 17
1670090687.552970; 163901; 17
1670090687.577970; 163926; 17
1670090687.602970; 163951; 17
1670090687.627970; 163976; 17
1670090687.652970; 164001; 17
1670090687.677970; 164026; 17
1670090687.702970; 164051; 17
1670090687.727970; 164076; 17
1670090687.752970; 164101; 17
1670090687.777970; 164126; 17
1670090687.802970; 164151; 17
1670090687.827970; 164176; 18
1670090687.852970; 164201; 18
1670090687.877970; 164226; 18
1670090687.902970; 164251; 18
1670090687.927970; 164276; 18
1670090687.952970; 164301; 18
1670090687.977970; 164326; 18
1670090688.002970; 164351; 18
1670090688.027971; 164376; 20
1670090688.052971; 164401; 20
1670090688.077971; 164426; 20
1670090688.102971; 164451; 20
1670090688.127966; 164476; 20
1670090688.152971; 164501; 20
1670090688.177966; 164526; 20
1670090688.202966; 164551; 20
1670090688.227970; 164576; 20
1670090688.252970; 164601; 20
1670090688.277970; 164626; 20
1670090688.302970; 164651; 20
1670090688.327970; 164676; 20
1670090688.352970; 164701; 20
1670090688.377970; 164726; 20
1670090688.402970; 164751; 20
1670090688.427966; 164776; 20
1670090688.452970; 164801; 21
1670090688.477970; 164826; 21
1670090688.502970; 164851; 21
1670090688.527966; 164876; 21
1670090688.552970; 164901; 22
1670090688.577970; 164926; 22
1670090688.602970; 164951; 22
1670090688.627970; 164976; 22
1670090688.652970; 165001; 23
1670090688.677966; 165026; 23
1670090688.702966; 165051; 23
1670090688.727970; 165076; 23
1670090688.752970; 165101; 22
1670090688.777970; 165126; 22
1670090688.802970; 165151; 22
1670090688.827970; 165176; 22
1670090688.852970; 165201; 24
1670090688.877970; 165226; 24
1670090688.902970; 165251; 24
1670090688.927970; 165276; 24
1670090688.952970; 165301; 21
1670090688.977970; 165326; 21
1670090689.002970; 165351; 21
1670090689.027971; 165376; 21
1670090689.052971; 165401; 21
1670090689.077980; 165426; 21
1670090689.102972; 165451; 21
1670090689.127966; 165476; 21
1670090689.152970; 165501; 23
1670090689.177972; 165526; 23
1670090689.202990; 165551; 23
1670090689.227970; 165576; 23
1670090689.252970; 165601; 23
1670090689.277970; 165626; 23
1670090689.302970; 165651; 23
1670090689.327970; 165676; 23
1670090689.352966; 165701; 23
1670090689.377970; 165726; 23
1670090689.402970; 165751; 23
1670090689.427970; 165776; 23
1670090689.452970; 165801; 22
1670090689.477970; 165826; 22
1670090689.502970; 165851; 22
1670090689.527966; 165876; 22
1670090689.552970; 165901; 22
1670090689.577970; 165926; 22
1670090689.602970; 165951; 22
1670090689.627970; 165976; 22
1670090689.652970; 166001; 22
1670090689.677970; 166026; 22
1670090689.702970; 166051; 22
1670090689.727970; 166076; 22
1670090689.752966; 166101; 22
1670090689.777970; 166126; 23
1670090689.802970; 166151; 23
1670090689.827970; 166176; 23
1670090689.852966; 166201; 23
1670090689.877970; 166226; 22
1670090689.902970; 166251; 22
1670090689.927970; 166276; 22
1670090689.952966; 166301; 22
1670090689.977970; 166326; 22
1670090690.002970; 166351; 22
1670090690.027971; 166376; 22
1670090690.052971; 166401; 22
1670090690.077971; 166426; 22
1670090690.102971; 166451; 22
1670090690.127966; 166476; 22
1670090690.152970; 166501; 22
1670090690.177970; 166526; 24
1670090690.202966; 166551; 24
1670090690.227970; 166576; 24
1670090690.252970; 166601; 24
1670090690.277970; 166626; 26
1670090690.302970; 166651; 26
1670090690.327970; 166676; 26
1670090690.352970; 166701; 26
1670090690.377970; 166726; 25
1670090690.402970; 166751; 25
1670090690.427970; 166776; 25
1670090690.452970; 166801; 25
1670090690.477970; 166826; 24
1670090690.502970; 166851; 24
1670090690.527970; 166876; 24
1670090690.552970; 166901; 24
1670090690.577970; 166926; 24
1670090690.602970; 166951; 24
1670090690.627970; 166976; 24
1670090690.652970; 167001; 24
1670090690.677970; 167026; 24
1670090690.702966; 167051; 24
1670090690.727970; 167076; 24
1670090690.752970; 167101; 24
1670090690.777970; 167126; 24
1670090690.802970; 167151; 24
1670090690.827970; 167176; 24
1670090690.852970; 167201; 24
1670090690.877970; 167226; 24
1670090690.902970; 167251; 25
1670090690.927970; 167276; 25
1670090690.952970; 167301; 25
1670090690.977970; 167326; 25
1670090691.002970; 167351; 23
1670090691.027971; 167376; 23
1670090691.052971; 167401; 23
1670090691.077971; 167426; 23
1670090691.102967; 167451; 22
1670090691.127966; 167476; 22
1670090691.152970; 167501; 22
1670090691.177970; 167526; 22
1670090691.202966; 167551; 22
1670090691.227970; 167576; 22
1670090691.252970; 167601; 22
1670090691.277970; 167626; 22
1670090691.302970; 167651; 23
1670090691.327970; 167676; 23
1670090691.352970; 167701; 23
1670090691.377965; 167726; 23
1670090691.402966; 167751; 22
1670090691.427970; 167776; 22
1670090691.452970; 167801; 22
1670090691.477970; 167826; 22
1670090691.502970; 167851; 22
1670090691.527970; 167876; 22
1670090691.552970; 167901; 22
1670090691.577970; 167926; 22
1670090691.602966; 167951; 23
1670090691.627970; 167976; 23
1670090691.652970; 168001; 23
1670090691.677970; 168026; 23
1670090691.702966; 168051; 23
1670090691.727970; 168076; 23
1670090691.752970; 168101; 23
1670090691.777970; 168126; 23
1670090691.802966; 168151; 23
1670090691.827970; 168176; 23
1670090691.852970; 168201; 23
1670090691.877970; 168226; 23
1670090691.902970; 168251; 23
1670090691.927970; 168276; 24
1670090691.952970; 168301; 24
1670090691.977970; 168326; 24
1670090692.002970; 168351; 24
1670090692.027967; 168376; 24
1670090692.052967; 168401; 24
1670090692.077967; 168426; 24
1670090692.102967; 168451; 24
1670090692.127970; 168476; 25
1670090692.152970; 168501; 25
1670090692.177970; 168526; 25
1670090692.202966; 168551; 25
1670090692.227970; 168576; 26
1670090692.252970; 168601; 26
1670090692.277970; 168626; 26
1670090692.302971; 168651; 26
1670090692.327970; 168676; 27
1670090692.352970; 168701; 27
1670090692.377974; 168726; 27
1670090692.402968; 168751; 27
1670090692.427970; 168776; 28
1670090692.452970; 168801; 28
1670090692.477970; 168826; 28
1670090692.502970; 168851; 28
1670090692.527970; 168876; 30
1670090692.552970; 168901; 30
1670090692.577970; 168926; 30
1670090692.602970; 168951; 30
1670090692.627970; 168976; 32
1670090692.652970; 169001; 32
1670090692.677970; 169026; 32
1670090692.702970; 169051; 32
1670090692.727970; 169076; 37
1670090692.752970; 169101; 37
1670090692.777970; 169126; 37
1670090692.802970; 169151; 37
1670090692.827970; 169176; 33
1670090692.852970; 169201; 33
1670090692.877970; 169226; 33
1670090692.902970; 169251; 33
1670090692.927970; 169276; 25
1670090692.952970; 169301; 25
1670090692.977970; 169326; 25
1670090693.002970; 169351; 25
1670090693.027971; 169376; 24
1670090693.052971; 169401; 24
1670090693.077967; 169426; 24
1670090693.102967; 169451; 24
1670090693.127970; 169476; 24
1670090693.152970; 169501; 24
1670090693.177970; 169526; 24
1670090693.202970; 169551; 24
1670090693.227970; 169576; 24
1670090693.252970; 169601; 23
1670090693.277970; 169626; 23
1670090693.302970; 169651; 23
1670090693.327970; 169676; 23
1670090693.352970; 169701; 23
1670090693.377970; 169726; 23
1670090693.402970; 169751; 23
1670090693.427966; 169776; 23
1670090693.452970; 169801; 24
1670090693.477970; 169826; 24
1670090693.502970; 169851; 24
1670090693.527970; 169876; 24
1670090693.552970; 169901; 25
1670090693.577970; 169926; 25
1670090693.602970; 169951; 25
1670090693.627970; 169976; 25
1670090693.652966; 170001; 25
1670090693.677970; 170026; 25
1670090693.702970; 170051; 25
1670090693.727970; 170076; 25
1670090693.752970; 170101; 24
1670090693.777970; 170126; 24
1670090693.802970; 170151; 24
1670090693.827970; 170176; 24
1670090693.852966; 170201; 24
1670090693.877970; 170226; 24
1670090693.902970; 170251; 24
1670090693.927970; 170276; 24
1670090693.952970; 170301; 23
1670090693.977970; 170326; 23
1670090694.002970; 170351; 23
1670090694.027971; 170376; 23
1670090694.052971; 170401; 23
1670090694.077971; 170426; 23
1670090694.102967; 170451; 23
1670090694.127970; 170476; 23
1670090694.152970; 170501; 23
1670090694.177970; 170526; 23
1670090694.202966; 170551; 23
1670090694.227970; 170576; 23
1670090694.252966; 170601; 23
1670090694.277970; 170626; 24
1670090694.302970; 170651; 24
1670090694.327970; 170676; 24
1670090694.352966; 170701; 24
1670090694.377970; 170726; 24
1670090694.402970; 170751; 24
1670090694.427970; 170776; 24
1670090694.452970; 170801; 24
1670090694.477970; 170826; 25
1670090694.502970; 170851; 25
1670090694.527970; 170876; 25
1670090694.552970; 170901; 25
1670090694.577970; 170926; 24
1670090694.602970; 170951; 24
1670090694.627970; 170976; 24
1670090694.652970; 171001; 24
1670090694.677970; 171026; 25
1670090694.702966; 171051; 25
1670090694.727970; 171076; 25
1670090694.752970; 171101; 25
1670090694.777970; 171126; 25
1670090694.802970; 171151; 25
1670090694.827970; 171176; 25
1670090694.852970; 171201; 25
1670090694.877970; 171226; 26
1670090694.902970; 171251; 26
1670090694.927966; 171276; 26
1670090694.952970; 171301; 26
1670090694.977970; 171326; 27
1670090695.002970; 171351; 27
1670090695.027971; 171376; 27
1670090695.052971; 171401; 27
1670090695.077971; 171426; 28
1670090695.102971; 171451; 28
1670090695.127966; 171476; 28
1670090695.152970; 171501; 28
1670090695.177970; 171526; 30
1670090695.202970; 171551; 30
1670090695.227970; 171576; 30
1670090695.252970; 171601; 30
1670090695.277966; 171626; 30
1670090695.302970; 171651; 30
1670090695.327970; 171676; 30
1670090695.352970; 171701; 30
1670090695.377970; 171726; 31
1670090695.402970; 171751; 31
1670090695.427970; 171776; 31
1670090695.452970; 171801; 31
1670090695.477966; 171826; 31
1670090695.502970; 171851; 35
1670090695.527970; 171876; 35
1670090695.552970; 171901; 35
1670090695.577970; 171926; 35
1670090695.602970; 171951; 37
1670090695.627970; 171976; 37
1670090695.652970; 172001; 37
1670090695.677979; 172026; 37
1670090695.702971; 172051; 42
1670090695.727966; 172076; 42
1670090695.752970; 172101; 42
1670090695.777970; 172126; 42
1670090695.802966; 172151; 31
1670090695.827970; 172176; 31
1670090695.852970; 172201; 31
1670090695.877970; 172226; 31
1670090695.902970; 172251; 18
1670090695.927970; 172276; 18
1670090695.952966; 172301; 18
1670090695.977970; 172326; 18
1670090696.002970; 172351; 18
1670090696.027971; 172376; 18
1670090696.052971; 172401; 18
1670090696.077971; 172426; 18
1670090696.102971; 172451; 18
1670090696.127966; 172476; 18
1670090696.152970; 172501; 18
1670090696.177970; 172526; 18
1670090696.202970; 172551; 17
1670090696.227970; 172576; 17
1670090696.252970; 172601; 17
1670090696.277970; 172626; 17
1670090696.302970; 172651; 17
1670090696.327970; 172676; 17
1670090696.352970; 172701; 17
1670090696.377970; 172726; 17
1670090696.402970; 172751; 18
1670090696.427970; 172776; 18
1670090696.452970; 172801; 18
1670090696.477970; 172826; 18
1670090696.502966; 172851; 19
1670090696.527970; 172876; 19
1670090696.552970; 172901; 19
1670090696.577970; 172926; 19
1670090696.602970; 172951; 19
1670090696.627970; 172976; 19
1670090696.652970; 173001; 19
1670090696.677970; 173026; 19
1670090696.702971; 173051; 19
1670090696.727966; 173076; 19
1670090696.752970; 173101; 19
1670090696.777970; 173126; 19
1670090696.802970; 173151; 19
1670090696.827970; 173176; 18
1670090696.852970; 173201; 18
1670090696.877970; 173226; 18
1670090696.902970; 173251; 18
1670090696.927970; 173276; 18
1670090696.952970; 173301; 18
1670090696.977970; 173326; 18
1670090697.002970; 173351; 18
1670090697.027971; 173376; 18
1670090697.052971; 173401; 18
1670090697.077971; 173426; 18
1670090697.102971; 173451; 18
1670090697.127966; 173476; 18
1670090697.152970; 173501; 18
1670090697.177970; 173526; 18
1670090697.202966; 173551; 18
1670090697.227970; 173576; 19
1670090697.252970; 173601; 19
1670090697.277970; 173626; 19
1670090697.302970; 173651; 19
1670090697.327966; 173676; 20
1670090697.352970; 173701; 20
1670090697.377970; 173726; 20
1670090697.402970; 173751; 20
1670090697.427970; 173776; 20
1670090697.452970; 173801; 20
1670090697.477970; 173826; 20
1670090697.502970; 173851; 20
1670090697.527973; 173876; 21
1670090697.552966; 173901; 21
1670090697.577970; 173926; 21
1670090697.602970; 173951; 21
1670090697.627970; 173976; 19
1670090697.652970; 174001; 19
1670090697.677970; 174026; 19
1670090697.702966; 174051; 19
1670090697.727962; 174076; 19
1670090697.752970; 174101; 20
1670090697.777970; 174126; 20
1670090697.802970; 174151; 20
1670090697.827970; 174176; 20
1670090697.852970; 174201; 20
1670090697.877970; 174226; 20
1670090697.902970; 174251; 20
1670090697.927970; 174276; 20
1670090697.952970; 174301; 20
1670090697.977970; 174326; 20
1670090698.002970; 174351; 20
1670090698.027971; 174376; 20
1670090698.052971; 174401; 21
1670090698.077971; 174426; 21
1670090698.102971; 174451; 21
1670090698.127966; 174476; 21
1670090698.152970; 174501; 20
1670090698.177970; 174526; 20
1670090698.202970; 174551; 20
1670090698.227970; 174576; 20
1670090698.252966; 174601; 22
1670090698.277970; 174626; 22
1670090698.302970; 174651; 22
1670090698.327970; 174676; 22
1670090698.352970; 174701; 22
1670090698.377970; 174726; 22
1670090698.402970; 174751; 22
1670090698.427970; 174776; 22
1670090698.452970; 174801; 20
1670090698.477970; 174826; 20
1670090698.502970; 174851; 20
1670090698.527970; 174876; 20
1670090698.552970; 174901; 20
1670090698.577970; 174926; 20
1670090698.602970; 174951; 20
1670090698.627970; 174976; 20
1670090698.652970; 175001; 19
1670090698.677970; 175026; 19
1670090698.702970; 175051; 19
1670090698.727966; 175076; 19
1670090698.752967; 175101; 18
1670090698.777970; 175126; 18
1670090698.802970; 175151; 18
1670090698.827970; 175176; 18
1670090698.852970; 175201; 18
1670090698.877970; 175226; 18
1670090698.902970; 175251; 18
1670090698.927970; 175276; 18
1670090698.952970; 175301; 18
1670090698.977974; 175326; 18
1670090699.002971; 175351; 18
1670090699.027971; 175376; 18
1670090699.052971; 175401; 18
1670090699.077971; 175426; 19
1670090699.102971; 175451; 19
1670090699.127966; 175476; 19
1670090699.152970; 175501; 19
1670090699.177970; 175526; 20
1670090699.202970; 175551; 20
1670090699.227970; 175576; 20
1670090699.252970; 175601; 20
1670090699.277970; 175626; 21
1670090699.302970; 175651; 21
1670090699.327970; 175676; 21
1670090699.352970; 175701; 21
1670090699.377970; 175726; 21
1670090699.402970; 175751; 21
1670090699.427970; 175776; 21
1670090699.452970; 175801; 21
1670090699.477970; 175826; 21
1670090699.502970; 175851; 21
1670090699.527970; 175876; 21
1670090699.552970; 175901; 21
1670090699.577970; 175926; 21
1670090699.602970; 175951; 21
1670090699.627970; 175976; 21
1670090699.652970; 176001; 21
1670090699.677970; 176026; 22
1670090699.702966; 176051; 22
1670090699.727970; 176076; 22
1670090699.752970; 176101; 22
1670090699.777970; 176126; 23
1670090699.802970; 176151; 23
1670090699.827970; 176176; 23
1670090699.852970; 176201; 23
1670090699.877970; 176226; 24
1670090699.902970; 176251; 24
1670090699.927970; 176276; 24
1670090699.952970; 176301; 24
1670090699.977970; 176326; 24
1670090700.002966; 176351; 24
1670090700.027971; 176376; 24
1670090700.052971; 176401; 24
1670090700.077971; 176426; 24
1670090700.102971; 176451; 25
1670090700.127966; 176476; 25
1670090700.152970; 176501; 25
1670090700.177970; 176526; 25
1670090700.202966; 176551; 27
1670090700.227970; 176576; 27
1670090700.252970; 176601; 27
1670090700.277970; 176626; 27
1670090700.302970; 176651; 26
1670090700.327970; 176676; 26
1670090700.352970; 176701; 26
1670090700.377970; 176726; 26
1670090700.402970; 176751; 26
1670090700.427970; 176776; 26
1670090700.452970; 176801; 26
1670090700.477970; 176826; 26
1670090700.502970; 176851; 25
1670090700.527970; 176876; 25
1670090700.552970; 176901; 25
1670090700.577970; 176926; 25
1670090700.602970; 176951; 26
1670090700.627970; 176976; 26
1670090700.652970; 177001; 26
1670090700.677970; 177026; 26
1670090700.702966; 177051; 26
1670090700.727970; 177076; 26
1670090700.752970; 177101; 26
1670090700.777970; 177126; 26
1670090700.802966; 177151; 27
1670090700.827970; 177176; 27
1670090700.852970; 177201; 27
1670090700.877970; 177226; 27
1670090700.902970; 177251; 28
1670090700.927970; 177276; 28
1670090700.952970; 177301; 28
1670090700.977970; 177326; 28
1670090701.002974; 177351; 29
1670090701.027967; 177376; 29
1670090701.052967; 177401; 29
1670090701.077971; 177426; 29
1670090701.102971; 177451; 30
1670090701.127966; 177476; 30
1670090701.152970; 177501; 30
1670090701.177970; 177526; 30
1670090701.202966; 177551; 30
1670090701.227970; 177576; 30
1670090701.252970; 177601; 30
1670090701.277970; 177626; 30
1670090701.302970; 177651; 30
1670090701.327966; 177676; 30
1670090701.352970; 177701; 30
1670090701.377970; 177726; 30
1670090701.402970; 177751; 30
1670090701.427966; 177776; 30
1670090701.452970; 177801; 30
1670090701.477970; 177826; 30
1670090701.502970; 177851; 30
1670090701.527970; 177876; 30
1670090701.552970; 177901; 30
1670090701.577970; 177926; 30
1670090701.602970; 177951; 30
1670090701.627966; 177976; 32
1670090701.652970; 178001; 32
1670090701.677970; 178026; 32
1670090701.702966; 178051; 32
1670090701.727970; 178076; 32
1670090701.752970; 178101; 32
1670090701.777970; 178126; 32
1670090701.802970; 178151; 32
1670090701.827970; 178176; 33
1670090701.852970; 178201; 33
1670090701.877970; 178226; 33
1670090701.902970; 178251; 33
1670090701.927970; 178276; 33
1670090701.952970; 178301; 33
1670090701.977970; 178326; 33
1670090702.002970; 178351; 33
1670090702.027975; 178376; 34
1670090702.052967; 178401; 34
1670090702.077967; 178426; 34
1670090702.102971; 178451; 34
1670090702.127966; 178476; 34
1670090702.152970; 178501; 34
1670090702.177970; 178526; 34
1670090702.202966; 178551; 34
1670090702.227970; 178576; 35
1670090702.252966; 178601; 35
1670090702.277970; 178626; 35
1670090702.302979; 178651; 35
1670090702.327967; 178676; 34
1670090702.352970; 178701; 34
1670090702.377970; 178726; 34
1670090702.402970; 178751; 34
1670090702.427970; 178776; 34
1670090702.452970; 178801; 35
1670090702.477970; 178826; 35
1670090702.502970; 178851; 35
1670090702.527970; 178876; 35
1670090702.552970; 178901; 37
1670090702.577970; 178926; 37
1670090702.602970; 178951; 37
1670090702.627970; 178976; 37
1670090702.652970; 179001; 33
1670090702.677970; 179026; 33
1670090702.702970; 179051; 33
1670090702.727970; 179076; 33
1670090702.752970; 179101; 32
1670090702.777970; 179126; 32
1670090702.802970; 179151; 32
1670090702.827970; 179176; 32
1670090702.852970; 179201; 32
1670090702.877970; 179226; 32
1670090702.902970; 179251; 32
1670090702.927970; 179276; 32
1670090702.952966; 179301; 31
1670090702.977970; 179326; 31
1670090703.002970; 179351; 31
1670090703.027971; 179376; 31
1670090703.052971; 179401; 30
1670090703.077971; 179426; 30
1670090703.102971; 179451; 30
1670090703.127966; 179476; 30
1670090703.152970; 179501; 27
1670090703.177970; 179526; 27
1670090703.202970; 179551; 27
1670090703.227966; 179576; 27
1670090703.252970; 179601; 26
1670090703.277966; 179626; 26
1670090703.302970; 179651; 26
1670090703.327970; 179676; 26
1670090703.352970; 179701; 26
1670090703.377970; 179726; 26
1670090703.402970; 179751; 26
1670090703.427970; 179776; 26
1670090703.452970; 179801; 27
1670090703.477970; 179826; 27
1670090703.502970; 179851; 27
1670090703.527970; 179876; 27
1670090703.552970; 179901; 27
1670090703.577970; 179926; 28
1670090703.602970; 179951; 28
1670090703.627970; 179976; 28
1670090703.652970; 180001; 28
1670090703.677970; 180026; 27
1670090703.702970; 180051; 27
1670090703.727970; 180076; 27
1670090703.752970; 180101; 27
1670090703.777970; 180126; 26
1670090703.802970; 180151; 26
1670090703.827970; 180176; 26
1670090703.852970; 180201; 26
1670090703.877970; 180226; 26
1670090703.902970; 180251; 26
1670090703.927970; 180276; 26
1670090703.952970; 180301; 26
1670090703.977970; 180326; 25
1670090704.002970; 180351; 25
1670090704.027971; 180376; 25
1670090704.052971; 180401; 25
1670090704.077968; 180426; 25
1670090704.102967; 180451; 25
1670090704.127970; 180476; 25
1670090704.152970; 180501; 25
1670090704.177970; 180526; 25
1670090704.202969; 180551; 25
1670090704.227970; 180576; 25
1670090704.252994; 180601; 25
1670090704.277966; 180626; 25
1670090704.302970; 180651; 25
1670090704.327970; 180676; 25
1670090704.352970; 180701; 25
1670090704.377970; 180726; 28
1670090704.402970; 180751; 28
1670090704.427970; 180776; 28
1670090704.452970; 180801; 28
1670090704.477970; 180826; 27
1670090704.502970; 180851; 27
1670090704.527970; 180876; 27
1670090704.552970; 180901; 27
1670090704.577970; 180926; 27
1670090704.602970; 180951; 27
1670090704.627970; 180976; 27
1670090704.652970; 181001; 27
1670090704.677970; 181026; 26
1670090704.702966; 181051; 26
1670090704.727970; 181076; 26
1670090704.752966; 181101; 26
1670090704.777970; 181126; 26
1670090704.802970; 181151; 25
1670090704.827970; 181176; 25
1670090704.852970; 181201; 25
1670090704.877970; 181226; 25
1670090704.902966; 181251; 24
1670090704.927970; 181276; 24
1670090704.952970; 181301; 24
1670090704.977970; 181326; 24
1670090705.002970; 181351; 24
1670090705.027971; 181376; 24
1670090705.052971; 181401; 24
1670090705.077971; 181426; 24
1670090705.102972; 181451; 24
1670090705.127966; 181476; 24
1670090705.152970; 181501; 24
1670090705.177970; 181526; 24
1670090705.202966; 181551; 22
1670090705.227970; 181576; 22
1670090705.252970; 181601; 22
1670090705.277970; 181626; 22
1670090705.302970; 181651; 22
1670090705.327970; 181676; 22
1670090705.352970; 181701; 22
1670090705.377970; 181726; 22
1670090705.402970; 181751; 20
1670090705.427970; 181776; 20
1670090705.452966; 181801; 20
1670090705.477970; 181826; 20
1670090705.502970; 181851; 19
1670090705.527970; 181876; 19
1670090705.552970; 181901; 19
1670090705.577970; 181926; 19
1670090705.602979; 181951; 18
1670090705.627967; 181976; 18
1670090705.652970; 182001; 18
1670090705.677970; 182026; 18
1670090705.702966; 182051; 17
1670090705.727970; 182076; 17
1670090705.752970; 182101; 17
1670090705.777966; 182126; 17
1670090705.802970; 182151; 16
1670090705.827970; 182176; 16
1670090705.852970; 182201; 16
1670090705.877970; 182226; 16
1670090705.902970; 182251; 16
1670090705.927970; 182276; 15
1670090705.952970; 182301; 15
1670090705.977970; 182326; 15
1670090706.002970; 182351; 15
1670090706.027971; 182376; 15
1670090706.052971; 182401; 15
1670090706.077971; 182426; 15
1670090706.102971; 182451; 15
1670090706.127970; 182476; 14
1670090706.152970; 182501; 14
1670090706.177970; 182526; 14
1670090706.202966; 182551; 14
1670090706.227970; 182576; 14
1670090706.252970; 182601; 14
1670090706.277980; 182626; 14
1670090706.302970; 182651; 14
1670090706.327975; 182676; 15
1670090706.352970; 182701; 15
1670090706.377970; 182726; 15
1670090706.402970; 182751; 15
1670090706.427970; 182776; 15
1670090706.452970; 182801; 15
1670090706.477970; 182826; 15
1670090706.502970; 182851; 15
1670090706.527970; 182876; 14
1670090706.552970; 182901; 14
1670090706.577970; 182926; 14
1670090706.602970; 182951; 14
1670090706.627970; 182976; 14
1670090706.652970; 183001; 14
1670090706.677970; 183026; 14
1670090706.702970; 183051; 14
1670090706.727970; 183076; 14
1670090706.752966; 183101; 14
1670090706.777970; 183126; 14
1670090706.802966; 183151; 14
1670090706.827970; 183176; 14
1670090706.852970; 183201; 14
1670090706.877970; 183226; 14
1670090706.902970; 183251; 14
1670090706.927970; 183276; 14
1670090706.952966; 183301; 14
1670090706.977970; 183326; 14
1670090707.002970; 183351; 14
1670090707.027971; 183376; 14
1670090707.052971; 183401; 14
1670090707.077971; 183426; 14
1670090707.102971; 183451; 14
1670090707.127966; 183476; 14
1670090707.152996; 183501; 14
1670090707.177970; 183526; 14
1670090707.202970; 183551; 14
1670090707.227970; 183576; 14
1670090707.252970; 183601; 14
1670090707.277970; 183626; 14
1670090707.302970; 183651; 14
1670090707.327970; 183676; 14
1670090707.352981; 183701; 14
1670090707.377966; 183726; 14
1670090707.402970; 183751; 14
1670090707.427970; 183776; 14
1670090707.452970; 183801; 14
1670090707.477970; 183826; 14
1670090707.502970; 183851; 14
1670090707.527970; 183876; 14
1670090707.552970; 183901; 14
1670090707.577970; 183926; 14
1670090707.602970; 183951; 14
1670090707.627966; 183976; 14
1670090707.652970; 184001; 14
1670090707.677970; 184026; 14
1670090707.702966; 184051; 14
1670090707.727970; 184076; 14
1670090707.752970; 184101; 14
1670090707.777966; 184126; 14
1670090707.802970; 184151; 14
1670090707.827970; 184176; 14
1670090707.852970; 184201; 14
1670090707.877970; 184226; 14
1670090707.902970; 184251; 14
1670090707.927970; 184276; 14
1670090707.952970; 184301; 14
1670090707.977966; 184326; 14
1670090708.002970; 184351; 14
1670090708.027967; 184376; 14
1670090708.052967; 184401; 14
1670090708.077967; 184426; 14
1670090708.102967; 184451; 14
1670090708.127970; 184476; 14
1670090708.152970; 184501; 14
1670090708.177965; 184526; 14
1670090708.202970; 184551; 14
1670090708.227970; 184576; 14
1670090708.252970; 184601; 14
1670090708.277970; 184626; 14
1670090708.302970; 184651; 14
1670090708.327970; 184676; 14
1670090708.352970; 184701; 14
1670090708.377964; 184726; 14
1670090708.402970; 184751; 14
1670090708.427975; 184776; 14
1670090708.452970; 184801; 14
1670090708.477970; 184826; 14
1670090708.502970; 184851; 14
1670090708.527970; 184876; 14
1670090708.552970; 184901; 14
1670090708.577970; 184926; 14
1670090708.602970; 184951; 14
1670090708.627970; 184976; 14
1670090708.652970; 185001; 14
1670090708.677970; 185026; 14
1670090708.702966; 185051; 14
1670090708.727970; 185076; 14
1670090708.752970; 185101; 14
1670090708.777970; 185126; 14
1670090708.802970; 185151; 14
1670090708.827970; 185176; 14
1670090708.852970; 185201; 14
1670090708.877970; 185226; 14
1670090708.902979; 185251; 14
1670090708.927967; 185276; 14
1670090708.952970; 185301; 14
1670090708.977970; 185326; 14
1670090709.002970; 185351; 14
1670090709.027967; 185376; 14
1670090709.052969; 185401; 14
1670090709.077967; 185426; 14
1670090709.102971; 185451; 14
1670090709.127966; 185476; 14
1670090709.152970; 185501; 14
1670090709.177970; 185526; 14
1670090709.202966; 185551; 14
1670090709.227970; 185576; 14
1670090709.252970; 185601; 14
1670090709.277970; 185626; 14
