1670090081.006971; 489680; 28
1670090081.031678; 489705; 30
1670090081.056671; 489730; 30
1670090081.081676; 489755; 30
1670090081.106676; 489780; 30
1670090081.131689; 489805; 32
1670090081.156671; 489830; 32
1670090081.181670; 489855; 32
1670090081.206669; 489880; 32
1670090081.231674; 489905; 31
1670090081.256671; 489930; 31
1670090081.281675; 489955; 31
1670090081.306675; 489980; 31
1670090081.331680; 490005; 32
1670090081.356676; 490030; 32
1670090081.381669; 490055; 32
1670090081.406669; 490080; 32
1670090081.431674; 490105; 33
1670090081.456671; 490130; 33
1670090081.481675; 490155; 33
1670090081.506669; 490180; 33
1670090081.663042; 490336; 35
1670090081.687676; 490361; 35
1670090081.712669; 490386; 35
1670090081.737670; 490411; 28
1670090081.762674; 490436; 28
1670090081.787671; 490461; 28
1670090081.812670; 490486; 28
1670090081.837669; 490511; 20
1670090081.862674; 490536; 20
1670090081.887671; 490561; 20
1670090081.912670; 490586; 20
1670090081.937669; 490611; 19
1670090081.962670; 490636; 19
1670090081.987674; 490661; 19
1670090082.012671; 490686; 19
1670090082.037676; 490711; 19
1670090082.062676; 490736; 19
1670090082.087679; 490761; 19
1670090082.112672; 490786; 19
1670090082.137675; 490811; 18
1670090082.162670; 490836; 18
1670090082.187674; 490861; 18
1670090082.212671; 490886; 18
1670090082.237670; 490911; 18
1670090082.262669; 490936; 18
1670090082.287674; 490961; 18
1670090082.312676; 490986; 18
1670090082.337675; 491011; 18
1670090082.362675; 491036; 18
1670090082.387674; 491061; 18
1670090082.412671; 491086; 18
1670090082.437669; 491111; 18
1670090082.462669; 491136; 18
1670090082.487683; 491161; 18
1670090082.512671; 491186; 18
1670090082.537669; 491211; 18
1670090082.562669; 491236; 18
1670090082.587674; 491261; 18
1670090082.612671; 491286; 18
1670090082.637669; 491311; 18
1670090082.662669; 491336; 18
1670090082.687674; 491361; 18
1670090082.712700; 491386; 18
1670090082.737675; 491411; 18
1670090082.762675; 491436; 18
1670090082.787675; 491461; 18
1670090082.812680; 491486; 18
1670090082.837676; 491511; 18
1670090082.862675; 491536; 18
1670090082.887670; 491561; 18
1670090082.912700; 491586; 18
1670090082.937671; 491611; 18
1670090082.962669; 491636; 19
1670090082.987675; 491661; 19
1670090083.012680; 491686; 19
1670090083.037672; 491711; 19
1670090083.062671; 491736; 19
1670090083.087676; 491761; 19
1670090083.112681; 491786; 19
1670090083.137676; 491811; 19
1670090083.162675; 491836; 19
1670090083.187670; 491861; 19
1670090083.212674; 491886; 19
1670090083.237671; 491911; 19
1670090083.262670; 491936; 18
1670090083.287669; 491961; 18
1670090083.312678; 491986; 18
1670090083.337671; 492011; 18
1670090083.362670; 492036; 18
1670090083.387675; 492061; 18
1670090083.412680; 492086; 18
1670090083.437676; 492111; 18
1670090083.462675; 492136; 19
1670090083.487675; 492161; 19
1670090083.512678; 492186; 19
1670090083.537672; 492211; 19
1670090083.562675; 492236; 19
1670090083.587675; 492261; 19
1670090083.612675; 492286; 19
1670090083.637674; 492311; 19
1670090083.662671; 492336; 19
1670090083.687669; 492361; 19
1670090083.712669; 492386; 19
1670090083.737696; 492411; 19
1670090083.762671; 492436; 19
1670090083.787670; 492461; 19
1670090083.812669; 492486; 19
1670090083.837674; 492511; 19
1670090083.862671; 492536; 19
1670090083.887669; 492561; 19
1670090083.912669; 492586; 19
1670090083.937680; 492611; 19
1670090083.962676; 492636; 19
1670090083.987675; 492661; 20
1670090084.012675; 492686; 20
1670090084.037681; 492711; 20
1670090084.062677; 492736; 20
1670090084.087676; 492761; 20
1670090084.112676; 492786; 20
1670090084.137678; 492811; 20
1670090084.162671; 492836; 20
1670090084.187670; 492861; 20
1670090084.212669; 492886; 20
1670090084.237674; 492911; 20
1670090084.262671; 492936; 20
1670090084.287669; 492961; 20
1670090084.312669; 492986; 20
1670090084.337678; 493011; 20
1670090084.362677; 493036; 20
1670090084.387669; 493061; 20
1670090084.412669; 493086; 20
1670090084.437670; 493111; 20
1670090084.462674; 493136; 20
1670090084.487671; 493161; 20
1670090084.512670; 493186; 20
1670090084.537669; 493211; 20
1670090084.562683; 493236; 20
1670090084.587676; 493261; 20
1670090084.612670; 493286; 20
1670090084.637669; 493311; 20
1670090084.662674; 493336; 20
1670090084.687671; 493361; 20
1670090084.712669; 493386; 20
1670090084.737670; 493411; 20
1670090084.762674; 493436; 20
1670090084.787671; 493461; 20
1670090084.812669; 493486; 21
1670090084.837669; 493511; 21
1670090084.862674; 493536; 21
1670090084.887671; 493561; 21
1670090084.912670; 493586; 21
1670090084.937669; 493611; 21
1670090084.962686; 493636; 21
1670090084.987676; 493661; 21
1670090085.012687; 493686; 20
1670090085.037676; 493711; 20
1670090085.062675; 493736; 20
1670090085.087672; 493761; 20
1670090085.112671; 493786; 20
1670090085.137669; 493811; 20
1670090085.162669; 493836; 20
1670090085.187680; 493861; 20
1670090085.212676; 493886; 21
1670090085.237675; 493911; 21
1670090085.262675; 493936; 21
1670090085.287680; 493961; 21
1670090085.312676; 493986; 22
1670090085.337675; 494011; 22
1670090085.362675; 494036; 22
1670090085.387683; 494061; 22
1670090085.412676; 494086; 22
1670090085.437675; 494111; 22
1670090085.462675; 494136; 22
1670090085.487679; 494161; 22
1670090085.512676; 494186; 22
1670090085.537675; 494211; 22
1670090085.562675; 494236; 22
1670090085.587679; 494261; 22
1670090085.612676; 494286; 22
1670090085.637675; 494311; 22
1670090085.662675; 494336; 22
1670090085.687680; 494361; 22
1670090085.712676; 494386; 22
1670090085.737675; 494411; 22
1670090085.762675; 494436; 22
1670090085.787678; 494461; 22
1670090085.812671; 494486; 23
1670090085.837675; 494511; 23
1670090085.862675; 494536; 23
1670090085.887674; 494561; 23
1670090085.912671; 494586; 23
1670090085.937669; 494611; 23
1670090085.962669; 494636; 23
1670090085.987675; 494661; 23
1670090086.012674; 494686; 23
1670090086.037677; 494711; 23
1670090086.062676; 494736; 23
1670090086.087676; 494761; 23
1670090086.112681; 494786; 23
1670090086.137671; 494811; 24
1670090086.162669; 494836; 24
1670090086.187669; 494861; 24
1670090086.212683; 494886; 24
1670090086.237676; 494911; 25
1670090086.262669; 494936; 25
1670090086.287669; 494961; 25
1670090086.312674; 494986; 25
1670090086.337671; 495011; 25
1670090086.362669; 495036; 25
1670090086.387675; 495061; 25
1670090086.412674; 495086; 25
1670090086.437671; 495111; 25
1670090086.462669; 495136; 25
1670090086.487670; 495161; 25
1670090086.512674; 495186; 25
1670090086.537671; 495211; 25
1670090086.562669; 495236; 25
1670090086.587669; 495261; 25
1670090086.612683; 495286; 25
1670090086.637676; 495311; 25
1670090086.662675; 495336; 25
1670090086.687675; 495361; 25
1670090086.712673; 495386; 25
1670090086.737672; 495411; 27
1670090086.762675; 495436; 27
1670090086.787675; 495461; 27
1670090086.812669; 495486; 27
1670090086.837674; 495511; 25
1670090086.862671; 495536; 25
1670090086.887669; 495561; 25
1670090086.912669; 495586; 25
1670090086.937674; 495611; 25
1670090086.962671; 495636; 25
1670090086.987669; 495661; 25
1670090087.012670; 495686; 25
1670090087.037684; 495711; 25
1670090087.062677; 495736; 25
1670090087.087676; 495761; 25
1670090087.112676; 495786; 25
1670090087.137680; 495811; 25
1670090087.162676; 495836; 26
1670090087.187675; 495861; 26
1670090087.212675; 495886; 26
1670090087.237674; 495911; 26
1670090087.262671; 495936; 26
1670090087.287670; 495961; 26
1670090087.312669; 495986; 26
1670090087.337674; 496011; 26
1670090087.362671; 496036; 26
1670090087.387669; 496061; 26
1670090087.412669; 496086; 26
1670090087.437683; 496111; 26
1670090087.462676; 496136; 27
1670090087.487670; 496161; 27
1670090087.512669; 496186; 27
1670090087.537678; 496211; 27
1670090087.562677; 496236; 28
1670090087.587669; 496261; 28
1670090087.612670; 496286; 28
1670090087.637675; 496311; 28
1670090087.662674; 496336; 29
1670090087.687671; 496361; 29
1670090087.712670; 496386; 29
1670090087.737669; 496411; 29
1670090087.762674; 496436; 28
1670090087.787671; 496461; 28
1670090087.812669; 496486; 28
1670090087.837675; 496511; 28
1670090087.862678; 496536; 29
1670090087.887676; 496561; 29
1670090087.912675; 496586; 29
1670090087.937675; 496611; 29
1670090087.962680; 496636; 30
1670090087.987676; 496661; 30
1670090088.012675; 496686; 30
1670090088.037700; 496711; 30
1670090088.062681; 496736; 30
1670090088.087672; 496761; 30
1670090088.112671; 496786; 30
1670090088.137669; 496811; 30
1670090088.162674; 496836; 29
1670090088.187671; 496861; 29
1670090088.212669; 496886; 29
1670090088.237685; 496911; 29
1670090088.262678; 496936; 29
1670090088.287671; 496961; 30
1670090088.312669; 496986; 30
1670090088.337669; 497011; 30
1670090088.362670; 497036; 30
1670090088.387674; 497061; 30
1670090088.412671; 497086; 30
1670090088.437670; 497111; 30
1670090088.462669; 497136; 30
1670090088.487674; 497161; 31
1670090088.512671; 497186; 31
1670090088.537669; 497211; 31
1670090088.562669; 497236; 31
1670090088.587674; 497261; 33
1670090088.612671; 497286; 33
1670090088.637670; 497311; 33
1670090088.662670; 497336; 33
1670090088.687683; 497361; 35
1670090088.712676; 497386; 35
1670090088.737675; 497411; 35
1670090088.762675; 497436; 35
1670090088.787680; 497461; 35
1670090088.812676; 497486; 35
1670090088.837675; 497511; 35
1670090088.862669; 497536; 35
1670090088.887674; 497561; 35
1670090088.912671; 497586; 35
1670090088.937669; 497611; 35
1670090088.962669; 497636; 35
1670090088.987674; 497661; 34
1670090089.012671; 497686; 34
1670090089.037676; 497711; 34
1670090089.062691; 497736; 34
1670090089.087684; 497761; 34
1670090089.112672; 497786; 34
1670090089.137669; 497811; 34
1670090089.162669; 497836; 34
1670090089.187670; 497861; 34
1670090089.212674; 497886; 34
1670090089.237671; 497911; 34
1670090089.262672; 497936; 34
1670090089.287669; 497961; 36
1670090089.312674; 497986; 36
1670090089.337671; 498011; 36
1670090089.362670; 498036; 36
1670090089.387675; 498061; 36
1670090089.412680; 498086; 38
1670090089.437676; 498111; 38
1670090089.462675; 498136; 38
1670090089.487675; 498161; 38
1670090089.512683; 498186; 39
1670090089.537671; 498211; 39
1670090089.562669; 498236; 39
1670090089.587669; 498261; 39
1670090089.612674; 498286; 39
1670090089.637671; 498311; 39
1670090089.662669; 498336; 39
1670090089.687675; 498361; 39
1670090089.712680; 498386; 39
1670090089.737676; 498411; 39
1670090089.762675; 498436; 39
1670090089.787675; 498461; 39
1670090089.812680; 498486; 41
1670090089.837676; 498511; 41
1670090089.862675; 498536; 41
1670090089.887669; 498561; 41
1670090089.912677; 498586; 43
1670090089.937677; 498611; 43
1670090089.962669; 498636; 43
1670090089.987669; 498661; 43
1670090090.012669; 498686; 45
1670090090.037681; 498711; 45
1670090090.062672; 498736; 45
1670090090.087676; 498761; 45
1670090090.112676; 498786; 46
1670090090.137674; 498811; 46
1670090090.162671; 498836; 46
1670090090.187670; 498861; 46
1670090090.212669; 498886; 49
1670090090.237674; 498911; 49
1670090090.262671; 498936; 49
1670090090.287675; 498961; 49
1670090090.312669; 498986; 52
1670090090.337682; 499011; 52
1670090090.362676; 499036; 52
1670090090.387669; 499061; 52
1670090090.412670; 499086; 53
1670090090.437674; 499111; 53
1670090090.462671; 499136; 53
1670090090.487669; 499161; 53
1670090090.512669; 499186; 53
1670090090.537674; 499211; 59
1670090090.562671; 499236; 59
1670090090.587670; 499261; 59
1670090090.612669; 499286; 59
1670090090.637674; 499311; 55
1670090090.662671; 499336; 55
1670090090.687669; 499361; 55
1670090090.712669; 499386; 55
1670090090.737677; 499411; 45
1670090090.762672; 499436; 45
1670090090.787675; 499461; 45
1670090090.812675; 499486; 45
1670090090.837675; 499511; 40
1670090090.862680; 499536; 40
1670090090.887671; 499561; 40
1670090090.912670; 499586; 40
1670090090.937669; 499611; 40
1670090090.962674; 499636; 40
1670090090.987671; 499661; 40
1670090091.012670; 499686; 40
1670090091.037676; 499711; 39
1670090091.062681; 499736; 39
1670090091.087672; 499761; 39
1670090091.112671; 499786; 39
1670090091.137669; 499811; 39
1670090091.162678; 499836; 39
1670090091.187671; 499861; 39
1670090091.212670; 499886; 39
1670090091.237669; 499911; 39
1670090091.262674; 499936; 39
1670090091.287671; 499961; 39
1670090091.312675; 499986; 39
1670090091.337675; 500011; 40
1670090091.362680; 500036; 40
1670090091.387671; 500061; 40
1670090091.412669; 500086; 40
1670090091.437669; 500111; 39
1670090091.462674; 500136; 39
1670090091.487671; 500161; 39
1670090091.512669; 500186; 39
1670090091.537675; 500211; 39
1670090091.562675; 500236; 39
1670090091.587678; 500261; 39
1670090091.612671; 500286; 39
1670090091.637670; 500311; 40
1670090091.662670; 500336; 40
1670090091.687674; 500361; 40
1670090091.712671; 500386; 40
1670090091.737670; 500411; 40
1670090091.762670; 500436; 40
1670090091.787674; 500461; 40
1670090091.812671; 500486; 40
1670090091.837669; 500511; 40
1670090091.862670; 500536; 40
1670090091.887674; 500561; 40
1670090091.912671; 500586; 40
1670090091.937669; 500611; 40
1670090091.962670; 500636; 40
1670090091.987678; 500661; 40
1670090092.012671; 500686; 40
1670090092.037676; 500711; 40
1670090092.062676; 500736; 41
1670090092.087675; 500761; 41
1670090092.112672; 500786; 41
1670090092.137675; 500811; 41
1670090092.162675; 500836; 41
1670090092.187679; 500861; 41
1670090092.212676; 500886; 41
1670090092.237675; 500911; 41
1670090092.262675; 500936; 40
1670090092.287680; 500961; 40
1670090092.312676; 500986; 40
1670090092.337669; 501011; 40
1670090092.362675; 501036; 43
1670090092.387675; 501061; 43
1670090092.412678; 501086; 43
1670090092.437671; 501111; 43
1670090092.462669; 501136; 41
1670090092.487670; 501161; 41
1670090092.512674; 501186; 41
1670090092.537671; 501211; 41
1670090092.562670; 501236; 40
1670090092.587670; 501261; 40
1670090092.612674; 501286; 40
1670090092.637671; 501311; 40
1670090092.662669; 501336; 41
1670090092.687670; 501361; 41
1670090092.712674; 501386; 41
1670090092.737671; 501411; 41
1670090092.762669; 501436; 43
1670090092.787669; 501461; 43
1670090092.812683; 501486; 43
1670090092.837676; 501511; 43
1670090092.862675; 501536; 43
1670090092.887669; 501561; 43
1670090092.912674; 501586; 43
1670090092.937671; 501611; 43
1670090092.962675; 501636; 43
1670090092.987675; 501661; 41
1670090093.012679; 501686; 41
1670090093.037672; 501711; 41
1670090093.062671; 501736; 41
1670090093.087676; 501761; 44
1670090093.112674; 501786; 44
1670090093.137672; 501811; 44
1670090093.162675; 501836; 44
1670090093.187675; 501861; 44
1670090093.212675; 501886; 44
1670090093.237683; 501911; 44
1670090093.262676; 501936; 44
1670090093.287675; 501961; 41
1670090093.312675; 501986; 41
1670090093.337680; 502011; 41
1670090093.362693; 502036; 41
1670090093.387669; 502061; 41
1670090093.412669; 502086; 41
1670090093.437674; 502111; 41
1670090093.462671; 502136; 41
1670090093.487670; 502161; 38
1670090093.512670; 502186; 38
1670090093.537674; 502211; 38
1670090093.562700; 502236; 38
1670090093.587675; 502261; 34
1670090093.612675; 502286; 34
1670090093.637678; 502311; 34
1670090093.662671; 502336; 34
1670090093.687669; 502361; 33
1670090093.712670; 502386; 33
1670090093.737674; 502411; 33
1670090093.762671; 502436; 33
1670090093.787675; 502461; 32
1670090093.812675; 502486; 32
1670090093.837680; 502511; 32
1670090093.862676; 502536; 32
1670090093.887670; 502561; 32
1670090093.912670; 502586; 32
1670090093.937673; 502611; 32
1670090093.962672; 502636; 32
1670090093.987675; 502661; 33
1670090094.012675; 502686; 33
1670090094.037676; 502711; 33
1670090094.062684; 502736; 33
1670090094.087677; 502761; 33
1670090094.112676; 502786; 33
1670090094.137675; 502811; 33
1670090094.162680; 502836; 33
1670090094.187676; 502861; 33
1670090094.212675; 502886; 33
1670090094.237675; 502911; 33
1670090094.262680; 502936; 33
1670090094.287671; 502961; 33
1670090094.312669; 502986; 34
1670090094.337670; 503011; 34
1670090094.362674; 503036; 34
1670090094.387676; 503061; 34
1670090094.412669; 503086; 34
1670090094.437670; 503111; 34
1670090094.462678; 503136; 34
1670090094.487671; 503161; 34
1670090094.512670; 503186; 32
1670090094.537670; 503211; 32
1670090094.562674; 503236; 32
1670090094.587677; 503261; 32
1670090094.612675; 503286; 30
1670090094.637677; 503311; 30
1670090094.662674; 503336; 30
1670090094.687671; 503361; 30
1670090094.712670; 503386; 30
1670090094.737669; 503411; 30
1670090094.762670; 503436; 30
1670090094.787674; 503461; 30
1670090094.812671; 503486; 30
1670090094.837669; 503511; 30
1670090094.862670; 503536; 30
1670090094.887678; 503561; 30
1670090094.912671; 503586; 29
1670090094.937669; 503611; 29
1670090094.962669; 503636; 29
1670090094.987674; 503661; 29
1670090095.012676; 503686; 28
1670090095.037676; 503711; 28
1670090095.062676; 503736; 28
1670090095.087681; 503761; 28
1670090095.112672; 503786; 26
1670090095.137675; 503811; 26
1670090095.162675; 503836; 26
1670090095.187680; 503861; 26
1670090095.212676; 503886; 26
1670090095.237675; 503911; 26
1670090095.262675; 503936; 26
1670090095.287678; 503961; 26
1670090095.312671; 503986; 26
1670090095.337669; 504011; 26
1670090095.362670; 504036; 26
1670090095.387674; 504061; 26
1670090095.412676; 504086; 26
1670090095.437675; 504111; 25
1670090095.462669; 504136; 25
1670090095.487674; 504161; 25
1670090095.512671; 504186; 25
1670090095.537670; 504211; 24
1670090095.562670; 504236; 24
1670090095.587669; 504261; 24
1670090095.612674; 504286; 24
1670090095.637671; 504311; 22
1670090095.662670; 504336; 22
1670090095.687669; 504361; 22
1670090095.712683; 504386; 22
1670090095.737676; 504411; 21
1670090095.762675; 504436; 21
1670090095.787675; 504461; 21
1670090095.812680; 504486; 21
1670090095.837671; 504511; 21
1670090095.862669; 504536; 21
1670090095.887670; 504561; 21
1670090095.912674; 504586; 21
1670090095.937671; 504611; 22
1670090095.962669; 504636; 22
1670090095.987669; 504661; 22
1670090096.012674; 504686; 22
1670090096.037672; 504711; 22
1670090096.062671; 504736; 22
1670090096.087671; 504761; 22
1670090096.112684; 504786; 22
1670090096.137671; 504811; 22
1670090096.162670; 504836; 22
1670090096.187670; 504861; 22
1670090096.212674; 504886; 22
1670090096.237676; 504911; 23
1670090096.262675; 504936; 23
1670090096.287675; 504961; 23
1670090096.312673; 504986; 23
1670090096.337672; 505011; 23
1670090096.362675; 505036; 23
1670090096.387669; 505061; 23
1670090096.412669; 505086; 23
1670090096.437674; 505111; 23
1670090096.462671; 505136; 24
1670090096.487669; 505161; 24
1670090096.512670; 505186; 24
1670090096.537678; 505211; 24
1670090096.562671; 505236; 24
1670090096.587670; 505261; 24
1670090096.612669; 505286; 24
1670090096.637674; 505311; 24
1670090096.662671; 505336; 26
1670090096.687670; 505361; 26
1670090096.712669; 505386; 26
1670090096.737674; 505411; 26
1670090096.762671; 505436; 27
1670090096.787670; 505461; 27
1670090096.812670; 505486; 27
1670090096.837674; 505511; 27
1670090096.862671; 505536; 26
1670090096.887675; 505561; 26
1670090096.912675; 505586; 26
1670090096.937683; 505611; 26
1670090096.962676; 505636; 26
1670090096.987675; 505661; 26
1670090097.012675; 505686; 26
1670090097.037675; 505711; 26
1670090097.062677; 505736; 25
1670090097.087676; 505761; 25
1670090097.112676; 505786; 25
1670090097.137678; 505811; 25
1670090097.162677; 505836; 27
1670090097.187670; 505861; 27
1670090097.212669; 505886; 27
1670090097.237669; 505911; 27
1670090097.262674; 505936; 26
1670090097.287671; 505961; 26
1670090097.312669; 505986; 26
1670090097.337670; 506011; 26
1670090097.362683; 506036; 24
1670090097.387671; 506061; 24
1670090097.412669; 506086; 24
1670090097.437669; 506111; 24
1670090097.462674; 506136; 24
1670090097.487671; 506161; 24
1670090097.512675; 506186; 24
1670090097.537675; 506211; 24
1670090097.562680; 506236; 24
1670090097.587676; 506261; 24
1670090097.612675; 506286; 24
1670090097.637675; 506311; 24
1670090097.662674; 506336; 24
1670090097.687671; 506361; 24
1670090097.712669; 506386; 24
1670090097.737669; 506411; 24
1670090097.762678; 506436; 24
1670090097.787671; 506461; 23
1670090097.812670; 506486; 23
1670090097.837669; 506511; 23
1670090097.862674; 506536; 23
1670090097.887671; 506561; 23
1670090097.912669; 506586; 23
1670090097.937675; 506611; 23
1670090097.962675; 506636; 23
1670090097.987680; 506661; 24
1670090098.012676; 506686; 24
1670090098.037676; 506711; 24
1670090098.062676; 506736; 24
1670090098.087681; 506761; 24
1670090098.112672; 506786; 24
1670090098.137669; 506811; 24
1670090098.162670; 506836; 24
1670090098.187678; 506861; 24
1670090098.212671; 506886; 24
1670090098.237669; 506911; 24
1670090098.262669; 506936; 24
1670090098.287674; 506961; 24
1670090098.312671; 506986; 24
1670090098.337675; 507011; 24
1670090098.362675; 507036; 24
1670090098.387674; 507061; 24
1670090098.412671; 507086; 24
1670090098.437669; 507111; 24
1670090098.462670; 507136; 24
1670090098.487679; 507161; 24
1670090098.512676; 507186; 24
1670090098.537675; 507211; 24
1670090098.562675; 507236; 24
1670090098.587678; 507261; 24
1670090098.612671; 507286; 24
1670090098.637669; 507311; 24
1670090098.662670; 507336; 24
1670090098.687705; 507361; 24
1670090098.712676; 507386; 24
1670090098.737669; 507411; 24
1670090098.762669; 507436; 24
1670090098.787669; 507461; 24
1670090098.812674; 507486; 24
1670090098.837671; 507511; 24
1670090098.862670; 507536; 24
1670090098.887708; 507561; 24
1670090098.912674; 507586; 25
1670090098.937671; 507611; 25
1670090098.962669; 507636; 25
1670090098.987670; 507661; 25
1670090099.012683; 507686; 24
1670090099.037672; 507711; 24
1670090099.062671; 507736; 24
1670090099.087676; 507761; 24
1670090099.112675; 507786; 24
1670090099.137671; 507811; 24
1670090099.162675; 507836; 24
1670090099.187675; 507861; 24
1670090099.212680; 507886; 24
1670090099.237676; 507911; 24
1670090099.262675; 507936; 24
1670090099.287675; 507961; 24
1670090099.312680; 507986; 24
1670090099.337676; 508011; 24
1670090099.362675; 508036; 24
1670090099.387670; 508061; 24
1670090099.412683; 508086; 23
1670090099.437676; 508111; 23
1670090099.462675; 508136; 23
1670090099.487675; 508161; 23
1670090099.512673; 508186; 25
1670090099.537672; 508211; 25
1670090099.562675; 508236; 25
1670090099.587675; 508261; 25
1670090099.612675; 508286; 25
1670090099.637674; 508311; 25
1670090099.662671; 508336; 25
1670090099.687669; 508361; 25
1670090099.712674; 508386; 25
1670090099.737680; 508411; 25
1670090099.762676; 508436; 25
1670090099.787675; 508461; 25
1670090099.812675; 508486; 24
1670090099.837678; 508511; 24
1670090099.862671; 508536; 24
1670090099.887670; 508561; 24
1670090099.912671; 508586; 24
1670090099.937674; 508611; 26
1670090099.962692; 508636; 26
1670090099.987675; 508661; 26
1670090100.012675; 508686; 26
1670090100.037681; 508711; 26
1670090100.062677; 508736; 26
1670090100.087676; 508761; 26
1670090100.112676; 508786; 26
1670090100.137674; 508811; 26
1670090100.162671; 508836; 26
1670090100.187670; 508861; 26
1670090100.212669; 508886; 26
1670090100.237683; 508911; 30
1670090100.262676; 508936; 30
1670090100.287675; 508961; 30
1670090100.312675; 508986; 30
1670090100.337678; 509011; 29
1670090100.362677; 509036; 29
1670090100.387675; 509061; 29
1670090100.412675; 509086; 29
1670090100.437675; 509111; 22
1670090100.462674; 509136; 22
1670090100.487671; 509161; 22
1670090100.512669; 509186; 22
1670090100.537675; 509211; 18
1670090100.562680; 509236; 18
1670090100.587676; 509261; 18
1670090100.612675; 509286; 18
1670090100.637675; 509311; 18
1670090100.662678; 509336; 18
1670090100.687671; 509361; 18
1670090100.712670; 509386; 18
1670090100.737675; 509411; 18
1670090100.762680; 509436; 18
1670090100.787676; 509461; 18
1670090100.812675; 509486; 18
1670090100.837675; 509511; 17
1670090100.862680; 509536; 17
1670090100.887671; 509561; 17
1670090100.912670; 509586; 17
1670090100.937670; 509611; 17
1670090100.962674; 509636; 17
1670090100.987671; 509661; 17
1670090101.012669; 509686; 17
1670090101.037676; 509711; 17
1670090101.062684; 509736; 16
1670090101.087677; 509761; 16
1670090101.112676; 509786; 16
1670090101.137675; 509811; 16
1670090101.162669; 509836; 17
1670090101.187674; 509861; 17
1670090101.212676; 509886; 17
1670090101.237675; 509911; 17
1670090101.262675; 509936; 17
1670090101.287680; 509961; 17
1670090101.312676; 509986; 17
1670090101.337675; 510011; 17
1670090101.362669; 510036; 17
1670090101.387674; 510061; 17
1670090101.412671; 510086; 17
1670090101.437670; 510111; 17
1670090101.462670; 510136; 17
1670090101.487683; 510161; 17
1670090101.512676; 510186; 17
1670090101.537675; 510211; 17
1670090101.562675; 510236; 17
1670090101.587680; 510261; 17
1670090101.612676; 510286; 17
1670090101.637675; 510311; 17
1670090101.662675; 510336; 17
1670090101.687680; 510361; 17
1670090101.712676; 510386; 17
1670090101.737675; 510411; 17
1670090101.762675; 510436; 17
1670090101.787680; 510461; 17
1670090101.812676; 510486; 17
1670090101.837675; 510511; 17
1670090101.862675; 510536; 17
1670090101.887678; 510561; 17
1670090101.912671; 510586; 17
1670090101.937670; 510611; 17
1670090101.962675; 510636; 16
1670090101.987675; 510661; 16
1670090102.012675; 510686; 16
1670090102.037677; 510711; 16
1670090102.062676; 510736; 17
1670090102.087676; 510761; 17
1670090102.112681; 510786; 17
1670090102.137671; 510811; 17
1670090102.162669; 510836; 17
1670090102.187675; 510861; 17
1670090102.212680; 510886; 17
1670090102.237676; 510911; 17
1670090102.262675; 510936; 17
1670090102.287675; 510961; 17
1670090102.312683; 510986; 17
1670090102.337676; 511011; 17
1670090102.362675; 511036; 17
1670090102.387675; 511061; 17
1670090102.412680; 511086; 17
1670090102.437676; 511111; 17
1670090102.462675; 511136; 17
1670090102.487675; 511161; 17
1670090102.512680; 511186; 17
1670090102.537676; 511211; 17
1670090102.562675; 511236; 17
1670090102.587675; 511261; 17
1670090102.612680; 511286; 17
1670090102.637676; 511311; 17
1670090102.662675; 511336; 17
1670090102.687675; 511361; 17
1670090102.712682; 511386; 17
1670090102.737672; 511411; 17
1670090102.762675; 511436; 17
1670090102.787675; 511461; 17
1670090102.812675; 511486; 17
1670090102.837674; 511511; 17
1670090102.862671; 511536; 17
1670090102.887669; 511561; 17
1670090102.912669; 511586; 17
1670090102.937674; 511611; 17
1670090102.962671; 511636; 17
1670090102.987669; 511661; 17
1670090103.012669; 511686; 17
1670090103.037681; 511711; 17
1670090103.062677; 511736; 17
1670090103.087676; 511761; 17
1670090103.112676; 511786; 17
1670090103.137678; 511811; 17
1670090103.162671; 511836; 17
1670090103.187669; 511861; 17
1670090103.212675; 511886; 17
1670090103.237680; 511911; 17
1670090103.262671; 511936; 17
1670090103.287669; 511961; 16
1670090103.312670; 511986; 16
1670090103.337674; 512011; 16
1670090103.362671; 512036; 16
1670090103.387675; 512061; 16
1670090103.412669; 512086; 17
1670090103.437674; 512111; 17
1670090103.462671; 512136; 17
1670090103.487669; 512161; 17
1670090103.512669; 512186; 17
1670090103.537677; 512211; 17
1670090103.562672; 512236; 17
1670090103.587675; 512261; 17
1670090103.612669; 512286; 17
1670090103.637669; 512311; 17
1670090103.662674; 512336; 17
1670090103.687671; 512361; 17
1670090103.712669; 512386; 17
1670090103.737669; 512411; 17
1670090103.762674; 512436; 17
1670090103.787671; 512461; 17
1670090103.812675; 512486; 16
1670090103.837675; 512511; 16
1670090103.862680; 512536; 16
1670090103.887671; 512561; 16
1670090103.912670; 512586; 17
1670090103.937670; 512611; 17
1670090103.962683; 512636; 17
1670090103.987676; 512661; 17
1670090104.012695; 512686; 17
1670090104.037671; 512711; 17
1670090104.062681; 512736; 17
1670090104.087672; 512761; 17
1670090104.112671; 512786; 17
1670090104.137670; 512811; 17
1670090104.162674; 512836; 17
1670090104.187671; 512861; 17
1670090104.212682; 512886; 17
1670090104.237670; 512911; 17
1670090104.262674; 512936; 17
1670090104.287671; 512961; 17
1670090104.312670; 512986; 17
1670090104.337670; 513011; 17
1670090104.362669; 513036; 17
1670090104.387683; 513061; 17
1670090104.412676; 513086; 17
1670090104.437669; 513111; 17
1670090104.462669; 513136; 17
1670090104.487680; 513161; 17
1670090104.512676; 513186; 17
1670090104.537675; 513211; 17
1670090104.562675; 513236; 17
1670090104.587680; 513261; 17
1670090104.612676; 513286; 17
1670090104.637670; 513311; 17
1670090104.662669; 513336; 17
1670090104.687674; 513361; 17
1670090104.712671; 513386; 17
1670090104.737670; 513411; 16
1670090104.762670; 513436; 16
1670090104.787678; 513461; 16
1670090104.812671; 513486; 16
1670090104.837669; 513511; 17
1670090104.862669; 513536; 17
1670090104.887674; 513561; 17
1670090104.912671; 513586; 17
1670090104.937670; 513611; 17
1670090104.962670; 513636; 17
1670090104.987674; 513661; 17
1670090105.012671; 513686; 17
1670090105.037712; 513711; 17
1670090105.062676; 513736; 17
1670090105.087692; 513761; 17
1670090105.112672; 513786; 17
1670090105.137669; 513811; 16
1670090105.162669; 513836; 16
1670090105.187669; 513861; 16
1670090105.212683; 513886; 16
1670090105.237675; 513911; 17
1670090105.262675; 513936; 17
1670090105.287695; 513961; 17
1670090105.312680; 513986; 17
1670090105.337676; 514011; 17
1670090105.362669; 514036; 17
1670090105.387675; 514061; 17
1670090105.412680; 514086; 17
1670090105.437676; 514111; 18
1670090105.462675; 514136; 18
1670090105.487675; 514161; 18
1670090105.512680; 514186; 18
1670090105.537676; 514211; 17
1670090105.562675; 514236; 17
1670090105.587675; 514261; 17
1670090105.612678; 514286; 17
1670090105.637671; 514311; 18
1670090105.662675; 514336; 18
1670090105.687675; 514361; 18
1670090105.712680; 514386; 18
1670090105.737676; 514411; 18
1670090105.762675; 514436; 18
1670090105.787675; 514461; 18
1670090105.812680; 514486; 18
1670090105.837676; 514511; 18
1670090105.862669; 514536; 19
1670090105.887675; 514561; 19
1670090105.912673; 514586; 19
1670090105.937672; 514611; 19
1670090105.962675; 514636; 19
1670090105.987675; 514661; 19
1670090106.012675; 514686; 19
1670090106.037684; 514711; 19
1670090106.062672; 514736; 19
1670090106.087671; 514761; 19
1670090106.112676; 514786; 19
1670090106.137680; 514811; 19
1670090106.162676; 514836; 19
1670090106.187675; 514861; 19
1670090106.212675; 514886; 19
1670090106.237680; 514911; 19
1670090106.262671; 514936; 19
1670090106.287670; 514961; 19
1670090106.312673; 514986; 19
1670090106.337680; 515011; 19
1670090106.362676; 515036; 19
1670090106.387669; 515061; 19
1670090106.412670; 515086; 19
1670090106.437683; 515111; 19
1670090106.462676; 515136; 19
1670090106.487675; 515161; 19
1670090106.512675; 515186; 19
1670090106.537680; 515211; 19
1670090106.562676; 515236; 19
1670090106.587675; 515261; 19
1670090106.612675; 515286; 19
1670090106.637679; 515311; 19
1670090106.662676; 515336; 19
1670090106.687670; 515361; 19
1670090106.712670; 515386; 19
1670090106.737673; 515411; 19
1670090106.762672; 515436; 19
1670090106.787675; 515461; 19
1670090106.812675; 515486; 19
1670090106.837675; 515511; 19
1670090106.862683; 515536; 19
1670090106.887671; 515561; 19
1670090106.912669; 515586; 19
1670090106.937670; 515611; 19
1670090106.962674; 515636; 19
1670090106.987671; 515661; 19
1670090107.012669; 515686; 19
1670090107.037676; 515711; 19
1670090107.062681; 515736; 19
1670090107.087672; 515761; 19
1670090107.112671; 515786; 19
1670090107.137669; 515811; 19
1670090107.162680; 515836; 19
1670090107.187676; 515861; 19
1670090107.212675; 515886; 19
1670090107.237675; 515911; 19
1670090107.262678; 515936; 19
1670090107.287676; 515961; 19
1670090107.312675; 515986; 19
1670090107.337675; 516011; 19
1670090107.362680; 516036; 19
1670090107.387681; 516061; 19
1670090107.412675; 516086; 19
1670090107.437675; 516111; 19
1670090107.462680; 516136; 19
1670090107.487676; 516161; 19
1670090107.512675; 516186; 19
1670090107.537675; 516211; 19
1670090107.562675; 516236; 19
1670090107.587679; 516261; 19
1670090107.612676; 516286; 19
1670090107.637675; 516311; 19
1670090107.662675; 516336; 19
1670090107.835482; 516508; 18
1670090107.859671; 516533; 18
1670090107.884675; 516558; 18
1670090107.909670; 516583; 18
1670090107.934674; 516608; 18
1670090107.959671; 516633; 18
1670090107.984669; 516658; 18
1670090108.009669; 516683; 19
1670090108.034680; 516708; 19
1670090108.059672; 516733; 19
1670090108.084671; 516758; 19
1670090108.109676; 516783; 20
1670090108.134674; 516808; 20
1670090108.159671; 516833; 20
1670090108.184670; 516858; 20
1670090108.209670; 516883; 19
1670090108.234678; 516908; 19
1670090108.259671; 516933; 19
1670090108.284675; 516958; 19
1670090108.309671; 516983; 19
1670090108.334674; 517008; 19
1670090108.359671; 517033; 19
1670090108.384675; 517058; 19
1670090108.409675; 517083; 19
1670090108.434674; 517108; 19
1670090108.459671; 517133; 19
1670090108.484670; 517158; 19
1670090108.509669; 517183; 19
1670090108.534675; 517208; 19
1670090108.559680; 517233; 19
1670090108.584676; 517258; 19
1670090108.609675; 517283; 19
1670090108.634675; 517308; 19
1670090108.659683; 517333; 19
1670090108.684676; 517358; 19
1670090108.709675; 517383; 18
1670090108.734669; 517408; 18
1670090108.759674; 517433; 18
1670090108.784671; 517458; 18
1670090108.809669; 517483; 17
1670090108.834670; 517508; 17
1670090108.859674; 517533; 17
1670090108.884671; 517558; 17
1670090108.909670; 517583; 17
1670090108.934669; 517608; 17
1670090108.959674; 517633; 17
1670090108.984671; 517658; 17
1670090109.009670; 517683; 17
1670090109.034676; 517708; 17
1670090109.059684; 517733; 17
1670090109.084677; 517758; 17
1670090109.109676; 517783; 17
1670090109.134675; 517808; 17
1670090109.159680; 517833; 17
1670090109.184676; 517858; 17
1670090109.209675; 517883; 17
1670090109.234675; 517908; 17
1670090109.259678; 517933; 17
1670090109.284677; 517958; 17
1670090109.309669; 517983; 17
1670090109.334675; 518008; 17
1670090109.359675; 518033; 17
1670090109.384680; 518058; 17
1670090109.409676; 518083; 17
1670090109.434675; 518108; 17
1670090109.459669; 518133; 17
1670090109.484683; 518158; 17
1670090109.509676; 518183; 17
1670090109.534675; 518208; 17
1670090109.559669; 518233; 17
1670090109.584674; 518258; 17
1670090109.609671; 518283; 17
1670090109.634670; 518308; 17
1670090109.659669; 518333; 17
1670090109.684674; 518358; 17
1670090109.709671; 518383; 17
1670090109.734669; 518408; 17
1670090109.759675; 518433; 17
1670090109.784680; 518458; 17
1670090109.809676; 518483; 17
1670090109.834675; 518508; 17
1670090109.859675; 518533; 17
1670090109.884678; 518558; 17
1670090109.909671; 518583; 17
1670090109.934670; 518608; 17
1670090109.959669; 518633; 17
1670090109.984674; 518658; 17
1670090110.009671; 518683; 17
1670090110.034676; 518708; 17
1670090110.059676; 518733; 17
1670090110.084674; 518758; 17
1670090110.109673; 518783; 17
1670090110.134675; 518808; 17
1670090110.159675; 518833; 17
1670090110.184675; 518858; 17
1670090110.209674; 518883; 17
1670090110.234671; 518908; 17
1670090110.259670; 518933; 17
1670090110.284669; 518958; 17
1670090110.309683; 518983; 17
1670090110.334676; 519008; 17
1670090110.359675; 519033; 17
1670090110.384670; 519058; 17
1670090110.409674; 519083; 17
1670090110.434671; 519108; 17
1670090110.459670; 519133; 17
1670090110.484669; 519158; 17
1670090110.509674; 519183; 17
1670090110.534671; 519208; 17
1670090110.559670; 519233; 17
1670090110.584675; 519258; 17
1670090110.609680; 519283; 17
1670090110.634676; 519308; 17
1670090110.659675; 519333; 17
1670090110.684675; 519358; 17
1670090110.709678; 519383; 17
1670090110.734671; 519408; 17
1670090110.759669; 519433; 17
1670090110.784675; 519458; 17
1670090110.809680; 519483; 17
1670090110.834676; 519508; 17
1670090110.859675; 519533; 17
1670090110.884675; 519558; 17
1670090110.909675; 519583; 17
1670090110.934680; 519608; 17
1670090110.959676; 519633; 17
1670090110.984675; 519658; 17
1670090111.009675; 519683; 17
1670090111.034675; 519708; 17
1670090111.059672; 519733; 17
1670090111.084671; 519758; 17
1670090111.109676; 519783; 17
1670090111.134683; 519808; 17
1670090111.159676; 519833; 17
1670090111.184669; 519858; 17
1670090111.209669; 519883; 17
1670090111.234679; 519908; 17
1670090111.259676; 519933; 17
1670090111.284675; 519958; 17
1670090111.309675; 519983; 17
1670090111.334680; 520008; 17
1670090111.359676; 520033; 17
1670090111.384669; 520058; 17
1670090111.409669; 520083; 17
1670090111.434674; 520108; 17
1670090111.459671; 520133; 17
1670090111.484659; 520158; 17
1670090111.509669; 520183; 17
1670090111.534678; 520208; 17
1670090111.559671; 520233; 17
1670090111.584670; 520258; 17
1670090111.609675; 520283; 17
1670090111.634680; 520308; 17
1670090111.659676; 520333; 17
1670090111.684675; 520358; 17
1670090111.709675; 520383; 17
1670090111.734675; 520408; 17
1670090111.759680; 520433; 17
1670090111.784676; 520458; 17
1670090111.809675; 520483; 17
1670090111.834675; 520508; 17
1670090111.859680; 520533; 17
1670090111.884671; 520558; 17
1670090111.909670; 520583; 17
1670090111.934669; 520608; 17
1670090111.959683; 520633; 17
1670090111.984676; 520658; 17
1670090112.009670; 520683; 17
1670090112.034676; 520708; 17
1670090112.059675; 520733; 17
1670090112.084672; 520758; 17
1670090112.109671; 520783; 17
1670090112.134670; 520808; 17
1670090112.159674; 520833; 17
1670090112.184671; 520858; 17
1670090112.209669; 520883; 17
1670090112.234669; 520908; 17
1670090112.259679; 520933; 17
1670090112.284676; 520958; 17
1670090112.309675; 520983; 17
1670090112.334675; 521008; 17
1670090112.359683; 521033; 17
1670090112.384676; 521058; 17
1670090112.409675; 521083; 17
1670090112.434675; 521108; 17
1670090112.459673; 521133; 17
1670090112.484672; 521158; 17
1670090112.509673; 521183; 17
1670090112.534675; 521208; 17
1670090112.559675; 521233; 17
1670090112.584674; 521258; 17
1670090112.609676; 521283; 17
1670090112.634670; 521308; 17
1670090112.659669; 521333; 17
1670090112.684674; 521358; 17
1670090112.709671; 521383; 17
1670090112.734670; 521408; 17
1670090112.759670; 521433; 17
1670090112.784683; 521458; 17
1670090112.809676; 521483; 17
1670090112.834675; 521508; 17
1670090112.859675; 521533; 17
1670090112.884680; 521558; 17
1670090112.909676; 521583; 17
1670090112.934675; 521608; 17
1670090112.959675; 521633; 17
1670090112.984680; 521658; 17
1670090113.009676; 521683; 17
1670090113.034676; 521708; 17
1670090113.059676; 521733; 17
1670090113.084681; 521758; 17
1670090113.109672; 521783; 17
1670090113.134669; 521808; 17
1670090113.159669; 521833; 17
1670090113.184683; 521858; 17
1670090113.209676; 521883; 17
1670090113.234670; 521908; 17
1670090113.259669; 521933; 17
1670090113.284678; 521958; 17
1670090113.309677; 521983; 17
1670090113.334669; 522008; 17
1670090113.359670; 522033; 17
1670090113.384675; 522058; 17
1670090113.409674; 522083; 17
1670090113.434676; 522108; 17
1670090113.459675; 522133; 17
1670090113.484675; 522158; 17
1670090113.509680; 522183; 17
1670090113.534671; 522208; 17
1670090113.559670; 522233; 17
1670090113.584669; 522258; 17
1670090113.609678; 522283; 17
1670090113.634671; 522308; 17
1670090113.659669; 522333; 17
1670090113.684669; 522358; 17
1670090113.709674; 522383; 17
1670090113.734671; 522408; 17
1670090113.759669; 522433; 17
1670090113.784669; 522458; 17
1670090113.809680; 522483; 17
1670090113.834676; 522508; 17
1670090113.859675; 522533; 17
1670090113.884675; 522558; 17
1670090113.909680; 522583; 17
1670090113.934676; 522608; 17
1670090113.959675; 522633; 17
1670090113.984675; 522658; 17
1670090114.009678; 522683; 17
1670090114.034677; 522708; 17
1670090114.059676; 522733; 17
1670090114.084676; 522758; 17
1670090114.109676; 522783; 17
1670090114.134680; 522808; 17
1670090114.159676; 522833; 17
1670090114.184675; 522858; 17
1670090114.209675; 522883; 17
1670090114.234680; 522908; 17
1670090114.259671; 522933; 17
1670090114.284670; 522958; 17
1670090114.309675; 522983; 17
1670090114.334680; 523008; 17
1670090114.359676; 523033; 17
1670090114.384669; 523058; 17
1670090114.409670; 523083; 17
1670090114.434678; 523108; 17
1670090114.459676; 523133; 17
1670090114.484675; 523158; 17
1670090114.509675; 523183; 17
1670090114.534680; 523208; 17
1670090114.559676; 523233; 17
1670090114.584675; 523258; 17
1670090114.609675; 523283; 17
1670090114.634680; 523308; 17
1670090114.659679; 523333; 17
1670090114.684669; 523358; 17
1670090114.709670; 523383; 17
1670090114.734674; 523408; 17
1670090114.759671; 523433; 17
1670090114.784669; 523458; 17
1670090114.809669; 523483; 17
1670090114.834678; 523508; 17
1670090114.859671; 523533; 17
1670090114.884675; 523558; 17
1670090114.909675; 523583; 17
1670090114.934675; 523608; 17
1670090114.959674; 523633; 17
1670090114.984671; 523658; 17
1670090115.009669; 523683; 17
1670090115.034676; 523708; 17
1670090115.059681; 523733; 17
1670090115.084677; 523758; 17
1670090115.109676; 523783; 17
1670090115.134675; 523808; 17
1670090115.159680; 523833; 17
1670090115.184676; 523858; 17
1670090115.209675; 523883; 17
1670090115.234675; 523908; 17
1670090115.259678; 523933; 17
1670090115.284671; 523958; 17
1670090115.309670; 523983; 17
1670090115.334675; 524008; 17
1670090115.359680; 524033; 17
1670090115.384671; 524058; 17
1670090115.409669; 524083; 17
1670090115.434670; 524108; 17
1670090115.459674; 524133; 17
1670090115.484671; 524158; 17
1670090115.509669; 524183; 17
1670090115.534670; 524208; 17
1670090115.559674; 524233; 17
1670090115.584671; 524258; 17
1670090115.609669; 524283; 17
1670090115.634674; 524308; 17
1670090115.659682; 524333; 17
1670090115.684673; 524358; 17
1670090115.709674; 524383; 17
1670090115.734674; 524408; 17
1670090115.759674; 524433; 17
1670090115.784679; 524458; 17
1670090115.809675; 524483; 17
1670090115.834674; 524508; 17
1670090115.859674; 524533; 17
1670090115.884679; 524558; 17
1670090115.909676; 524583; 17
1670090115.934675; 524608; 17
1670090115.959675; 524633; 17
1670090115.984680; 524658; 17
1670090116.009676; 524683; 17
1670090116.034676; 524708; 17
1670090116.059676; 524733; 17
1670090116.084684; 524758; 17
1670090116.109677; 524783; 17
1670090116.134669; 524808; 17
1670090116.159670; 524833; 17
1670090116.184674; 524858; 17
1670090116.209671; 524883; 17
1670090116.234669; 524908; 17
1670090116.259670; 524933; 17
1670090116.284674; 524958; 17
1670090116.309676; 524983; 17
1670090116.334675; 525008; 17
1670090116.359675; 525033; 17
1670090116.384674; 525058; 17
1670090116.409671; 525083; 17
1670090116.434670; 525108; 17
1670090116.459669; 525133; 17
1670090116.484682; 525158; 17
1670090116.509677; 525183; 17
1670090116.534669; 525208; 17
1670090116.559670; 525233; 17
1670090116.584670; 525258; 17
1670090116.609680; 525283; 17
1670090116.634676; 525308; 17
1670090116.659675; 525333; 17
1670090116.684675; 525358; 17
1670090116.709680; 525383; 17
1670090116.734671; 525408; 17
1670090116.759669; 525433; 17
1670090116.784675; 525458; 18
1670090116.809680; 525483; 18
1670090116.834676; 525508; 18
1670090116.859675; 525533; 18
1670090116.884669; 525558; 18
1670090116.909678; 525583; 18
1670090116.934676; 525608; 18
1670090116.959675; 525633; 18
1670090116.984675; 525658; 18
1670090117.009680; 525683; 18
1670090117.034672; 525708; 18
1670090117.059671; 525733; 18
1670090117.084676; 525758; 18
1670090117.109681; 525783; 18
1670090117.134671; 525808; 18
1670090117.159669; 525833; 18
1670090117.184670; 525858; 18
1670090117.209674; 525883; 18
1670090117.234671; 525908; 18
1670090117.259674; 525933; 18
1670090117.284675; 525958; 18
1670090117.309669; 525983; 18
1670090117.334683; 526008; 18
1670090117.359676; 526033; 18
1670090117.384670; 526058; 18
1670090117.409669; 526083; 18
1670090117.434680; 526108; 18
1670090117.459676; 526133; 18
1670090117.484675; 526158; 18
1670090117.509675; 526183; 17
1670090117.534674; 526208; 17
1670090117.559671; 526233; 17
1670090117.584670; 526258; 17
1670090117.609669; 526283; 18
1670090117.634674; 526308; 18
1670090117.659671; 526333; 18
1670090117.684670; 526358; 18
1670090117.709670; 526383; 18
1670090117.734701; 526408; 18
1670090117.759676; 526433; 18
1670090117.784675; 526458; 18
1670090117.809675; 526483; 18
1670090117.834680; 526508; 18
1670090117.859676; 526533; 18
1670090117.884675; 526558; 18
1670090117.909675; 526583; 18
1670090117.934689; 526608; 18
1670090117.959676; 526633; 18
1670090117.984675; 526658; 18
1670090118.009675; 526683; 18
1670090118.034675; 526708; 18
1670090118.059672; 526733; 18
1670090118.084671; 526758; 18
1670090118.109671; 526783; 18
1670090118.134669; 526808; 18
1670090118.159678; 526833; 18
1670090118.184671; 526858; 18
1670090118.209675; 526883; 18
1670090118.234675; 526908; 18
1670090118.259680; 526933; 18
1670090118.284676; 526958; 18
1670090118.309675; 526983; 17
1670090118.334675; 527008; 17
1670090118.359680; 527033; 17
1670090118.384676; 527058; 17
1670090118.409675; 527083; 17
1670090118.434675; 527108; 17
1670090118.459680; 527133; 17
1670090118.484676; 527158; 17
1670090118.509675; 527183; 17
1670090118.534675; 527208; 17
1670090118.559683; 527233; 17
1670090118.584676; 527258; 17
1670090118.609675; 527283; 17
1670090118.634675; 527308; 18
1670090118.659680; 527333; 18
1670090118.684676; 527358; 18
1670090118.709675; 527383; 18
1670090118.734675; 527408; 18
1670090118.759674; 527433; 18
1670090118.784671; 527458; 18
1670090118.809669; 527483; 18
1670090118.834670; 527508; 18
1670090118.859673; 527533; 18
1670090118.884677; 527558; 18
1670090118.909669; 527583; 18
1670090118.934669; 527608; 18
1670090118.959681; 527633; 18
1670090118.984683; 527658; 18
1670090119.009676; 527683; 18
1670090119.034676; 527708; 18
1670090119.059676; 527733; 18
1670090119.084681; 527758; 18
1670090119.109672; 527783; 18
1670090119.134675; 527808; 18
1670090119.159675; 527833; 18
1670090119.184674; 527858; 18
1670090119.209671; 527883; 18
1670090119.234675; 527908; 18
1670090119.259675; 527933; 18
1670090119.284680; 527958; 18
1670090119.309676; 527983; 18
1670090119.334675; 528008; 19
1670090119.359675; 528033; 19
1670090119.384683; 528058; 19
1670090119.409676; 528083; 19
1670090119.434675; 528108; 19
1670090119.459675; 528133; 19
1670090119.484680; 528158; 19
1670090119.509676; 528183; 19
1670090119.534675; 528208; 19
1670090119.559675; 528233; 19
1670090119.584679; 528258; 19
1670090119.609676; 528283; 19
1670090119.634675; 528308; 19
1670090119.659675; 528333; 19
1670090119.684678; 528358; 19
1670090119.709677; 528383; 19
1670090119.734670; 528408; 19
1670090119.759669; 528433; 19
1670090119.784675; 528458; 19
1670090119.809678; 528483; 19
1670090119.834671; 528508; 19
1670090119.859669; 528533; 19
1670090119.884675; 528558; 19
1670090119.909680; 528583; 19
1670090119.934676; 528608; 19
1670090119.959675; 528633; 19
1670090119.984678; 528658; 19
1670090120.009674; 528683; 19
1670090120.034677; 528708; 19
1670090120.059676; 528733; 18
1670090120.084676; 528758; 18
1670090120.109681; 528783; 18
1670090120.134671; 528808; 18
1670090120.159670; 528833; 18
1670090120.184669; 528858; 18
1670090120.209678; 528883; 18
1670090120.234671; 528908; 18
1670090120.259670; 528933; 18
1670090120.284669; 528958; 18
1670090120.309674; 528983; 18
1670090120.334671; 529008; 18
1670090120.359669; 529033; 18
1670090120.384675; 529058; 18
1670090120.409680; 529083; 18
1670090120.434676; 529108; 18
1670090120.459675; 529133; 18
1670090120.484675; 529158; 18
1670090120.509675; 529183; 18
1670090120.534680; 529208; 18
1670090120.559676; 529233; 18
1670090120.584675; 529258; 18
1670090120.609675; 529283; 18
1670090120.634678; 529308; 18
1670090120.659671; 529333; 18
1670090120.684669; 529358; 18
1670090120.709675; 529383; 18
1670090120.734680; 529408; 18
1670090120.759676; 529433; 18
1670090120.784675; 529458; 18
1670090120.809675; 529483; 18
1670090120.834680; 529508; 18
1670090120.859676; 529533; 18
1670090120.884670; 529558; 18
1670090120.909669; 529583; 18
1670090120.934674; 529608; 18
1670090120.959671; 529633; 18
1670090120.984669; 529658; 18
1670090121.009669; 529683; 18
1670090121.034679; 529708; 18
1670090121.059672; 529733; 18
1670090121.084671; 529758; 18
1670090121.109676; 529783; 18
1670090121.134680; 529808; 18
1670090121.159676; 529833; 18
1670090121.184675; 529858; 20
1670090121.209675; 529883; 20
1670090121.234674; 529908; 20
1670090121.259671; 529933; 20
1670090121.284670; 529958; 20
1670090121.309669; 529983; 20
1670090121.334669; 530008; 20
1670090121.359674; 530033; 20
1670090121.384676; 530058; 20
1670090121.409675; 530083; 20
1670090121.434670; 530108; 20
1670090121.459683; 530133; 20
1670090121.484676; 530158; 20
1670090121.509675; 530183; 20
1670090121.534675; 530208; 20
1670090121.559680; 530233; 20
1670090121.584676; 530258; 18
1670090121.609675; 530283; 18
1670090121.634669; 530308; 18
1670090121.659674; 530333; 18
1670090121.684671; 530358; 18
1670090121.709669; 530383; 18
1670090121.734669; 530408; 18
1670090121.759674; 530433; 18
1670090121.784671; 530458; 19
1670090121.809669; 530483; 19
1670090121.834675; 530508; 19
1670090121.859678; 530533; 19
1670090121.884676; 530558; 19
1670090121.909675; 530583; 19
1670090121.934673; 530608; 19
1670090121.959674; 530633; 19
1670090121.984671; 530658; 19
1670090122.009669; 530683; 21
1670090122.034671; 530708; 21
1670090122.059680; 530733; 21
1670090122.084673; 530758; 21
1670090122.109671; 530783; 22
1670090122.134675; 530808; 22
1670090122.159675; 530833; 22
1670090122.184680; 530858; 22
1670090122.209676; 530883; 22
1670090122.234690; 530908; 22
1670090122.259675; 530933; 22
1670090122.284678; 530958; 22
1670090122.309671; 530983; 22
1670090122.334669; 531008; 22
1670090122.359670; 531033; 22
1670090122.384680; 531058; 22
1670090122.409671; 531083; 20
1670090122.434675; 531108; 20
1670090122.459670; 531133; 20
1670090122.484674; 531158; 20
1670090122.509671; 531183; 20
1670090122.534669; 531208; 20
1670090122.559669; 531233; 20
1670090122.584674; 531258; 20
1670090122.609671; 531283; 21
1670090122.634669; 531308; 21
1670090122.659675; 531333; 21
1670090122.684683; 531358; 21
1670090122.709671; 531383; 21
1670090122.734669; 531408; 21
1670090122.759669; 531433; 21
1670090122.784674; 531458; 21
1670090122.809671; 531483; 22
1670090122.834670; 531508; 22
1670090122.859675; 531533; 22
1670090122.884678; 531558; 22
1670090122.909677; 531583; 22
1670090122.934670; 531608; 22
1670090122.959670; 531633; 22
1670090122.984669; 531658; 22
1670090123.009674; 531683; 22
1670090123.034677; 531708; 23
1670090123.059676; 531733; 23
1670090123.084676; 531758; 23
1670090123.109679; 531783; 23
1670090123.134676; 531808; 23
1670090123.159675; 531833; 23
1670090123.184670; 531858; 23
1670090123.209674; 531883; 23
1670090123.234671; 531908; 22
1670090123.259680; 531933; 22
1670090123.284670; 531958; 22
1670090123.309674; 531983; 22
1670090123.334671; 532008; 22
1670090123.359670; 532033; 22
1670090123.384675; 532058; 22
1670090123.409680; 532083; 22
1670090123.434676; 532108; 23
1670090123.459675; 532133; 23
1670090123.484675; 532158; 23
1670090123.509684; 532183; 23
1670090123.534671; 532208; 23
1670090123.559669; 532233; 23
1670090123.584669; 532258; 23
1670090123.609674; 532283; 23
1670090123.634676; 532308; 26
1670090123.659675; 532333; 26
1670090123.684675; 532358; 26
1670090123.709675; 532383; 26
1670090123.734680; 532408; 29
1670090123.759676; 532433; 29
1670090123.784675; 532458; 29
1670090123.809675; 532483; 29
1670090123.834680; 532508; 28
1670090123.859676; 532533; 28
1670090123.884675; 532558; 28
1670090123.909675; 532583; 28
1670090123.934678; 532608; 31
1670090123.959671; 532633; 31
1670090123.984669; 532658; 31
1670090124.009669; 532683; 31
1670090124.034681; 532708; 31
1670090124.059677; 532733; 31
1670090124.084676; 532758; 31
1670090124.109671; 532783; 31
1670090124.134674; 532808; 27
1670090124.159676; 532833; 27
1670090124.184675; 532858; 27
1670090124.209675; 532883; 27
1670090124.234679; 532908; 27
1670090124.259676; 532933; 27
1670090124.284674; 532958; 27
1670090124.309675; 532983; 27
1670090124.334683; 533008; 27
1670090124.359676; 533033; 28
1670090124.384670; 533058; 28
1670090124.409675; 533083; 28
1670090124.434680; 533108; 28
1670090124.459676; 533133; 27
1670090124.484675; 533158; 27
1670090124.509675; 533183; 27
1670090124.534675; 533208; 27
1670090124.559680; 533233; 27
1670090124.584676; 533258; 27
1670090124.609675; 533283; 27
1670090124.634675; 533308; 27
1670090124.659679; 533333; 28
1670090124.684676; 533358; 28
1670090124.709675; 533383; 28
1670090124.734675; 533408; 28
1670090124.759678; 533433; 28
1670090124.784671; 533458; 28
1670090124.809669; 533483; 28
1670090124.834670; 533508; 28
1670090124.859674; 533533; 28
1670090124.884676; 533558; 28
1670090124.909675; 533583; 28
1670090124.934675; 533608; 28
1670090124.959680; 533633; 28
1670090124.984676; 533658; 28
1670090125.009675; 533683; 28
1670090125.034671; 533708; 28
1670090125.059675; 533733; 28
1670090125.084672; 533758; 28
1670090125.109671; 533783; 28
1670090125.134669; 533808; 28
1670090125.159678; 533833; 28
1670090125.184671; 533858; 28
1670090125.209669; 533883; 28
1670090125.234670; 533908; 28
1670090125.259678; 533933; 28
1670090125.284677; 533958; 28
1670090125.309670; 533983; 28
1670090125.334669; 534008; 28
1670090125.359669; 534033; 28
1670090125.384674; 534058; 29
1670090125.409671; 534083; 29
1670090125.434669; 534108; 29
1670090125.459670; 534133; 29
1670090125.484674; 534158; 30
1670090125.509671; 534183; 30
1670090125.534669; 534208; 30
1670090125.559669; 534233; 30
1670090125.584683; 534258; 30
1670090125.609676; 534283; 30
1670090125.634675; 534308; 30
1670090125.659675; 534333; 30
1670090125.684674; 534358; 30
1670090125.709671; 534383; 30
1670090125.734669; 534408; 30
1670090125.759670; 534433; 30
1670090125.784674; 534458; 31
1670090125.809671; 534483; 31
1670090125.834669; 534508; 31
1670090125.859669; 534533; 31
1670090125.884680; 534558; 31
1670090125.909676; 534583; 31
1670090125.934675; 534608; 31
1670090125.959675; 534633; 31
1670090125.984678; 534658; 29
1670090126.009671; 534683; 29
1670090126.034676; 534708; 29
1670090126.059676; 534733; 29
1670090126.084674; 534758; 30
1670090126.109673; 534783; 30
1670090126.134669; 534808; 30
1670090126.159670; 534833; 30
1670090126.184670; 534858; 32
1670090126.209674; 534883; 32
1670090126.234671; 534908; 32
1670090126.259669; 534933; 32
1670090126.284670; 534958; 29
1670090126.309674; 534983; 29
1670090126.334676; 535008; 29
1670090126.359675; 535033; 29
1670090126.384669; 535058; 29
1670090126.409683; 535083; 29
1670090126.434671; 535108; 29
1670090126.459669; 535133; 29
1670090126.484669; 535158; 29
1670090126.509674; 535183; 27
1670090126.534671; 535208; 27
1670090126.559670; 535233; 27
1670090126.584669; 535258; 27
1670090126.609680; 535283; 26
1670090126.634676; 535308; 26
1670090126.659675; 535333; 26
1670090126.684675; 535358; 26
1670090126.709680; 535383; 25
1670090126.734676; 535408; 25
1670090126.759669; 535433; 25
1670090126.784670; 535458; 25
1670090126.809683; 535483; 22
1670090126.834676; 535508; 22
1670090126.859675; 535533; 22
1670090126.884675; 535558; 22
1670090126.909675; 535583; 18
1670090126.934680; 535608; 18
1670090126.959671; 535633; 18
1670090126.984669; 535658; 18
1670090127.009669; 535683; 17
1670090127.034681; 535708; 17
1670090127.059677; 535733; 17
1670090127.084676; 535758; 17
1670090127.109676; 535783; 17
1670090127.134674; 535808; 17
1670090127.159671; 535833; 17
1670090127.184670; 535858; 17
1670090127.209669; 535883; 17
1670090127.234678; 535908; 17
1670090127.259671; 535933; 17
1670090127.284669; 535958; 17
1670090127.309670; 535983; 17
1670090127.334674; 536008; 17
1670090127.359676; 536033; 17
1670090127.384670; 536058; 17
1670090127.409670; 536083; 17
1670090127.434674; 536108; 17
1670090127.459671; 536133; 17
1670090127.484670; 536158; 17
1670090127.509670; 536183; 17
1670090127.534674; 536208; 17
1670090127.559669; 536233; 17
1670090127.584670; 536258; 17
1670090127.609670; 536283; 17
1670090127.634678; 536308; 17
1670090127.659671; 536333; 17
1670090127.684670; 536358; 17
1670090127.709669; 536383; 17
1670090127.734670; 536408; 17
1670090127.759674; 536433; 17
1670090127.784676; 536458; 17
1670090127.809675; 536483; 17
1670090127.834675; 536508; 17
1670090127.859680; 536533; 17
1670090127.884676; 536558; 17
1670090127.909675; 536583; 17
1670090127.934675; 536608; 17
1670090127.959680; 536633; 17
1670090127.984671; 536658; 17
1670090128.009669; 536683; 17
1670090128.034676; 536708; 17
1670090128.059679; 536733; 17
1670090128.084672; 536758; 17
1670090128.109671; 536783; 17
1670090128.134675; 536808; 17
1670090128.159680; 536833; 17
1670090128.184676; 536858; 17
1670090128.209675; 536883; 17
1670090128.234675; 536908; 17
1670090128.259674; 536933; 17
1670090128.284671; 536958; 17
1670090128.309669; 536983; 17
1670090128.334669; 537008; 17
1670090128.359674; 537033; 17
1670090128.384712; 537058; 17
1670090128.409669; 537083; 17
1670090128.434670; 537108; 17
1670090128.459727; 537133; 17
1670090128.484672; 537158; 17
1670090128.509675; 537183; 17
1670090128.534675; 537208; 17
1670090128.559675; 537233; 17
1670090128.584693; 537258; 17
1670090128.609676; 537283; 17
1670090128.634675; 537308; 17
1670090128.659669; 537333; 17
1670090128.684674; 537358; 17
1670090128.709671; 537383; 17
1670090128.734669; 537408; 17
1670090128.759670; 537433; 17
1670090128.784674; 537458; 17
1670090128.809671; 537483; 17
1670090128.834669; 537508; 17
1670090128.859669; 537533; 17
1670090128.884678; 537558; 17
1670090128.909671; 537583; 17
1670090128.934670; 537608; 17
1670090128.959669; 537633; 17
1670090128.984680; 537658; 17
1670090129.009671; 537683; 17
1670090129.034676; 537708; 17
1670090129.059676; 537733; 17
1670090129.084681; 537758; 17
1670090129.109677; 537783; 17
1670090129.134669; 537808; 17
1670090129.159670; 537833; 17
1670090129.184674; 537858; 17
1670090129.209676; 537883; 17
1670090129.234675; 537908; 17
1670090129.259675; 537933; 17
1670090129.284682; 537958; 17
1670090129.309672; 537983; 17
1670090129.334675; 538008; 17
1670090129.359675; 538033; 17
1670090129.384675; 538058; 17
1670090129.409674; 538083; 17
1670090129.434671; 538108; 17
1670090129.459669; 538133; 17
1670090129.484669; 538158; 17
1670090129.509674; 538183; 17
1670090129.534671; 538208; 17
1670090129.559670; 538233; 17
1670090129.584669; 538258; 17
1670090129.609674; 538283; 17
1670090129.634676; 538308; 17
1670090129.659675; 538333; 17
1670090129.684675; 538358; 17
1670090129.709678; 538383; 17
1670090129.734671; 538408; 17
1670090129.759669; 538433; 17
1670090129.784670; 538458; 17
1670090129.809674; 538483; 17
1670090129.834676; 538508; 17
1670090129.859675; 538533; 17
1670090129.884675; 538558; 17
1670090129.909680; 538583; 17
1670090129.934676; 538608; 17
1670090129.959675; 538633; 17
1670090129.984675; 538658; 17
1670090130.009680; 538683; 17
1670090130.034677; 538708; 17
1670090130.059676; 538733; 17
1670090130.084676; 538758; 17
1670090130.109676; 538783; 17
1670090130.134683; 538808; 17
1670090130.159676; 538833; 17
1670090130.184675; 538858; 17
1670090130.209675; 538883; 17
1670090130.234674; 538908; 17
1670090130.259671; 538933; 17
1670090130.284669; 538958; 17
1670090130.309670; 538983; 17
1670090130.334674; 539008; 17
1670090130.359671; 539033; 17
1670090130.384675; 539058; 17
1670090130.409675; 539083; 17
1670090130.434679; 539108; 17
1670090130.459676; 539133; 17
1670090130.484675; 539158; 17
1670090130.509675; 539183; 17
1670090130.534678; 539208; 17
1670090130.559671; 539233; 17
1670090130.584675; 539258; 17
1670090130.609675; 539283; 17
1670090130.634674; 539308; 17
1670090130.659671; 539333; 17
1670090130.684670; 539358; 17
1670090130.709669; 539383; 17
1670090130.734674; 539408; 17
1670090130.759671; 539433; 17
1670090130.784670; 539458; 17
1670090130.809669; 539483; 17
1670090130.834674; 539508; 17
1670090130.859671; 539533; 17
1670090130.884675; 539558; 17
1670090130.909675; 539583; 17
1670090130.934675; 539608; 17
1670090130.959683; 539633; 17
1670090130.984676; 539658; 17
1670090131.009675; 539683; 17
1670090131.034671; 539708; 17
1670090131.059675; 539733; 17
1670090131.084672; 539758; 17
1670090131.109671; 539783; 17
1670090131.134669; 539808; 17
1670090131.159674; 539833; 17
1670090131.184671; 539858; 17
1670090131.209669; 539883; 18
1670090131.234670; 539908; 18
1670090131.259680; 539933; 18
1670090131.284676; 539958; 18
1670090131.309675; 539983; 18
1670090131.334675; 540008; 18
1670090131.359678; 540033; 18
1670090131.384676; 540058; 18
1670090131.409675; 540083; 18
1670090131.434675; 540108; 18
1670090131.459680; 540133; 18
1670090131.484676; 540158; 18
1670090131.509675; 540183; 19
1670090131.534675; 540208; 19
1670090131.559717; 540233; 19
1670090131.584676; 540258; 19
1670090131.609675; 540283; 24
1670090131.634675; 540308; 24
1670090131.659673; 540333; 24
1670090131.684672; 540358; 24
1670090131.709675; 540383; 32
1670090131.734675; 540408; 32
1670090131.759675; 540433; 32
1670090131.784683; 540458; 32
1670090131.809676; 540483; 42
1670090131.834675; 540508; 42
1670090131.859675; 540533; 42
1670090131.884674; 540558; 42
1670090131.909680; 540583; 55
1670090131.934675; 540608; 55
1670090131.959675; 540633; 55
1670090131.984674; 540658; 55
1670090132.009671; 540683; 75
1670090132.034676; 540708; 75
1670090132.059676; 540733; 75
1670090132.084681; 540758; 75
1670090132.109672; 540783; 103
1670090132.134675; 540808; 103
1670090132.159675; 540833; 103
1670090132.184678; 540858; 103
1670090132.209676; 540883; 132
1670090132.234670; 540908; 132
1670090132.259670; 540933; 132
1670090132.284680; 540958; 132
1670090132.309676; 540983; 132
1670090132.334669; 541008; 160
1670090132.359675; 541033; 160
1670090132.384680; 541058; 160
1670090132.409671; 541083; 160
1670090132.434669; 541108; 185
1670090132.459669; 541133; 185
1670090132.484679; 541158; 185
1670090132.509671; 541183; 185
1670090132.534670; 541208; 193
1670090132.559670; 541233; 193
1670090132.584683; 541258; 193
1670090132.609671; 541283; 193
1670090132.634669; 541308; 193
1670090132.659669; 541333; 193
1670090132.684679; 541358; 193
1670090132.709676; 541383; 193
1670090132.734670; 541408; 193
1670090132.759669; 541433; 193
1670090132.784674; 541458; 193
1670090132.809671; 541483; 193
1670090132.834669; 541508; 191
1670090132.859669; 541533; 191
1670090132.884669; 541558; 191
1670090132.909676; 541583; 191
1670090132.934669; 541608; 189
1670090132.959675; 541633; 189
1670090132.984683; 541658; 189
1670090133.009671; 541683; 189
1670090133.034671; 541708; 190
1670090133.059671; 541733; 190
1670090133.084681; 541758; 190
1670090133.109672; 541783; 190
1670090133.134675; 541808; 188
1670090133.159675; 541833; 188
1670090133.184674; 541858; 188
1670090133.209676; 541883; 188
1670090133.234669; 541908; 187
1670090133.259669; 541933; 187
1670090133.284674; 541958; 187
1670090133.309671; 541983; 187
1670090133.334669; 542008; 187
1670090133.359669; 542033; 187
1670090133.384683; 542058; 187
1670090133.409671; 542083; 187
1670090133.434669; 542108; 193
1670090133.459675; 542133; 193
1670090133.484680; 542158; 193
1670090133.509676; 542183; 193
1670090133.534675; 542208; 193
1670090133.559675; 542233; 198
1670090133.584674; 542258; 198
1670090133.609671; 542283; 198
1670090133.634670; 542308; 198
1670090133.659669; 542333; 205
1670090133.684674; 542358; 205
1670090133.709671; 542383; 205
1670090133.734669; 542408; 205
1670090133.759669; 542433; 216
1670090133.784678; 542458; 216
1670090133.809676; 542483; 216
1670090133.834670; 542508; 216
1670090133.859669; 542533; 264
1670090133.884679; 542558; 264
1670090133.909679; 542583; 264
1670090133.934669; 542608; 264
1670090133.959669; 542633; 473
1670090133.984674; 542658; 473
1670090134.009671; 542683; 473
1670090134.034676; 542708; 473
1670090134.059676; 542733; 1202
1670090134.084681; 542758; 1202
1670090134.109677; 542783; 1202
1670090134.134669; 542808; 1202
1670090134.159669; 542833; 1478
1670090134.185907; 542859; 1478
1670090134.210671; 542884; 1478
1670090134.235675; 542909; 1478
1670090134.260669; 542934; 1510
1670090134.285674; 542959; 1510
1670090134.310671; 542984; 1510
1670090134.335669; 543009; 1510
1670090134.360669; 543034; 1508
1670090134.385674; 543059; 1508
1670090134.410671; 543084; 1508
1670090134.435675; 543109; 1508
1670090134.460669; 543134; 1511
1670090134.485674; 543159; 1511
1670090134.510676; 543184; 1511
1670090134.535675; 543209; 1511
1670090134.560678; 543234; 1495
1670090134.585676; 543259; 1495
1670090134.610669; 543284; 1495
1670090134.635669; 543309; 1495
1670090134.660674; 543334; 1488
1670090134.685676; 543359; 1488
1670090134.710669; 543384; 1488
1670090134.735669; 543409; 1488
1670090134.760679; 543434; 1488
1670090134.785671; 543459; 1508
1670090134.810675; 543484; 1508
1670090134.835669; 543509; 1508
1670090134.860680; 543534; 1508
1670090134.885671; 543559; 1555
1670090134.910675; 543584; 1555
1670090134.935675; 543609; 1555
1670090134.960678; 543634; 1555
1670090134.985678; 543659; 1574
1670090135.010669; 543684; 1574
1670090135.035671; 543709; 1574
1670090135.060675; 543734; 1574
1670090135.085672; 543759; 1596
1670090135.110671; 543784; 1596
1670090135.135675; 543809; 1596
1670090135.160679; 543834; 1596
1670090135.185671; 543859; 1599
1670090135.210675; 543884; 1599
1670090135.235669; 543909; 1599
1670090135.260680; 543934; 1599
1670090135.285671; 543959; 1548
1670090135.310675; 543984; 1548
1670090135.335678; 544009; 1548
1670090135.360676; 544034; 1548
1670090135.385669; 544059; 1526
1670090135.410669; 544084; 1526
1670090135.435674; 544109; 1526
1670090135.460676; 544134; 1526
1670090135.485669; 544159; 1582
1670090135.510675; 544184; 1582
1670090135.535674; 544209; 1582
1670090135.560676; 544234; 1582
1670090135.585669; 544259; 1639
1670090135.610669; 544284; 1639
1670090135.635680; 544309; 1639
1670090135.660671; 544334; 1639
1670090135.685675; 544359; 1596
1670090135.710669; 544384; 1596
1670090135.735683; 544409; 1596
1670090135.760676; 544434; 1596
1670090135.785669; 544459; 1277
1670090135.810669; 544484; 1277
1670090135.835674; 544509; 1277
1670090135.860676; 544534; 1277
1670090135.885669; 544559; 1277
1670090135.910669; 544584; 163
1670090135.935674; 544609; 163
1670090135.960671; 544634; 163
1670090135.985669; 544659; 163
1670090136.010675; 544684; 85
1670090136.035681; 544709; 85
1670090136.060672; 544734; 85
1670090136.085671; 544759; 85
1670090136.110671; 544784; 43
1670090136.135683; 544809; 43
1670090136.160676; 544834; 43
1670090136.185675; 544859; 43
1670090136.210675; 544884; 22
1670090136.235679; 544909; 22
1670090136.260676; 544934; 22
1670090136.285675; 544959; 22
1670090136.310675; 544984; 17
1670090136.335680; 545009; 17
1670090136.360676; 545034; 17
1670090136.385675; 545059; 17
1670090136.410675; 545084; 17
1670090136.435674; 545109; 17
1670090136.460671; 545134; 17
1670090136.485669; 545159; 17
1670090136.510669; 545184; 17
1670090136.535683; 545209; 17
1670090136.560676; 545234; 17
1670090136.585675; 545259; 17
1670090136.610675; 545284; 17
1670090136.635673; 545309; 17
1670090136.660672; 545334; 17
1670090136.685675; 545359; 17
1670090136.710675; 545384; 17
1670090136.735675; 545409; 17
1670090136.760674; 545434; 17
1670090136.785671; 545459; 17
1670090136.810669; 545484; 17
1670090136.835669; 545509; 17
1670090136.860674; 545534; 17
1670090136.885676; 545559; 17
1670090136.910675; 545584; 17
1670090136.935675; 545609; 17
1670090136.960678; 545634; 17
1670090136.985671; 545659; 17
1670090137.010675; 545684; 17
1670090137.035671; 545709; 17
1670090137.060681; 545734; 17
1670090137.085677; 545759; 17
1670090137.110676; 545784; 17
1670090137.135675; 545809; 17
1670090137.160680; 545834; 17
1670090137.185688; 545859; 17
1670090137.210675; 545884; 17
1670090137.235675; 545909; 17
1670090137.260680; 545934; 17
1670090137.285676; 545959; 17
1670090137.310675; 545984; 17
1670090137.335675; 546009; 17
1670090137.360683; 546034; 17
1670090137.385671; 546059; 17
1670090137.410675; 546084; 17
1670090137.435675; 546109; 17
1670090137.460675; 546134; 17
1670090137.485680; 546159; 17
1670090137.510676; 546184; 17
1670090137.535675; 546209; 17
1670090137.560675; 546234; 17
1670090137.585680; 546259; 17
1670090137.610671; 546284; 17
1670090137.635670; 546309; 17
1670090137.660669; 546334; 17
1670090137.685674; 546359; 17
1670090137.710671; 546384; 17
1670090137.735669; 546409; 17
1670090137.760669; 546434; 17
1670090137.785683; 546459; 17
1670090137.810671; 546484; 17
1670090137.835669; 546509; 17
1670090137.860669; 546534; 17
1670090137.885674; 546559; 17
1670090137.910671; 546584; 17
1670090137.935669; 546609; 17
1670090137.960670; 546634; 17
1670090137.985674; 546659; 17
1670090138.010671; 546684; 17
1670090138.035676; 546709; 17
1670090138.060671; 546734; 17
1670090138.085675; 546759; 17
1670090138.110672; 546784; 17
1670090138.135670; 546809; 17
1670090138.160669; 546834; 17
1670090138.185678; 546859; 17
1670090138.210671; 546884; 17
1670090138.235670; 546909; 17
1670090138.260669; 546934; 17
1670090138.285670; 546959; 17
1670090138.310674; 546984; 17
1670090138.335671; 547009; 17
1670090138.360669; 547034; 17
1670090138.385675; 547059; 17
1670090138.410680; 547084; 17
1670090138.435676; 547109; 17
1670090138.460675; 547134; 17
1670090138.485675; 547159; 17
1670090138.510680; 547184; 17
1670090138.535676; 547209; 17
1670090138.560675; 547234; 17
1670090138.585675; 547259; 17
1670090138.610683; 547284; 17
1670090138.635676; 547309; 17
1670090138.660675; 547334; 17
1670090138.685675; 547359; 17
1670090138.710680; 547384; 17
1670090138.735676; 547409; 17
1670090138.760675; 547434; 17
1670090138.785675; 547459; 17
1670090138.810680; 547484; 17
1670090138.835676; 547509; 17
1670090138.860675; 547534; 17
1670090138.885670; 547559; 17
1670090138.910674; 547584; 17
1670090138.935671; 547609; 17
1670090138.960670; 547634; 17
1670090138.985669; 547659; 17
1670090139.010677; 547684; 17
1670090139.035678; 547709; 17
1670090139.060676; 547734; 17
1670090139.085676; 547759; 17
1670090139.110676; 547784; 17
1670090139.135680; 547809; 17
1670090139.160676; 547834; 17
1670090139.185675; 547859; 17
1670090139.210675; 547884; 17
1670090139.235674; 547909; 17
1670090139.260671; 547934; 17
1670090139.285670; 547959; 17
1670090139.310669; 547984; 17
1670090139.335674; 548009; 17
1670090139.360671; 548034; 17
1670090139.385675; 548059; 17
1670090139.410675; 548084; 17
1670090139.435678; 548109; 17
1670090139.460671; 548134; 17
1670090139.485669; 548159; 17
1670090139.510669; 548184; 17
1670090139.535674; 548209; 17
1670090139.560671; 548234; 17
1670090139.585670; 548259; 17
1670090139.610670; 548284; 17
1670090139.635674; 548309; 17
1670090139.660676; 548334; 17
1670090139.685675; 548359; 17
1670090139.710675; 548384; 17
1670090139.735680; 548409; 17
1670090139.760676; 548434; 17
1670090139.785675; 548459; 17
1670090139.810675; 548484; 17
1670090139.835682; 548509; 17
1670090139.860677; 548534; 17
1670090139.885669; 548559; 17
1670090139.910669; 548584; 17
1670090139.935670; 548609; 17
1670090139.960674; 548634; 17
1670090139.985671; 548659; 17
1670090140.010669; 548684; 17
1670090140.035676; 548709; 17
1670090140.060675; 548734; 17
1670090140.085672; 548759; 17
1670090140.110671; 548784; 17
1670090140.135670; 548809; 17
1670090140.160674; 548834; 17
1670090140.185671; 548859; 17
1670090140.210669; 548884; 17
1670090140.235670; 548909; 17
1670090140.260678; 548934; 17
1670090140.285671; 548959; 17
1670090140.310675; 548984; 17
1670090140.335675; 549009; 17
1670090140.360680; 549034; 17
1670090140.385671; 549059; 17
1670090140.410669; 549084; 17
1670090140.435670; 549109; 17
1670090140.460674; 549134; 17
1670090140.485676; 549159; 17
1670090140.510675; 549184; 17
1670090140.535675; 549209; 17
1670090140.560680; 549234; 17
1670090140.585676; 549259; 17
1670090140.610675; 549284; 17
1670090140.635675; 549309; 17
1670090140.660675; 549334; 17
1670090140.685683; 549359; 17
1670090140.710676; 549384; 17
1670090140.735675; 549409; 17
1670090140.760675; 549434; 17
1670090140.785680; 549459; 17
1670090140.810676; 549484; 17
1670090140.835675; 549509; 17
1670090140.860675; 549534; 17
1670090140.885680; 549559; 17
1670090140.910676; 549584; 17
1670090140.935675; 549609; 17
1670090140.960675; 549634; 17
1670090140.985680; 549659; 17
