1670090141.600769; 550274; 17
1670090141.625673; 550299; 17
1670090141.650669; 550324; 17
1670090141.675670; 550349; 17
1670090141.700675; 550374; 17
1670090141.725684; 550399; 17
1670090141.750676; 550424; 17
1670090141.775675; 550449; 17
1670090141.800675; 550474; 17
1670090141.825680; 550499; 17
1670090141.850676; 550524; 17
1670090141.875669; 550549; 17
1670090141.900670; 550574; 17
1670090141.925674; 550599; 17
1670090141.950676; 550624; 17
1670090141.975675; 550649; 17
1670090142.000675; 550674; 17
1670090142.025675; 550699; 17
1670090142.050672; 550724; 17
1670090142.075671; 550749; 17
1670090142.100671; 550774; 17
1670090142.257038; 550930; 17
1670090142.281676; 550955; 17
1670090142.306690; 550980; 17
1670090142.331675; 551005; 17
1670090142.356680; 551030; 17
1670090142.381671; 551055; 17
1670090142.406669; 551080; 17
1670090142.431670; 551105; 17
1670090142.456674; 551130; 17
1670090142.481676; 551155; 17
1670090142.506675; 551180; 17
1670090142.531675; 551205; 17
1670090142.556675; 551230; 17
1670090142.581680; 551255; 17
1670090142.606676; 551280; 17
1670090142.631675; 551305; 17
1670090142.656675; 551330; 17
1670090142.681683; 551355; 17
1670090142.706676; 551380; 17
1670090142.731675; 551405; 17
1670090142.756675; 551430; 17
1670090142.781680; 551455; 17
1670090142.806676; 551480; 17
1670090142.831675; 551505; 17
1670090142.856675; 551530; 17
1670090142.881674; 551555; 17
1670090142.906671; 551580; 17
1670090142.931675; 551605; 17
1670090142.956675; 551630; 17
1670090142.981674; 551655; 17
1670090143.006671; 551680; 17
1670090143.031671; 551705; 17
1670090143.056671; 551730; 17
1670090143.081684; 551755; 17
1670090143.106677; 551780; 17
1670090143.131669; 551805; 17
1670090143.156670; 551830; 17
1670090143.181674; 551855; 17
1670090143.206671; 551880; 17
1670090143.231669; 551905; 17
1670090143.256670; 551930; 17
1670090143.281674; 551955; 17
1670090143.306671; 551980; 17
1670090143.331675; 552005; 17
1670090143.356675; 552030; 17
1670090143.381669; 552055; 17
1670090143.406674; 552080; 17
1670090143.431671; 552105; 17
1670090143.456669; 552130; 17
1670090143.481669; 552155; 17
1670090143.506683; 552180; 17
1670090143.531676; 552205; 17
1670090143.556669; 552230; 17
1670090143.581669; 552255; 17
1670090143.606674; 552280; 17
1670090143.631671; 552305; 17
1670090143.656670; 552330; 17
1670090143.681670; 552355; 17
1670090143.706674; 552380; 17
1670090143.731671; 552405; 17
1670090143.756670; 552430; 17
1670090143.781669; 552455; 17
1670090143.806680; 552480; 17
1670090143.831676; 552505; 17
1670090143.856675; 552530; 17
1670090143.881670; 552555; 17
1670090143.906683; 552580; 17
1670090143.931676; 552605; 17
1670090143.956669; 552630; 17
1670090143.981670; 552655; 17
1670090144.006674; 552680; 17
1670090144.031677; 552705; 17
1670090144.056671; 552730; 17
1670090144.081671; 552755; 18
1670090144.106680; 552780; 18
1670090144.131672; 552805; 18
1670090144.156675; 552830; 18
1670090144.181675; 552855; 17
1670090144.206675; 552880; 17
1670090144.231674; 552905; 17
1670090144.256671; 552930; 17
1670090144.281670; 552955; 17
1670090144.306675; 552980; 17
1670090144.331678; 553005; 17
1670090144.356671; 553030; 17
1670090144.381675; 553055; 17
1670090144.406675; 553080; 17
1670090144.431680; 553105; 17
1670090144.456676; 553130; 17
1670090144.481675; 553155; 17
1670090144.506675; 553180; 17
1670090144.531680; 553205; 17
1670090144.556676; 553230; 17
1670090144.581675; 553255; 17
1670090144.606675; 553280; 17
1670090144.631680; 553305; 17
1670090144.656676; 553330; 17
1670090144.681675; 553355; 17
1670090144.706675; 553380; 17
1670090144.731683; 553405; 17
1670090144.756676; 553430; 17
1670090144.781670; 553455; 17
1670090144.806669; 553480; 17
1670090144.831680; 553505; 17
1670090144.856676; 553530; 17
1670090144.881669; 553555; 17
1670090144.906670; 553580; 17
1670090144.931673; 553605; 17
1670090144.956672; 553630; 17
1670090144.981675; 553655; 17
1670090145.006675; 553680; 17
1670090145.031671; 553705; 17
1670090145.056675; 553730; 17
1670090145.081672; 553755; 17
1670090145.106671; 553780; 17
1670090145.131669; 553805; 17
1670090145.156683; 553830; 17
1670090145.181676; 553855; 17
1670090145.206675; 553880; 17
1670090145.231675; 553905; 17
1670090145.256680; 553930; 17
1670090145.281679; 553955; 17
1670090145.306670; 553980; 17
1670090145.331670; 554005; 17
1670090145.356674; 554030; 17
1670090145.381671; 554055; 17
1670090145.406670; 554080; 17
1670090145.431670; 554105; 17
1670090145.456674; 554130; 17
1670090145.481678; 554155; 17
1670090145.506669; 554180; 17
1670090145.531670; 554205; 17
1670090145.556678; 554230; 17
1670090145.581671; 554255; 17
1670090145.606670; 554280; 17
1670090145.631670; 554305; 17
1670090145.656674; 554330; 17
1670090145.681671; 554355; 17
1670090145.706669; 554380; 17
1670090145.731669; 554405; 17
1670090145.756670; 554430; 17
1670090145.781674; 554455; 17
1670090145.806676; 554480; 17
1670090145.831675; 554505; 17
1670090145.856675; 554530; 17
1670090145.881674; 554555; 17
1670090145.906671; 554580; 18
1670090145.931670; 554605; 18
1670090145.956670; 554630; 18
1670090145.981683; 554655; 18
1670090146.006676; 554680; 18
1670090146.031671; 554705; 18
1670090146.056676; 554730; 18
1670090146.081675; 554755; 18
1670090146.106672; 554780; 18
1670090146.131675; 554805; 18
1670090146.156675; 554830; 18
1670090146.181680; 554855; 18
1670090146.206676; 554880; 18
1670090146.231675; 554905; 18
1670090146.256670; 554930; 18
1670090146.281674; 554955; 18
1670090146.306671; 554980; 18
1670090146.331670; 555005; 18
1670090146.356670; 555030; 18
1670090146.381678; 555055; 18
1670090146.406676; 555080; 18
1670090146.431675; 555105; 18
1670090146.456675; 555130; 18
1670090146.481680; 555155; 18
1670090146.506671; 555180; 18
1670090146.531669; 555205; 18
1670090146.556669; 555230; 18
1670090146.581669; 555255; 18
1670090146.606674; 555280; 18
1670090146.631671; 555305; 17
1670090146.656670; 555330; 17
1670090146.681669; 555355; 17
1670090146.706674; 555380; 17
1670090146.731671; 555405; 17
1670090146.756670; 555430; 17
1670090146.781670; 555455; 17
1670090146.806683; 555480; 17
1670090146.831671; 555505; 17
1670090146.856669; 555530; 17
1670090146.881670; 555555; 17
1670090146.906674; 555580; 17
1670090146.931671; 555605; 17
1670090146.956670; 555630; 17
1670090146.981669; 555655; 17
1670090147.006674; 555680; 17
1670090147.031677; 555705; 17
1670090147.056676; 555730; 17
1670090147.081676; 555755; 17
1670090147.106681; 555780; 17
1670090147.131671; 555805; 17
1670090147.156670; 555830; 17
1670090147.181670; 555855; 17
1670090147.206678; 555880; 17
1670090147.231671; 555905; 17
1670090147.256669; 555930; 17
1670090147.281669; 555955; 17
1670090147.306678; 555980; 17
1670090147.331677; 556005; 17
1670090147.356669; 556030; 17
1670090147.381675; 556055; 17
1670090147.406675; 556080; 17
1670090147.431679; 556105; 17
1670090147.456676; 556130; 16
1670090147.481675; 556155; 16
1670090147.506675; 556180; 16
1670090147.531674; 556205; 16
1670090147.556671; 556230; 17
1670090147.581670; 556255; 17
1670090147.606670; 556280; 17
1670090147.631690; 556305; 17
1670090147.656676; 556330; 17
1670090147.681675; 556355; 17
1670090147.706675; 556380; 17
1670090147.731680; 556405; 17
1670090147.756676; 556430; 17
1670090147.781675; 556455; 17
1670090147.806675; 556480; 17
1670090147.831680; 556505; 17
1670090147.856676; 556530; 17
1670090147.881670; 556555; 17
1670090147.906669; 556580; 17
1670090147.931674; 556605; 17
1670090147.956671; 556630; 17
1670090147.981670; 556655; 17
1670090148.006670; 556680; 17
1670090148.031679; 556705; 17
1670090148.056677; 556730; 17
1670090148.081676; 556755; 17
1670090148.106671; 556780; 17
1670090148.131673; 556805; 17
1670090148.156672; 556830; 17
1670090148.181675; 556855; 17
1670090148.206675; 556880; 17
1670090148.231675; 556905; 17
1670090148.256674; 556930; 17
1670090148.281671; 556955; 17
1670090148.306670; 556980; 17
1670090148.331670; 557005; 17
1670090148.356680; 557030; 17
1670090148.381671; 557055; 17
1670090148.406670; 557080; 17
1670090148.431669; 557105; 17
1670090148.456678; 557130; 17
1670090148.481671; 557155; 17
1670090148.506669; 557180; 17
1670090148.531669; 557205; 17
1670090148.556674; 557230; 17
1670090148.581671; 557255; 17
1670090148.606670; 557280; 17
1670090148.631670; 557305; 17
1670090148.656680; 557330; 17
1670090148.681676; 557355; 17
1670090148.706700; 557380; 17
1670090148.731670; 557405; 17
1670090148.756674; 557430; 17
1670090148.781676; 557455; 17
1670090148.806675; 557480; 17
1670090148.831675; 557505; 17
1670090148.856678; 557530; 17
1670090148.881671; 557555; 17
1670090148.906669; 557580; 17
1670090148.931669; 557605; 17
1670090148.956670; 557630; 17
1670090148.981674; 557655; 17
1670090149.006671; 557680; 17
1670090149.031676; 557705; 17
1670090149.056676; 557730; 17
1670090149.081681; 557755; 17
1670090149.106672; 557780; 17
1670090149.131675; 557805; 17
1670090149.156675; 557830; 17
1670090149.181680; 557855; 17
1670090149.206676; 557880; 17
1670090149.231675; 557905; 17
1670090149.256675; 557930; 17
1670090149.281678; 557955; 17
1670090149.306671; 557980; 17
1670090149.331669; 558005; 17
1670090149.356669; 558030; 17
1670090149.381680; 558055; 17
1670090149.406676; 558080; 17
1670090149.431675; 558105; 17
1670090149.456675; 558130; 17
1670090149.481675; 558155; 17
1670090149.506671; 558180; 17
1670090149.531670; 558205; 17
1670090149.556669; 558230; 17
1670090149.581674; 558255; 17
1670090149.606671; 558280; 17
1670090149.631669; 558305; 17
1670090149.656670; 558330; 17
1670090149.681684; 558355; 17
1670090149.706671; 558380; 17
1670090149.731675; 558405; 17
1670090149.756675; 558430; 17
1670090149.781675; 558455; 17
1670090149.806680; 558480; 17
1670090149.831676; 558505; 17
1670090149.856675; 558530; 17
1670090149.881670; 558555; 17
1670090149.906680; 558580; 17
1670090149.931676; 558605; 17
1670090149.956675; 558630; 17
1670090149.981675; 558655; 17
1670090150.006680; 558680; 17
1670090150.031672; 558705; 17
1670090150.056671; 558730; 17
1670090150.081676; 558755; 17
1670090150.106679; 558780; 17
1670090150.131676; 558805; 17
1670090150.156675; 558830; 17
1670090150.181675; 558855; 17
1670090150.206680; 558880; 17
1670090150.231676; 558905; 17
1670090150.256675; 558930; 17
1670090150.281675; 558955; 17
1670090150.306674; 558980; 17
1670090150.331671; 559005; 17
1670090150.356669; 559030; 17
1670090150.381675; 559055; 17
1670090150.406679; 559080; 17
1670090150.431676; 559105; 17
1670090150.456670; 559130; 17
1670090150.481669; 559155; 17
1670090150.506682; 559180; 17
1670090150.531677; 559205; 17
1670090150.556670; 559230; 17
1670090150.581669; 559255; 17
1670090150.606670; 559280; 17
1670090150.631674; 559305; 17
1670090150.656671; 559330; 17
1670090150.681669; 559355; 17
1670090150.706669; 559380; 17
1670090150.731674; 559405; 17
1670090150.756671; 559430; 17
1670090150.781670; 559455; 17
1670090150.806670; 559480; 17
1670090150.831674; 559505; 17
1670090150.856671; 559530; 17
1670090150.881675; 559555; 17
1670090150.906675; 559580; 17
1670090150.931683; 559605; 17
1670090150.956676; 559630; 17
1670090150.981675; 559655; 17
1670090151.006675; 559680; 17
1670090151.031681; 559705; 17
1670090151.056672; 559730; 17
1670090151.081671; 559755; 17
1670090151.106676; 559780; 17
1670090151.131674; 559805; 17
1670090151.156671; 559830; 17
1670090151.181669; 559855; 17
1670090151.206669; 559880; 17
1670090151.231680; 559905; 17
1670090151.256676; 559930; 17
1670090151.281675; 559955; 17
1670090151.306675; 559980; 17
1670090151.331682; 560005; 17
1670090151.356672; 560030; 17
1670090151.381670; 560055; 17
1670090151.406670; 560080; 17
1670090151.431669; 560105; 17
1670090151.456674; 560130; 17
1670090151.481671; 560155; 17
1670090151.506669; 560180; 17
1670090151.531675; 560205; 17
1670090151.556680; 560230; 17
1670090151.581676; 560255; 17
1670090151.606675; 560280; 17
1670090151.631675; 560305; 17
1670090151.656680; 560330; 17
1670090151.681676; 560355; 17
1670090151.706675; 560380; 17
1670090151.731675; 560405; 17
1670090151.756683; 560430; 17
1670090151.781676; 560455; 17
1670090151.806675; 560480; 17
1670090151.831675; 560505; 17
1670090151.856680; 560530; 17
1670090151.881676; 560555; 17
1670090151.906675; 560580; 17
1670090151.931686; 560605; 17
1670090151.956680; 560630; 17
1670090151.981676; 560655; 17
1670090152.006675; 560680; 17
1670090152.031671; 560705; 17
1670090152.056675; 560730; 17
1670090152.081672; 560755; 17
1670090152.106671; 560780; 17
1670090152.131675; 560805; 17
1670090152.156675; 560830; 17
1670090152.181683; 560855; 17
1670090152.206676; 560880; 17
1670090152.231675; 560905; 17
1670090152.256675; 560930; 17
1670090152.281680; 560955; 17
1670090152.306676; 560980; 17
1670090152.331675; 561005; 17
1670090152.356675; 561030; 17
1670090152.381674; 561055; 17
1670090152.406671; 561080; 17
1670090152.431670; 561105; 17
1670090152.456670; 561130; 16
1670090152.481674; 561155; 16
1670090152.506671; 561180; 16
1670090152.531669; 561205; 16
1670090152.556669; 561230; 16
1670090152.581678; 561255; 16
1670090152.606671; 561280; 16
1670090152.631670; 561305; 16
1670090152.656670; 561330; 17
1670090152.681674; 561355; 17
1670090152.706671; 561380; 17
1670090152.731670; 561405; 17
1670090152.756669; 561430; 17
1670090152.781674; 561455; 17
1670090152.806671; 561480; 17
1670090152.831670; 561505; 17
1670090152.856670; 561530; 16
1670090152.881674; 561555; 16
1670090152.906671; 561580; 16
1670090152.931670; 561605; 16
1670090152.956677; 561630; 16
1670090152.981675; 561655; 16
1670090153.006683; 561680; 16
1670090153.031672; 561705; 16
1670090153.056671; 561730; 17
1670090153.081676; 561755; 17
1670090153.106675; 561780; 17
1670090153.131676; 561805; 17
1670090153.156675; 561830; 17
1670090153.181670; 561855; 17
1670090153.206674; 561880; 17
1670090153.231676; 561905; 17
1670090153.256675; 561930; 17
1670090153.281675; 561955; 17
1670090153.306680; 561980; 17
1670090153.331676; 562005; 17
1670090153.356675; 562030; 17
1670090153.381670; 562055; 16
1670090153.406683; 562080; 16
1670090153.431676; 562105; 16
1670090153.456675; 562130; 16
1670090153.481675; 562155; 16
1670090153.506680; 562180; 16
1670090153.531676; 562205; 16
1670090153.556675; 562230; 16
1670090153.581675; 562255; 17
1670090153.606680; 562280; 17
1670090153.631671; 562305; 17
1670090153.656669; 562330; 17
1670090153.681675; 562355; 17
1670090153.706678; 562380; 17
1670090153.731677; 562405; 17
1670090153.756670; 562430; 17
1670090153.781669; 562455; 16
1670090153.806669; 562480; 16
1670090153.831678; 562505; 16
1670090153.856671; 562530; 16
1670090153.881675; 562555; 16
1670090153.906675; 562580; 16
1670090153.931680; 562605; 16
1670090153.956676; 562630; 16
1670090153.981669; 562655; 17
1670090154.006669; 562680; 17
1670090154.031681; 562705; 17
1670090154.056672; 562730; 17
1670090154.081671; 562755; 17
1670090154.106671; 562780; 17
1670090154.131680; 562805; 17
1670090154.156676; 562830; 17
1670090154.181675; 562855; 17
1670090154.206669; 562880; 17
1670090154.231683; 562905; 17
1670090154.256676; 562930; 17
1670090154.281675; 562955; 16
1670090154.306675; 562980; 16
1670090154.331680; 563005; 16
1670090154.356676; 563030; 16
1670090154.381669; 563055; 16
1670090154.406670; 563080; 16
1670090154.431674; 563105; 16
1670090154.456671; 563130; 16
1670090154.481670; 563155; 16
1670090154.506669; 563180; 17
1670090154.531673; 563205; 17
1670090154.556672; 563230; 17
1670090154.581675; 563255; 17
1670090154.606675; 563280; 17
1670090154.631675; 563305; 17
1670090154.656683; 563330; 17
1670090154.681676; 563355; 17
1670090154.706670; 563380; 16
1670090154.731675; 563405; 16
1670090154.756680; 563430; 16
1670090154.781669; 563455; 16
1670090154.806669; 563480; 16
1670090154.831670; 563505; 16
1670090154.856674; 563530; 16
1670090154.881676; 563555; 16
1670090154.906686; 563580; 17
1670090154.931675; 563605; 17
1670090154.956674; 563630; 17
1670090154.981671; 563655; 17
1670090155.006675; 563680; 17
1670090155.031671; 563705; 17
1670090155.056684; 563730; 17
1670090155.081677; 563755; 17
1670090155.106676; 563780; 17
1670090155.131670; 563805; 17
1670090155.156674; 563830; 17
1670090155.181676; 563855; 17
1670090155.206675; 563880; 16
1670090155.231670; 563905; 16
1670090155.256674; 563930; 16
1670090155.281671; 563955; 16
1670090155.306669; 563980; 17
1670090155.331670; 564005; 17
1670090155.356670; 564030; 17
1670090155.381680; 564055; 17
1670090155.406676; 564080; 17
1670090155.431669; 564105; 17
1670090155.456670; 564130; 17
1670090155.481683; 564155; 17
1670090155.506676; 564180; 17
1670090155.531675; 564205; 17
1670090155.556675; 564230; 17
1670090155.581680; 564255; 17
1670090155.606676; 564280; 17
1670090155.631675; 564305; 16
1670090155.656675; 564330; 16
1670090155.681674; 564355; 16
1670090155.706671; 564380; 16
1670090155.731669; 564405; 16
1670090155.756670; 564430; 16
1670090155.781674; 564455; 16
1670090155.806671; 564480; 16
1670090155.831675; 564505; 17
1670090155.856675; 564530; 17
1670090155.881678; 564555; 17
1670090155.906671; 564580; 17
1670090155.931675; 564605; 17
1670090155.956675; 564630; 17
1670090155.981680; 564655; 17
1670090156.006676; 564680; 17
1670090156.031671; 564705; 17
1670090156.056676; 564730; 17
1670090156.081681; 564755; 17
1670090156.106672; 564780; 17
1670090156.131675; 564805; 17
1670090156.156675; 564830; 17
1670090156.181675; 564855; 17
1670090156.206679; 564880; 17
1670090156.231676; 564905; 17
1670090156.256670; 564930; 17
1670090156.281669; 564955; 17
1670090156.306683; 564980; 17
1670090156.331676; 565005; 17
1670090156.356675; 565030; 17
1670090156.381669; 565055; 17
1670090156.406674; 565080; 17
1670090156.431671; 565105; 17
1670090156.456675; 565130; 17
1670090156.481675; 565155; 17
1670090156.506674; 565180; 17
1670090156.531671; 565205; 17
1670090156.556670; 565230; 17
1670090156.581669; 565255; 17
1670090156.606674; 565280; 17
1670090156.631671; 565305; 17
1670090156.656675; 565330; 17
1670090156.681675; 565355; 17
1670090156.706678; 565380; 17
1670090156.731671; 565405; 17
1670090156.756670; 565430; 17
1670090156.781670; 565455; 17
1670090156.806674; 565480; 17
1670090156.831671; 565505; 17
1670090156.856675; 565530; 17
1670090156.881670; 565555; 17
1670090156.906673; 565580; 17
1670090156.931672; 565605; 17
1670090156.956675; 565630; 17
1670090156.981675; 565655; 17
1670090157.006675; 565680; 17
1670090157.031675; 565705; 17
1670090157.056672; 565730; 17
1670090157.081671; 565755; 17
1670090157.106676; 565780; 17
1670090157.131683; 565805; 17
1670090157.156676; 565830; 17
1670090157.181675; 565855; 17
1670090157.206675; 565880; 17
1670090157.231680; 565905; 17
1670090157.256697; 565930; 17
1670090157.281670; 565955; 17
1670090157.306670; 565980; 17
1670090157.331674; 566005; 17
1670090157.356671; 566030; 17
1670090157.381675; 566055; 17
1670090157.406675; 566080; 17
1670090157.431680; 566105; 17
1670090157.456676; 566130; 17
1670090157.481669; 566155; 17
1670090157.506669; 566180; 17
1670090157.531678; 566205; 17
1670090157.556671; 566230; 17
1670090157.581669; 566255; 17
1670090157.606670; 566280; 17
1670090157.631674; 566305; 17
1670090157.656671; 566330; 17
1670090157.681670; 566355; 17
1670090157.706670; 566380; 17
1670090157.731673; 566405; 17
1670090157.756672; 566430; 17
1670090157.781675; 566455; 17
1670090157.806675; 566480; 17
1670090157.831675; 566505; 17
1670090157.856674; 566530; 17
1670090157.881671; 566555; 17
1670090157.906669; 566580; 17
1670090157.931669; 566605; 17
1670090157.956683; 566630; 17
1670090157.981676; 566655; 17
1670090158.006675; 566680; 17
1670090158.031671; 566705; 17
1670090158.056681; 566730; 17
1670090158.081677; 566755; 17
1670090158.106676; 566780; 17
1670090158.131669; 566805; 17
1670090158.156674; 566830; 17
1670090158.181671; 566855; 17
1670090158.206669; 566880; 17
1670090158.231670; 566905; 17
1670090158.256674; 566930; 17
1670090158.281675; 566955; 17
1670090158.306675; 566980; 17
1670090158.331675; 567005; 17
1670090158.356683; 567030; 17
1670090158.381671; 567055; 17
1670090158.406675; 567080; 17
1670090158.431675; 567105; 17
1670090158.456680; 567130; 17
1670090158.481676; 567155; 17
1670090158.506675; 567180; 17
1670090158.531675; 567205; 17
1670090158.556675; 567230; 17
1670090158.581680; 567255; 17
1670090158.606676; 567280; 17
1670090158.631675; 567305; 17
1670090158.656670; 567330; 17
1670090158.681674; 567355; 17
1670090158.706676; 567380; 17
1670090158.731675; 567405; 17
1670090158.756675; 567430; 17
1670090158.781678; 567455; 17
1670090158.806676; 567480; 17
1670090158.831675; 567505; 17
1670090158.856675; 567530; 17
1670090158.881674; 567555; 17
1670090158.906671; 567580; 17
1670090158.931669; 567605; 17
1670090158.956670; 567630; 17
1670090158.981674; 567655; 17
1670090159.006671; 567680; 17
1670090159.031676; 567705; 17
1670090159.056676; 567730; 17
1670090159.081681; 567755; 17
1670090159.106672; 567780; 17
1670090159.131675; 567805; 17
1670090159.156669; 567830; 17
1670090159.181683; 567855; 17
1670090159.206676; 567880; 17
1670090159.231675; 567905; 17
1670090159.256675; 567930; 17
1670090159.281680; 567955; 17
1670090159.306671; 567980; 17
1670090159.331670; 568005; 17
1670090159.356669; 568030; 17
1670090159.381675; 568055; 17
1670090159.406680; 568080; 17
1670090159.431676; 568105; 17
1670090159.456675; 568130; 17
1670090159.481675; 568155; 17
1670090159.506680; 568180; 17
1670090159.531676; 568205; 17
1670090159.556675; 568230; 17
1670090159.581675; 568255; 17
1670090159.606678; 568280; 17
1670090159.631671; 568305; 17
1670090159.656670; 568330; 17
1670090159.681669; 568355; 17
1670090159.706674; 568380; 17
1670090159.731671; 568405; 17
1670090159.756669; 568430; 17
1670090159.781669; 568455; 17
1670090159.806674; 568480; 17
1670090159.831671; 568505; 17
1670090159.856669; 568530; 17
1670090159.881675; 568555; 17
1670090159.906674; 568580; 17
1670090159.931671; 568605; 17
1670090159.956670; 568630; 17
1670090159.981675; 568655; 17
1670090160.006683; 568680; 17
1670090160.031672; 568705; 17
1670090160.056671; 568730; 17
1670090160.081676; 568755; 17
1670090160.106674; 568780; 17
1670090160.131672; 568805; 17
1670090160.156675; 568830; 17
1670090160.181675; 568855; 17
1670090160.206675; 568880; 17
1670090160.231680; 568905; 17
1670090160.256676; 568930; 17
1670090160.281675; 568955; 17
1670090160.306675; 568980; 17
1670090160.331674; 569005; 17
1670090160.356671; 569030; 17
1670090160.381675; 569055; 17
1670090160.406675; 569080; 17
1670090160.431678; 569105; 17
1670090160.456671; 569130; 17
1670090160.481670; 569155; 17
1670090160.506669; 569180; 17
1670090160.531674; 569205; 17
1670090160.556676; 569230; 17
1670090160.581675; 569255; 17
1670090160.606675; 569280; 17
1670090160.631680; 569305; 17
1670090160.656676; 569330; 17
1670090160.681675; 569355; 17
1670090160.706675; 569380; 17
1670090160.731680; 569405; 17
1670090160.756676; 569430; 17
1670090160.781675; 569455; 17
1670090160.806675; 569480; 17
1670090160.831683; 569505; 17
1670090160.856676; 569530; 17
1670090160.881669; 569555; 17
1670090160.906670; 569580; 17
1670090160.931678; 569605; 17
1670090160.956672; 569630; 17
1670090160.981675; 569655; 17
1670090161.006669; 569680; 17
1670090161.031676; 569705; 17
1670090161.056681; 569730; 17
1670090161.081677; 569755; 17
1670090161.106676; 569780; 17
1670090161.131670; 569805; 17
1670090161.156680; 569830; 17
1670090161.181676; 569855; 17
1670090161.206675; 569880; 17
1670090161.231675; 569905; 16
1670090161.256683; 569930; 16
1670090161.281676; 569955; 16
1670090161.306675; 569980; 16
1670090161.331675; 570005; 17
1670090161.356674; 570030; 17
1670090161.381671; 570055; 17
1670090161.406670; 570080; 17
1670090161.431670; 570105; 17
1670090161.456674; 570130; 17
1670090161.481671; 570155; 17
1670090161.506669; 570180; 17
1670090161.531675; 570205; 17
1670090161.556680; 570230; 17
1670090161.581671; 570255; 17
1670090161.606670; 570280; 17
1670090161.631669; 570305; 17
1670090161.656678; 570330; 16
1670090161.681671; 570355; 16
1670090161.706670; 570380; 16
1670090161.731670; 570405; 16
1670090161.756670; 570430; 17
1670090161.781680; 570455; 17
1670090161.806676; 570480; 17
1670090161.831675; 570505; 17
1670090161.856675; 570530; 17
1670090161.881674; 570555; 17
1670090161.906671; 570580; 17
1670090161.931670; 570605; 17
1670090161.956670; 570630; 17
1670090161.981674; 570655; 17
1670090162.006671; 570680; 17
1670090162.031676; 570705; 17
1670090162.056676; 570730; 17
1670090162.081684; 570755; 17
1670090162.106677; 570780; 17
1670090162.131669; 570805; 17
1670090162.156669; 570830; 17
1670090162.181680; 570855; 17
1670090162.206676; 570880; 17
1670090162.231675; 570905; 17
1670090162.256675; 570930; 17
1670090162.281680; 570955; 17
1670090162.306676; 570980; 17
1670090162.331675; 571005; 17
1670090162.356675; 571030; 17
1670090162.381674; 571055; 17
1670090162.406671; 571080; 17
1670090162.431669; 571105; 17
1670090162.456675; 571130; 17
1670090162.481678; 571155; 17
1670090162.506671; 571180; 17
1670090162.531669; 571205; 17
1670090162.556669; 571230; 17
1670090162.581692; 571255; 16
1670090162.606680; 571280; 16
1670090162.631676; 571305; 16
1670090162.656675; 571330; 16
1670090162.681675; 571355; 17
1670090162.706680; 571380; 17
1670090162.731676; 571405; 17
1670090162.756675; 571430; 17
1670090162.781675; 571455; 17
1670090162.806674; 571480; 17
1670090162.831671; 571505; 17
1670090162.856669; 571530; 17
1670090162.881670; 571555; 17
1670090162.906683; 571580; 17
1670090162.931676; 571605; 17
1670090162.956675; 571630; 17
1670090162.981675; 571655; 17
1670090163.006680; 571680; 17
1670090163.031672; 571705; 17
1670090163.056671; 571730; 17
1670090163.081676; 571755; 16
1670090163.106681; 571780; 16
1670090163.131671; 571805; 16
1670090163.156670; 571830; 16
1670090163.181669; 571855; 17
1670090163.206680; 571880; 17
1670090163.231676; 571905; 17
1670090163.256675; 571930; 17
1670090163.281675; 571955; 17
1670090163.306682; 571980; 17
1670090163.331677; 572005; 17
1670090163.356669; 572030; 17
1670090163.381675; 572055; 17
1670090163.406669; 572080; 17
1670090163.431674; 572105; 17
1670090163.456671; 572130; 17
1670090163.481670; 572155; 16
1670090163.506670; 572180; 16
1670090163.531674; 572205; 16
1670090163.556671; 572230; 16
1670090163.581670; 572255; 17
1670090163.606698; 572280; 17
1670090163.631674; 572305; 17
1670090163.656671; 572330; 17
1670090163.681669; 572355; 17
1670090163.706669; 572380; 17
1670090163.731678; 572405; 17
1670090163.756671; 572430; 17
1670090163.781670; 572455; 17
1670090163.806670; 572480; 17
1670090163.831680; 572505; 17
1670090163.856676; 572530; 17
1670090163.881670; 572555; 17
1670090163.906670; 572580; 17
1670090163.931674; 572605; 17
1670090163.956671; 572630; 17
1670090163.981669; 572655; 17
1670090164.006670; 572680; 16
1670090164.031681; 572705; 16
1670090164.056672; 572730; 16
1670090164.081671; 572755; 16
1670090164.106671; 572780; 17
1670090164.131677; 572805; 17
1670090164.156672; 572830; 17
1670090164.181675; 572855; 17
1670090164.206675; 572880; 17
1670090164.231669; 572905; 17
1670090164.256674; 572930; 17
1670090164.281671; 572955; 17
1670090164.306669; 572980; 17
1670090164.331670; 573005; 17
1670090164.356674; 573030; 17
1670090164.381676; 573055; 17
1670090164.406675; 573080; 16
1670090164.431675; 573105; 16
1670090164.456680; 573130; 16
1670090164.481676; 573155; 16
1670090164.506675; 573180; 16
1670090164.531675; 573205; 16
1670090164.556678; 573230; 16
1670090164.581671; 573255; 16
1670090164.606669; 573280; 17
1670090164.631675; 573305; 17
1670090164.656680; 573330; 17
1670090164.681680; 573355; 17
1670090164.706670; 573380; 17
1670090164.731669; 573405; 17
1670090164.756674; 573430; 17
1670090164.781671; 573455; 17
1670090164.806670; 573480; 17
1670090164.831670; 573505; 17
1670090164.856674; 573530; 17
1670090164.881676; 573555; 17
1670090164.906675; 573580; 17
1670090164.931675; 573605; 16
1670090164.956675; 573630; 16
1670090164.981683; 573655; 16
1670090165.006676; 573680; 16
1670090165.031671; 573705; 17
1670090165.056676; 573730; 17
1670090165.081675; 573755; 17
1670090165.106672; 573780; 17
1670090165.131675; 573805; 17
1670090165.156675; 573830; 17
1670090165.181680; 573855; 17
1670090165.206676; 573880; 17
1670090165.231675; 573905; 17
1670090165.256669; 573930; 17
1670090165.281674; 573955; 17
1670090165.306671; 573980; 17
1670090165.331670; 574005; 17
1670090165.356670; 574030; 17
1670090165.381678; 574055; 17
1670090165.406671; 574080; 17
1670090165.431669; 574105; 17
1670090165.456669; 574130; 17
1670090165.481674; 574155; 17
1670090165.506671; 574180; 17
1670090165.531670; 574205; 17
1670090165.556675; 574230; 17
1670090165.581680; 574255; 17
1670090165.606676; 574280; 17
1670090165.631675; 574305; 17
1670090165.656669; 574330; 17
1670090165.681674; 574355; 17
1670090165.706671; 574380; 17
1670090165.731670; 574405; 17
1670090165.756670; 574430; 17
1670090165.781670; 574455; 17
1670090165.806678; 574480; 17
1670090165.831676; 574505; 16
1670090165.856675; 574530; 16
1670090165.881669; 574555; 16
1670090165.906674; 574580; 16
1670090165.931671; 574605; 17
1670090165.956670; 574630; 17
1670090165.981669; 574655; 17
1670090166.006674; 574680; 17
1670090166.031677; 574705; 17
1670090166.056676; 574730; 17
1670090166.081671; 574755; 17
1670090166.106675; 574780; 17
1670090166.131679; 574805; 17
1670090166.156670; 574830; 17
1670090166.181670; 574855; 17
1670090166.206683; 574880; 17
1670090166.231676; 574905; 17
1670090166.256675; 574930; 17
1670090166.281669; 574955; 17
1670090166.306674; 574980; 17
1670090166.331676; 575005; 17
1670090166.356675; 575030; 17
1670090166.381669; 575055; 17
1670090166.406674; 575080; 17
1670090166.431671; 575105; 17
1670090166.456669; 575130; 17
1670090166.481675; 575155; 17
1670090166.506678; 575180; 17
1670090166.531677; 575205; 17
1670090166.556670; 575230; 17
1670090166.581686; 575255; 17
1670090166.606670; 575280; 17
1670090166.631683; 575305; 17
1670090166.656676; 575330; 17
1670090166.681669; 575355; 17
1670090166.706669; 575380; 17
1670090166.731674; 575405; 17
1670090166.756671; 575430; 17
1670090166.781669; 575455; 17
1670090166.806670; 575480; 17
1670090166.831674; 575505; 17
1670090166.856676; 575530; 17
1670090166.881669; 575555; 17
1670090166.906669; 575580; 17
1670090166.931674; 575605; 17
1670090166.956671; 575630; 17
1670090166.981669; 575655; 17
1670090167.006670; 575680; 17
1670090167.031684; 575705; 17
1670090167.056677; 575730; 17
1670090167.081676; 575755; 17
1670090167.106671; 575780; 17
1670090167.131674; 575805; 17
1670090167.156671; 575830; 17
1670090167.181670; 575855; 17
1670090167.206669; 575880; 17
1670090167.231674; 575905; 17
1670090167.256671; 575930; 17
1670090167.281669; 575955; 17
1670090167.306669; 575980; 17
1670090167.331673; 576005; 17
1670090167.356677; 576030; 17
1670090167.381675; 576055; 17
1670090167.406675; 576080; 17
1670090167.431675; 576105; 17
1670090167.456683; 576130; 17
1670090167.481676; 576155; 17
1670090167.506669; 576180; 17
1670090167.531669; 576205; 17
1670090167.556674; 576230; 17
1670090167.581671; 576255; 17
1670090167.606670; 576280; 17
1670090167.631669; 576305; 17
1670090167.656674; 576330; 17
1670090167.681671; 576355; 17
1670090167.706669; 576380; 17
1670090167.731670; 576405; 17
1670090167.756674; 576430; 17
1670090167.781671; 576455; 17
1670090167.806670; 576480; 17
1670090167.831669; 576505; 17
1670090167.856678; 576530; 17
1670090167.881671; 576555; 17
1670090167.906687; 576580; 17
1670090167.931670; 576605; 17
1670090167.956674; 576630; 17
1670090167.981671; 576655; 17
1670090168.006669; 576680; 17
1670090168.031676; 576705; 17
1670090168.056681; 576730; 17
1670090168.081672; 576755; 17
1670090168.106671; 576780; 17
1670090168.131669; 576805; 17
1670090168.156670; 576830; 17
1670090168.181674; 576855; 17
1670090168.206671; 576880; 17
1670090168.231669; 576905; 17
1670090168.256670; 576930; 17
1670090168.281678; 576955; 17
1670090168.306676; 576980; 17
1670090168.331669; 577005; 17
1670090168.356670; 577030; 17
1670090168.381674; 577055; 17
1670090168.406671; 577080; 17
1670090168.431669; 577105; 17
1670090168.456670; 577130; 17
1670090168.481674; 577155; 17
1670090168.506671; 577180; 17
1670090168.531670; 577205; 17
1670090168.556670; 577230; 17
1670090168.581674; 577255; 17
1670090168.606671; 577280; 17
1670090168.631669; 577305; 17
1670090168.656669; 577330; 17
1670090168.681683; 577355; 17
1670090168.706676; 577380; 17
1670090168.731689; 577405; 17
1670090168.756669; 577430; 17
1670090168.781674; 577455; 17
1670090168.806671; 577480; 17
1670090168.831670; 577505; 17
1670090168.856670; 577530; 17
1670090168.881674; 577555; 17
1670090168.906671; 577580; 17
1670090168.931676; 577605; 17
1670090168.956669; 577630; 17
1670090168.981670; 577655; 17
1670090169.006674; 577680; 17
1670090169.031677; 577705; 17
1670090169.056676; 577730; 17
1670090169.081676; 577755; 17
1670090169.106684; 577780; 17
1670090169.131671; 577805; 17
1670090169.156670; 577830; 17
1670090169.181670; 577855; 17
1670090169.206674; 577880; 18
1670090169.231671; 577905; 18
1670090169.256669; 577930; 18
1670090169.281669; 577955; 18
1670090169.306674; 577980; 18
1670090169.331671; 578005; 18
1670090169.356669; 578030; 18
1670090169.381675; 578055; 18
1670090169.406680; 578080; 17
1670090169.431676; 578105; 17
1670090169.456675; 578130; 17
1670090169.481675; 578155; 17
1670090169.506683; 578180; 17
1670090169.531676; 578205; 17
1670090169.556669; 578230; 17
1670090169.581670; 578255; 17
1670090169.606674; 578280; 17
1670090169.631671; 578305; 18
1670090169.656670; 578330; 18
1670090169.681670; 578355; 18
1670090169.706673; 578380; 18
1670090169.731672; 578405; 18
1670090169.756673; 578430; 18
1670090169.781675; 578455; 18
1670090169.806675; 578480; 18
1670090169.831674; 578505; 18
1670090169.856671; 578530; 18
1670090169.881670; 578555; 18
1670090169.906669; 578580; 18
1670090169.931683; 578605; 18
1670090169.956676; 578630; 18
1670090169.981675; 578655; 18
1670090170.006693; 578680; 18
1670090170.031675; 578705; 18
1670090170.056672; 578730; 18
1670090170.081671; 578755; 18
1670090170.106676; 578780; 18
1670090170.131674; 578805; 18
1670090170.156671; 578830; 18
1670090170.181675; 578855; 18
1670090170.206675; 578880; 18
1670090170.231680; 578905; 18
1670090170.256676; 578930; 18
1670090170.281675; 578955; 18
1670090170.306675; 578980; 18
1670090170.331678; 579005; 18
1670090170.356671; 579030; 18
1670090170.381675; 579055; 18
1670090170.406675; 579080; 18
1670090170.431680; 579105; 18
1670090170.456676; 579130; 18
1670090170.481675; 579155; 18
1670090170.506675; 579180; 18
1670090170.531673; 579205; 18
1670090170.556672; 579230; 18
1670090170.581669; 579255; 18
1670090170.606669; 579280; 18
1670090170.631670; 579305; 18
1670090170.656674; 579330; 18
1670090170.681671; 579355; 18
1670090170.706669; 579380; 18
1670090170.731670; 579405; 18
1670090170.756683; 579430; 18
1670090170.781671; 579455; 18
1670090170.806669; 579480; 18
1670090170.831675; 579505; 18
1670090170.856680; 579530; 18
1670090170.881671; 579555; 18
1670090170.906670; 579580; 18
1670090170.931669; 579605; 18
1670090170.956674; 579630; 18
1670090170.981676; 579655; 18
1670090171.006675; 579680; 18
1670090171.031671; 579705; 18
1670090171.056675; 579730; 18
1670090171.081672; 579755; 18
1670090171.106671; 579780; 18
1670090171.131669; 579805; 18
1670090171.156683; 579830; 19
1670090171.181676; 579855; 19
1670090171.206670; 579880; 19
1670090171.231670; 579905; 19
1670090171.256680; 579930; 19
1670090171.281676; 579955; 19
1670090171.306675; 579980; 19
1670090171.331675; 580005; 19
1670090171.356675; 580030; 18
1670090171.381674; 580055; 18
1670090171.406676; 580080; 18
1670090171.431675; 580105; 18
1670090171.456675; 580130; 19
1670090171.481680; 580155; 19
1670090171.506676; 580180; 19
1670090171.531675; 580205; 19
1670090171.556675; 580230; 19
1670090171.581683; 580255; 19
1670090171.606671; 580280; 19
1670090171.631669; 580305; 19
1670090171.656670; 580330; 19
1670090171.681674; 580355; 19
1670090171.706671; 580380; 19
1670090171.731669; 580405; 19
1670090171.756669; 580430; 19
1670090171.781674; 580455; 19
1670090171.806676; 580480; 19
1670090171.831675; 580505; 19
1670090171.856675; 580530; 19
1670090171.881674; 580555; 19
1670090171.906671; 580580; 19
1670090171.931670; 580605; 19
1670090171.956670; 580630; 19
1670090171.981678; 580655; 19
1670090172.006671; 580680; 19
1670090172.031671; 580705; 19
1670090172.056671; 580730; 19
1670090172.081681; 580755; 20
1670090172.106672; 580780; 20
1670090172.131675; 580805; 20
1670090172.156675; 580830; 20
1670090172.181675; 580855; 20
1670090172.206680; 580880; 20
1670090172.231676; 580905; 20
1670090172.256675; 580930; 20
1670090172.281675; 580955; 20
1670090172.306680; 580980; 20
1670090172.331676; 581005; 20
1670090172.356675; 581030; 20
1670090172.381669; 581055; 20
1670090172.406683; 581080; 20
1670090172.431671; 581105; 20
1670090172.456669; 581130; 20
1670090172.481675; 581155; 20
1670090172.506679; 581180; 20
1670090172.531676; 581205; 20
1670090172.556675; 581230; 20
1670090172.581675; 581255; 20
1670090172.606680; 581280; 20
1670090172.631676; 581305; 20
1670090172.656675; 581330; 20
1670090172.681675; 581355; 21
1670090172.706680; 581380; 21
1670090172.731676; 581405; 21
1670090172.756675; 581430; 21
1670090172.781675; 581455; 21
1670090172.806683; 581480; 21
1670090172.831676; 581505; 21
1670090172.856675; 581530; 21
1670090172.881675; 581555; 21
1670090172.906673; 581580; 21
1670090172.931672; 581605; 21
1670090172.956675; 581630; 21
1670090172.981675; 581655; 21
1670090173.006675; 581680; 21
1670090173.031687; 581705; 21
1670090173.056677; 581730; 21
1670090173.081676; 581755; 21
1670090173.106676; 581780; 20
1670090173.131674; 581805; 20
1670090173.156671; 581830; 20
1670090173.181669; 581855; 20
1670090173.206669; 581880; 20
1670090173.231693; 581905; 20
1670090173.256671; 581930; 20
1670090173.281669; 581955; 20
1670090173.306675; 581980; 21
1670090173.331680; 582005; 21
1670090173.356676; 582030; 21
1670090173.381669; 582055; 21
1670090173.406669; 582080; 22
1670090173.431674; 582105; 22
1670090173.456676; 582130; 22
1670090173.481675; 582155; 22
1670090173.506675; 582180; 22
1670090173.531680; 582205; 22
1670090173.556676; 582230; 22
1670090173.581675; 582255; 22
1670090173.606675; 582280; 21
1670090173.631678; 582305; 21
1670090173.656671; 582330; 21
1670090173.681669; 582355; 21
1670090173.706670; 582380; 21
1670090173.731678; 582405; 21
1670090173.756677; 582430; 21
1670090173.781669; 582455; 21
1670090173.806670; 582480; 22
1670090173.831669; 582505; 22
1670090173.856674; 582530; 22
1670090173.881671; 582555; 22
1670090173.906670; 582580; 23
1670090173.931669; 582605; 23
1670090173.956674; 582630; 23
1670090173.981671; 582655; 23
1670090174.006669; 582680; 24
1670090174.031676; 582705; 24
1670090174.056698; 582730; 24
1670090174.081672; 582755; 24
1670090174.106676; 582780; 24
1670090174.131669; 582805; 24
1670090174.156674; 582830; 24
1670090174.181671; 582855; 24
1670090174.206669; 582880; 24
1670090174.231670; 582905; 24
1670090174.256682; 582930; 24
1670090174.281676; 582955; 24
1670090174.306675; 582980; 24
1670090174.331675; 583005; 24
1670090174.356680; 583030; 24
1670090174.381671; 583055; 24
1670090174.406669; 583080; 24
1670090174.431669; 583105; 23
1670090174.456678; 583130; 23
1670090174.481676; 583155; 23
1670090174.506675; 583180; 23
1670090174.531675; 583205; 23
1670090174.556675; 583230; 23
1670090174.581680; 583255; 23
1670090174.606676; 583280; 23
1670090174.631675; 583305; 23
1670090174.656675; 583330; 23
1670090174.681674; 583355; 23
1670090174.706671; 583380; 23
1670090174.731669; 583405; 23
1670090174.756669; 583430; 23
1670090174.781674; 583455; 23
1670090174.806671; 583480; 23
1670090174.831669; 583505; 23
1670090174.856670; 583530; 23
1670090174.881678; 583555; 23
1670090174.906671; 583580; 23
1670090174.931675; 583605; 23
1670090174.956675; 583630; 23
1670090174.981680; 583655; 23
1670090175.006676; 583680; 23
1670090175.031671; 583705; 22
1670090175.056676; 583730; 22
1670090175.081679; 583755; 22
1670090175.106672; 583780; 22
1670090175.131675; 583805; 22
1670090175.156675; 583830; 22
1670090175.181679; 583855; 22
1670090175.206676; 583880; 22
1670090175.231675; 583905; 22
1670090175.256675; 583930; 22
1670090175.281683; 583955; 22
1670090175.306671; 583980; 22
1670090175.331693; 584005; 22
1670090175.356675; 584030; 21
1670090175.381670; 584055; 21
1670090175.406674; 584080; 21
1670090175.431671; 584105; 21
1670090175.456670; 584130; 19
1670090175.481669; 584155; 19
1670090175.506674; 584180; 19
1670090175.531671; 584205; 19
1670090175.556670; 584230; 18
1670090175.581669; 584255; 18
1670090175.606674; 584280; 18
1670090175.631671; 584305; 18
1670090175.656669; 584330; 18
1670090175.681670; 584355; 18
1670090175.706678; 584380; 18
1670090175.731671; 584405; 18
1670090175.756669; 584430; 18
1670090175.781670; 584455; 18
1670090175.806674; 584480; 18
1670090175.831671; 584505; 18
1670090175.856669; 584530; 18
1670090175.881670; 584555; 18
1670090175.906680; 584580; 18
1670090175.931676; 584605; 18
1670090175.956675; 584630; 17
1670090175.981675; 584655; 17
1670090176.006680; 584680; 17
1670090176.031672; 584705; 17
1670090176.056671; 584730; 17
1670090176.081676; 584755; 17
1670090176.106678; 584780; 17
1670090176.131677; 584805; 17
1670090176.156675; 584830; 17
1670090176.181675; 584855; 17
1670090176.206675; 584880; 17
1670090176.231680; 584905; 17
1670090176.256676; 584930; 18
1670090176.281675; 584955; 18
1670090176.306669; 584980; 18
1670090176.331674; 585005; 18
1670090176.356671; 585030; 17
1670090176.381675; 585055; 17
1670090176.406675; 585080; 17
1670090176.431680; 585105; 17
1670090176.456676; 585130; 17
1670090176.481675; 585155; 17
1670090176.506675; 585180; 17
1670090176.531683; 585205; 17
1670090176.556676; 585230; 17
1670090176.581670; 585255; 18
1670090176.606669; 585280; 18
1670090176.631674; 585305; 18
1670090176.656671; 585330; 18
1670090176.681669; 585355; 18
1670090176.706670; 585380; 18
1670090176.731674; 585405; 18
1670090176.756671; 585430; 18
1670090176.781670; 585455; 17
1670090176.806669; 585480; 17
1670090176.831674; 585505; 17
1670090176.856671; 585530; 17
1670090176.881670; 585555; 17
1670090176.906669; 585580; 17
1670090176.931677; 585605; 17
1670090176.956672; 585630; 17
1670090176.981675; 585655; 18
1670090177.006675; 585680; 18
1670090177.031671; 585705; 18
1670090177.056681; 585730; 18
1670090177.081672; 585755; 18
1670090177.106671; 585780; 18
1670090177.131675; 585805; 18
1670090177.156680; 585830; 18
1670090177.181676; 585855; 18
1670090177.206675; 585880; 18
1670090177.231675; 585905; 18
1670090177.256680; 585930; 18
1670090177.281676; 585955; 18
1670090177.306675; 585980; 18
1670090177.331669; 586005; 18
1670090177.356678; 586030; 18
1670090177.381676; 586055; 18
1670090177.406675; 586080; 18
1670090177.431675; 586105; 18
1670090177.456680; 586130; 18
1670090177.481676; 586155; 19
1670090177.506675; 586180; 19
1670090177.531675; 586205; 19
1670090177.556680; 586230; 19
1670090177.581676; 586255; 19
1670090177.606675; 586280; 19
1670090177.631675; 586305; 19
1670090177.656680; 586330; 19
1670090177.681676; 586355; 19
1670090177.706675; 586380; 19
1670090177.731675; 586405; 19
1670090177.756675; 586430; 19
1670090177.781683; 586455; 19
1670090177.806671; 586480; 19
1670090177.831669; 586505; 19
1670090177.856669; 586530; 19
1670090177.881674; 586555; 19
1670090177.906671; 586580; 19
1670090177.931669; 586605; 19
1670090177.956675; 586630; 19
1670090177.981680; 586655; 19
1670090178.006676; 586680; 19
1670090178.031671; 586705; 19
1670090178.056676; 586730; 19
1670090178.081681; 586755; 19
1670090178.106672; 586780; 19
1670090178.131675; 586805; 19
1670090178.156675; 586830; 19
1670090178.181683; 586855; 19
1670090178.206676; 586880; 18
1670090178.231675; 586905; 18
1670090178.256675; 586930; 18
1670090178.281680; 586955; 18
1670090178.306676; 586980; 19
1670090178.331675; 587005; 19
1670090178.356693; 587030; 19
1670090178.381674; 587055; 19
1670090178.406671; 587080; 19
1670090178.431670; 587105; 19
1670090178.456669; 587130; 19
1670090178.481674; 587155; 19
1670090178.506671; 587180; 19
1670090178.531670; 587205; 19
1670090178.556694; 587230; 19
1670090178.581669; 587255; 19
1670090178.606678; 587280; 19
1670090178.631676; 587305; 19
1670090178.656675; 587330; 19
1670090178.681675; 587355; 19
1670090178.706680; 587380; 18
1670090178.731676; 587405; 18
1670090178.756675; 587430; 18
1670090178.781669; 587455; 18
1670090178.806674; 587480; 18
1670090178.831671; 587505; 18
1670090178.856669; 587530; 18
1670090178.881669; 587555; 18
1670090178.906674; 587580; 18
1670090178.931671; 587605; 19
1670090178.956669; 587630; 19
1670090178.981669; 587655; 19
1670090179.006678; 587680; 19
1670090179.031672; 587705; 19
1670090179.056671; 587730; 19
1670090179.081676; 587755; 19
1670090179.106675; 587780; 19
1670090179.131676; 587805; 20
1670090179.156675; 587830; 20
1670090179.181669; 587855; 20
1670090179.206674; 587880; 20
1670090179.231671; 587905; 20
1670090179.256670; 587930; 20
1670090179.281670; 587955; 20
1670090179.306673; 587980; 20
1670090179.331672; 588005; 21
1670090179.356675; 588030; 21
1670090179.381698; 588055; 21
1670090179.406669; 588080; 21
1670090179.431683; 588105; 21
1670090179.456676; 588130; 21
1670090179.481675; 588155; 21
1670090179.506675; 588180; 21
1670090179.531680; 588205; 22
1670090179.556676; 588230; 22
1670090179.581672; 588255; 22
1670090179.606675; 588280; 22
1670090179.631680; 588305; 22
1670090179.656676; 588330; 22
1670090179.681675; 588355; 22
1670090179.706675; 588380; 22
1670090179.731680; 588405; 23
1670090179.756676; 588430; 23
1670090179.781675; 588455; 23
1670090179.806670; 588480; 23
1670090179.831683; 588505; 23
1670090179.856671; 588530; 23
1670090179.881669; 588555; 23
1670090179.906670; 588580; 23
1670090179.931674; 588605; 23
1670090179.956671; 588630; 23
1670090179.981669; 588655; 23
1670090180.006669; 588680; 23
1670090180.031681; 588705; 23
1670090180.056677; 588730; 23
1670090180.081676; 588755; 23
1670090180.106676; 588780; 23
1670090180.131678; 588805; 23
1670090180.156677; 588830; 23
1670090180.181670; 588855; 23
1670090180.206675; 588880; 23
1670090180.231675; 588905; 23
1670090180.256678; 588930; 23
1670090180.281671; 588955; 23
1670090180.306669; 588980; 23
1670090180.331670; 589005; 23
1670090180.356674; 589030; 24
1670090180.381676; 589055; 24
1670090180.406677; 589080; 24
1670090180.431669; 589105; 24
1670090180.456674; 589130; 24
1670090180.481671; 589155; 24
1670090180.506670; 589180; 24
1670090180.531670; 589205; 24
1670090180.556674; 589230; 23
1670090180.581671; 589255; 23
1670090180.606675; 589280; 23
1670090180.631669; 589305; 23
1670090180.656683; 589330; 24
1670090180.681676; 589355; 24
1670090180.706675; 589380; 24
1670090180.731675; 589405; 24
1670090180.756680; 589430; 25
1670090180.781676; 589455; 25
1670090180.806675; 589480; 25
1670090180.831669; 589505; 25
1670090180.856674; 589530; 26
1670090180.881671; 589555; 26
1670090180.906669; 589580; 26
1670090180.931669; 589605; 26
1670090180.956670; 589630; 27
1670090180.981674; 589655; 27
1670090181.006671; 589680; 27
1670090181.031676; 589705; 27
1670090181.056676; 589730; 27
1670090181.081679; 589755; 27
1670090181.106672; 589780; 27
1670090181.131675; 589805; 27
1670090181.156670; 589830; 27
1670090181.181675; 589855; 26
1670090181.206672; 589880; 26
1670090181.231674; 589905; 26
1670090181.256674; 589930; 26
1670090181.281679; 589955; 27
1670090181.306675; 589980; 27
1670090181.331674; 590005; 27
1670090181.356674; 590030; 27
1670090181.381675; 590055; 26
1670090181.406672; 590080; 26
1670090181.431670; 590105; 26
1670090181.456670; 590130; 26
1670090181.481678; 590155; 26
1670090181.506671; 590180; 26
1670090181.531669; 590205; 26
1670090181.556670; 590230; 26
1670090181.581674; 590255; 26
1670090181.606671; 590280; 26
1670090181.631675; 590305; 26
1670090181.656675; 590330; 26
1670090181.681679; 590355; 26
1670090181.706676; 590380; 26
1670090181.731675; 590405; 26
1670090181.756675; 590430; 26
1670090181.781675; 590455; 27
1670090181.806680; 590480; 27
1670090181.831676; 590505; 27
1670090181.856675; 590530; 27
1670090181.881669; 590555; 28
1670090181.906683; 590580; 28
1670090181.931676; 590605; 28
1670090181.956675; 590630; 28
1670090181.981675; 590655; 28
1670090182.006680; 590680; 28
1670090182.031672; 590705; 28
1670090182.056671; 590730; 28
1670090182.081676; 590755; 28
1670090182.106681; 590780; 28
1670090182.131671; 590805; 28
1670090182.156670; 590830; 28
1670090182.181669; 590855; 29
1670090182.206674; 590880; 29
1670090182.231671; 590905; 29
1670090182.256669; 590930; 29
1670090182.281669; 590955; 29
1670090182.306678; 590980; 30
1670090182.331671; 591005; 30
1670090182.356669; 591030; 30
1670090182.381675; 591055; 30
1670090182.406679; 591080; 30
1670090182.431676; 591105; 30
1670090182.456675; 591130; 30
1670090182.481675; 591155; 30
1670090182.506678; 591180; 30
1670090182.531677; 591205; 30
1670090182.556670; 591230; 30
1670090182.581670; 591255; 30
1670090182.606669; 591280; 30
1670090182.631674; 591305; 30
1670090182.656676; 591330; 30
1670090182.681670; 591355; 30
1670090182.706675; 591380; 29
1670090182.731678; 591405; 29
1670090182.756671; 591430; 29
1670090182.781669; 591455; 29
1670090182.806669; 591480; 32
1670090182.831674; 591505; 32
1670090182.856671; 591530; 32
1670090182.881670; 591555; 32
1670090182.906669; 591580; 30
1670090182.931674; 591605; 30
1670090182.956671; 591630; 30
1670090182.981669; 591655; 30
1670090183.006669; 591680; 31
1670090183.031681; 591705; 31
1670090183.056672; 591730; 31
1670090183.081671; 591755; 31
1670090183.106676; 591780; 29
1670090183.131683; 591805; 29
1670090183.156676; 591830; 29
1670090183.181675; 591855; 29
1670090183.206675; 591880; 27
1670090183.231680; 591905; 27
1670090183.256676; 591930; 27
1670090183.281675; 591955; 27
1670090183.306675; 591980; 23
1670090183.331673; 592005; 23
1670090183.356672; 592030; 23
1670090183.381670; 592055; 23
1670090183.406669; 592080; 19
1670090183.431669; 592105; 19
1670090183.456674; 592130; 19
1670090183.481676; 592155; 19
1670090183.506675; 592180; 19
1670090183.531669; 592205; 19
1670090183.556678; 592230; 19
1670090183.581671; 592255; 19
1670090183.606669; 592280; 19
1670090183.631670; 592305; 19
1670090183.656674; 592330; 19
1670090183.681690; 592355; 19
1670090183.706675; 592380; 19
1670090183.731675; 592405; 19
1670090183.756680; 592430; 19
1670090183.781676; 592455; 19
1670090183.806675; 592480; 19
1670090183.831675; 592505; 19
1670090183.856680; 592530; 19
1670090183.881701; 592555; 19
1670090183.906675; 592580; 19
1670090183.931675; 592605; 19
1670090183.956678; 592630; 19
1670090183.981671; 592655; 19
1670090184.006670; 592680; 19
1670090184.031676; 592705; 19
1670090184.056675; 592730; 19
1670090184.081672; 592755; 19
1670090184.106671; 592780; 19
1670090184.131670; 592805; 19
1670090184.156669; 592830; 19
1670090184.181674; 592855; 19
1670090184.206671; 592880; 19
1670090184.231670; 592905; 19
1670090184.256669; 592930; 19
1670090184.281674; 592955; 19
1670090184.306671; 592980; 19
1670090184.331669; 593005; 19
1670090184.356669; 593030; 19
1670090184.381678; 593055; 19
1670090184.406671; 593080; 19
1670090184.431669; 593105; 20
1670090184.456669; 593130; 20
1670090184.481674; 593155; 20
1670090184.506676; 593180; 20
1670090184.531675; 593205; 20
1670090184.556675; 593230; 20
1670090184.581680; 593255; 20
1670090184.606676; 593280; 20
1670090184.631675; 593305; 20
1670090184.656675; 593330; 20
1670090184.681680; 593355; 20
1670090184.706690; 593380; 20
1670090184.731670; 593405; 20
1670090184.756669; 593430; 19
1670090184.781678; 593455; 19
1670090184.806671; 593480; 19
1670090184.831669; 593505; 19
1670090184.856670; 593530; 19
1670090184.881674; 593555; 19
1670090184.906674; 593580; 19
1670090184.931670; 593605; 19
1670090184.956669; 593630; 19
1670090184.981669; 593655; 19
1670090185.006674; 593680; 19
1670090185.031677; 593705; 19
1670090185.056676; 593730; 19
1670090185.081676; 593755; 19
1670090185.106681; 593780; 19
1670090185.131671; 593805; 19
1670090185.156669; 593830; 18
1670090185.181670; 593855; 18
1670090185.206678; 593880; 18
1670090185.231671; 593905; 18
1670090185.256669; 593930; 19
1670090185.281670; 593955; 19
1670090185.306674; 593980; 19
1670090185.331676; 594005; 19
1670090185.356675; 594030; 20
1670090185.381669; 594055; 20
1670090185.406674; 594080; 20
1670090185.431671; 594105; 20
1670090185.456669; 594130; 21
1670090185.481670; 594155; 21
1670090185.506674; 594180; 21
1670090185.531671; 594205; 21
1670090185.556669; 594230; 21
1670090185.581669; 594255; 21
1670090185.606678; 594280; 21
1670090185.631671; 594305; 21
1670090185.656670; 594330; 21
1670090185.681669; 594355; 21
1670090185.706678; 594380; 21
1670090185.731673; 594405; 21
1670090185.756675; 594430; 21
1670090185.781675; 594455; 21
1670090185.806675; 594480; 21
1670090185.831674; 594505; 21
1670090185.856671; 594530; 21
1670090185.881669; 594555; 22
1670090185.906669; 594580; 22
1670090185.931683; 594605; 22
1670090185.956671; 594630; 22
1670090185.981680; 594655; 23
1670090186.006670; 594680; 23
1670090186.031679; 594705; 23
1670090186.056672; 594730; 23
1670090186.081671; 594755; 21
1670090186.106671; 594780; 21
1670090186.131674; 594805; 21
1670090186.156671; 594830; 21
1670090186.181669; 594855; 21
1670090186.206669; 594880; 21
1670090186.231674; 594905; 21
1670090186.256671; 594930; 21
1670090186.281669; 594955; 22
1670090186.306670; 594980; 22
1670090186.331674; 595005; 22
1670090186.356671; 595030; 22
1670090186.381675; 595055; 22
1670090186.406670; 595080; 22
1670090186.431683; 595105; 22
1670090186.456676; 595130; 22
1670090186.481675; 595155; 22
1670090186.506675; 595180; 22
1670090186.531673; 595205; 22
1670090186.556677; 595230; 22
1670090186.581670; 595255; 22
1670090186.606670; 595280; 22
1670090186.631669; 595305; 22
1670090186.656674; 595330; 22
1670090186.681671; 595355; 23
1670090186.706669; 595380; 23
1670090186.731669; 595405; 23
1670090186.756675; 595430; 23
1670090186.781671; 595455; 24
1670090186.806669; 595480; 24
1670090186.831670; 595505; 24
1670090186.856683; 595530; 24
1670090186.881671; 595555; 23
1670090186.906669; 595580; 23
1670090186.931669; 595605; 23
1670090186.956674; 595630; 23
1670090186.981676; 595655; 23
1670090187.006675; 595680; 22
1670090187.031676; 595705; 22
1670090187.056681; 595730; 22
1670090187.081677; 595755; 22
1670090187.106676; 595780; 22
1670090187.131669; 595805; 22
1670090187.156674; 595830; 22
1670090187.181676; 595855; 22
1670090187.206675; 595880; 23
1670090187.231669; 595905; 23
1670090187.256683; 595930; 23
1670090187.281676; 595955; 23
1670090187.306675; 595980; 24
1670090187.331675; 596005; 24
1670090187.356675; 596030; 24
1670090187.381680; 596055; 24
1670090187.406676; 596080; 24
1670090187.431675; 596105; 24
1670090187.456675; 596130; 24
1670090187.481680; 596155; 24
1670090187.506676; 596180; 25
1670090187.531675; 596205; 25
1670090187.556675; 596230; 25
1670090187.581674; 596255; 25
1670090187.606671; 596280; 26
1670090187.631669; 596305; 26
1670090187.656670; 596330; 26
1670090187.681678; 596355; 26
1670090187.706671; 596380; 26
1670090187.731670; 596405; 26
1670090187.756670; 596430; 26
1670090187.781680; 596455; 26
1670090187.806676; 596480; 27
1670090187.831675; 596505; 27
1670090187.856675; 596530; 27
1670090187.881674; 596555; 27
1670090187.906671; 596580; 27
1670090187.931669; 596605; 27
1670090187.956669; 596630; 27
1670090187.981674; 596655; 27
1670090188.006676; 596680; 27
1670090188.031676; 596705; 27
1670090188.056676; 596730; 27
1670090188.081684; 596755; 27
1670090188.106677; 596780; 27
1670090188.131669; 596805; 29
1670090188.156670; 596830; 29
1670090188.181669; 596855; 29
1670090188.206674; 596880; 29
1670090188.231671; 596905; 29
1670090188.256669; 596930; 29
1670090188.281670; 596955; 29
1670090188.306674; 596980; 29
1670090188.331671; 597005; 30
1670090188.356669; 597030; 30
1670090188.381675; 597055; 30
1670090188.406674; 597080; 30
1670090188.431671; 597105; 29
1670090188.456669; 597130; 29
1670090188.481669; 597155; 29
1670090188.506683; 597180; 29
1670090188.531676; 597205; 31
1670090188.556675; 597230; 31
1670090188.581675; 597255; 31
1670090188.606679; 597280; 31
1670090188.631676; 597305; 31
1670090188.656675; 597330; 31
1670090188.681675; 597355; 31
1670090188.706674; 597380; 31
1670090188.731671; 597405; 33
1670090188.756669; 597430; 33
1670090188.781670; 597455; 33
1670090188.806674; 597480; 33
1670090188.831671; 597505; 34
1670090188.856670; 597530; 34
1670090188.881669; 597555; 34
1670090188.906677; 597580; 34
1670090188.931672; 597605; 33
1670090188.956675; 597630; 33
1670090188.981675; 597655; 33
1670090189.006686; 597680; 33
1670090189.031675; 597705; 32
1670090189.056672; 597730; 32
1670090189.081671; 597755; 32
1670090189.106676; 597780; 32
1670090189.131674; 597805; 31
1670090189.156671; 597830; 31
1670090189.181669; 597855; 31
1670090189.206691; 597880; 31
1670090189.231680; 597905; 31
1670090189.256676; 597930; 31
1670090189.281675; 597955; 31
1670090189.306675; 597980; 31
1670090189.331683; 598005; 31
1670090189.356676; 598030; 31
1670090189.381669; 598055; 31
1670090189.406670; 598080; 31
1670090189.431679; 598105; 31
1670090189.456676; 598130; 32
1670090189.481675; 598155; 32
1670090189.506675; 598180; 32
1670090189.531680; 598205; 32
1670090189.556676; 598230; 31
1670090189.581675; 598255; 31
1670090189.606675; 598280; 31
1670090189.631674; 598305; 31
1670090189.656671; 598330; 32
1670090189.681670; 598355; 32
1670090189.706669; 598380; 32
1670090189.731677; 598405; 32
1670090189.756672; 598430; 32
1670090189.781675; 598455; 32
1670090189.806675; 598480; 32
1670090189.831669; 598505; 32
1670090189.856674; 598530; 33
1670090189.881671; 598555; 33
1670090189.906669; 598580; 33
1670090189.931670; 598605; 33
1670090189.956674; 598630; 35
1670090189.981671; 598655; 35
1670090190.006669; 598680; 35
1670090190.031687; 598705; 35
1670090190.056681; 598730; 35
1670090190.081672; 598755; 35
1670090190.106671; 598780; 35
1670090190.131669; 598805; 35
1670090190.156683; 598830; 35
1670090190.181676; 598855; 35
1670090190.206675; 598880; 35
1670090190.231674; 598905; 35
1670090190.256680; 598930; 35
1670090190.281676; 598955; 35
1670090190.306675; 598980; 35
1670090190.331675; 599005; 35
1670090190.356680; 599030; 36
1670090190.381671; 599055; 36
1670090190.406669; 599080; 36
1670090190.431669; 599105; 36
1670090190.456674; 599130; 36
1670090190.481671; 599155; 37
1670090190.506669; 599180; 37
1670090190.531669; 599205; 37
1670090190.556669; 599230; 37
1670090190.581683; 599255; 36
1670090190.606676; 599280; 36
1670090190.631675; 599305; 36
1670090190.656675; 599330; 36
1670090190.681680; 599355; 37
1670090190.706676; 599380; 37
1670090190.731675; 599405; 37
1670090190.756675; 599430; 37
1670090190.781680; 599455; 39
1670090190.806676; 599480; 39
1670090190.831675; 599505; 39
1670090190.856669; 599530; 39
1670090190.881674; 599555; 40
1670090190.906671; 599580; 40
1670090190.931669; 599605; 40
1670090190.956669; 599630; 40
1670090190.981683; 599655; 40
1670090191.006676; 599680; 40
1670090191.031671; 599705; 40
1670090191.056671; 599730; 40
1670090191.081681; 599755; 45
1670090191.106672; 599780; 45
1670090191.131675; 599805; 45
1670090191.156675; 599830; 45
1670090191.181679; 599855; 45
1670090191.206676; 599880; 45
1670090191.231675; 599905; 45
1670090191.256675; 599930; 45
1670090191.281674; 599955; 45
1670090191.306680; 599980; 45
1670090191.331670; 600005; 45
1670090191.356669; 600030; 45
1670090191.381675; 600055; 39
1670090191.406683; 600080; 39
1670090191.431676; 600105; 39
1670090191.456675; 600130; 39
1670090191.481675; 600155; 32
1670090191.506680; 600180; 32
1670090191.531676; 600205; 32
1670090191.556675; 600230; 32
1670090191.581675; 600255; 33
1670090191.606680; 600280; 33
1670090191.631676; 600305; 33
1670090191.656675; 600330; 33
1670090191.681670; 600355; 33
1670090191.706674; 600380; 33
1670090191.731671; 600405; 33
1670090191.756669; 600430; 33
1670090191.781670; 600455; 33
1670090191.806683; 600480; 32
1670090191.831676; 600505; 32
1670090191.856675; 600530; 32
1670090191.881675; 600555; 32
1670090191.906679; 600580; 30
1670090191.931676; 600605; 30
1670090191.956675; 600630; 30
1670090191.981675; 600655; 30
1670090192.006680; 600680; 30
1670090192.031672; 600705; 30
1670090192.056671; 600730; 30
1670090192.081671; 600755; 30
1670090192.106680; 600780; 29
1670090192.131677; 600805; 29
1670090192.156670; 600830; 29
1670090192.181669; 600855; 29
1670090192.206669; 600880; 27
1670090192.231683; 600905; 27
1670090192.256676; 600930; 27
1670090192.281675; 600955; 27
1670090192.306675; 600980; 26
1670090192.331680; 601005; 26
1670090192.356676; 601030; 26
1670090192.381675; 601055; 26
1670090192.406675; 601080; 27
1670090192.431679; 601105; 27
1670090192.456676; 601130; 27
1670090192.481675; 601155; 27
1670090192.506675; 601180; 27
1670090192.531680; 601205; 27
1670090192.556676; 601230; 27
1670090192.581675; 601255; 27
1670090192.606675; 601280; 25
1670090192.631678; 601305; 25
1670090192.656671; 601330; 25
1670090192.681669; 601355; 25
1670090192.706669; 601380; 26
1670090192.731674; 601405; 26
1670090192.756671; 601430; 26
1670090192.781669; 601455; 26
1670090192.806669; 601480; 26
1670090192.831674; 601505; 26
1670090192.856671; 601530; 26
1670090192.881670; 601555; 26
1670090192.906669; 601580; 26
1670090192.931673; 601605; 25
1670090192.956672; 601630; 25
1670090192.981675; 601655; 25
1670090193.006675; 601680; 25
1670090193.031671; 601705; 24
1670090193.056684; 601730; 24
1670090193.081677; 601755; 24
1670090193.106671; 601780; 24
1670090193.131669; 601805; 21
1670090193.156674; 601830; 21
1670090193.181671; 601855; 21
1670090193.206669; 601880; 21
1670090193.231669; 601905; 20
1670090193.256674; 601930; 20
1670090193.281671; 601955; 20
1670090193.306669; 601980; 20
1670090193.331675; 602005; 21
1670090193.356680; 602030; 21
1670090193.381671; 602055; 21
1670090193.406669; 602080; 21
1670090193.431669; 602105; 21
1670090193.456678; 602130; 21
1670090193.481671; 602155; 21
1670090193.506669; 602180; 21
1670090193.531670; 602205; 21
1670090193.556674; 602230; 21
1670090193.581671; 602255; 21
1670090193.606669; 602280; 21
1670090193.631670; 602305; 21
1670090193.656674; 602330; 21
1670090193.681671; 602355; 21
1670090193.706669; 602380; 21
1670090193.731669; 602405; 22
1670090193.756669; 602430; 22
1670090193.781680; 602455; 22
1670090193.806676; 602480; 22
1670090193.831675; 602505; 22
1670090193.856675; 602530; 22
1670090193.881678; 602555; 22
1670090193.906671; 602580; 22
1670090193.931675; 602605; 22
1670090193.956675; 602630; 22
1670090193.981680; 602655; 22
1670090194.006676; 602680; 22
1670090194.031671; 602705; 22
1670090194.056676; 602730; 23
1670090194.081681; 602755; 23
1670090194.106672; 602780; 23
1670090194.131669; 602805; 23
1670090194.156669; 602830; 23
1670090194.181674; 602855; 23
1670090194.206671; 602880; 23
1670090194.231669; 602905; 23
1670090194.256669; 602930; 23
1670090194.281683; 602955; 23
1670090194.306676; 602980; 23
1670090194.331697; 603005; 23
1670090194.356669; 603030; 23
1670090194.381680; 603055; 23
1670090194.406676; 603080; 23
1670090194.431675; 603105; 23
1670090194.456675; 603130; 24
1670090194.481680; 603155; 24
1670090194.506676; 603180; 24
1670090194.531693; 603205; 24
1670090194.556675; 603230; 22
1670090194.581675; 603255; 22
1670090194.606680; 603280; 22
1670090194.631676; 603305; 22
1670090194.656675; 603330; 23
1670090194.681675; 603355; 23
1670090194.706678; 603380; 23
1670090194.731676; 603405; 23
1670090194.756675; 603430; 23
1670090194.781675; 603455; 23
1670090194.806680; 603480; 23
1670090194.831676; 603505; 23
1670090194.856675; 603530; 22
1670090194.881669; 603555; 22
1670090194.906674; 603580; 22
1670090194.931671; 603605; 22
1670090194.956675; 603630; 21
1670090194.981675; 603655; 21
1670090195.006674; 603680; 21
1670090195.031677; 603705; 21
1670090195.056676; 603730; 19
1670090195.081676; 603755; 19
1670090195.106679; 603780; 19
1670090195.131676; 603805; 19
1670090195.156669; 603830; 19
1670090195.181670; 603855; 18
1670090195.206674; 603880; 18
1670090195.231671; 603905; 18
1670090195.256669; 603930; 18
1670090195.281669; 603955; 17
1670090195.306673; 603980; 17
1670090195.331672; 604005; 17
1670090195.356689; 604030; 17
1670090195.381675; 604055; 17
1670090195.406669; 604080; 17
1670090195.431674; 604105; 17
1670090195.456671; 604130; 17
1670090195.481669; 604155; 17
1670090195.506670; 604180; 17
1670090195.531678; 604205; 17
1670090195.556677; 604230; 17
1670090195.581675; 604255; 17
1670090195.606675; 604280; 17
1670090195.631680; 604305; 17
1670090195.656676; 604330; 17
1670090195.681675; 604355; 17
1670090195.706675; 604380; 17
1670090195.731680; 604405; 17
1670090195.756676; 604430; 17
1670090195.781669; 604455; 17
1670090195.806669; 604480; 17
1670090195.831674; 604505; 17
1670090195.856671; 604530; 17
1670090195.881670; 604555; 17
1670090195.906670; 604580; 17
1670090195.931683; 604605; 17
1670090195.956676; 604630; 17
1670090195.981669; 604655; 16
1670090196.006670; 604680; 16
1670090196.031675; 604705; 16
1670090196.056672; 604730; 16
1670090196.081671; 604755; 17
1670090196.106676; 604780; 17
1670090196.131678; 604805; 17
1670090196.156677; 604830; 17
1670090196.181669; 604855; 17
1670090196.206669; 604880; 17
1670090196.231675; 604905; 17
1670090196.256674; 604930; 17
1670090196.281671; 604955; 17
1670090196.306670; 604980; 17
1670090196.331669; 605005; 17
1670090196.356683; 605030; 17
1670090196.381676; 605055; 17
1670090196.406669; 605080; 16
1670090196.431669; 605105; 16
1670090196.456674; 605130; 16
1670090196.481671; 605155; 16
1670090196.506670; 605180; 16
1670090196.531669; 605205; 16
1670090196.556674; 605230; 16
1670090196.581676; 605255; 16
1670090196.606675; 605280; 17
1670090196.631680; 605305; 17
1670090196.656674; 605330; 17
1670090196.681671; 605355; 17
1670090196.706670; 605380; 17
1670090196.731669; 605405; 17
1670090196.756678; 605430; 17
1670090196.781671; 605455; 17
1670090196.806675; 605480; 16
1670090196.831675; 605505; 16
1670090196.856680; 605530; 16
1670090196.881671; 605555; 16
1670090196.906670; 605580; 16
1670090196.931670; 605605; 16
1670090196.956670; 605630; 16
1670090196.981674; 605655; 16
1670090197.006671; 605680; 16
1670090197.031676; 605705; 16
1670090197.056676; 605730; 16
1670090197.081681; 605755; 16
1670090197.106672; 605780; 17
1670090197.131675; 605805; 17
1670090197.156675; 605830; 17
1670090197.181683; 605855; 17
1670090197.206676; 605880; 17
1670090197.231675; 605905; 17
1670090197.256675; 605930; 17
1670090197.281680; 605955; 17
1670090197.306676; 605980; 16
1670090197.331675; 606005; 16
1670090197.356675; 606030; 16
1670090197.381674; 606055; 16
1670090197.406671; 606080; 16
1670090197.431670; 606105; 16
1670090197.456675; 606130; 16
1670090197.481680; 606155; 16
1670090197.506676; 606180; 16
1670090197.531675; 606205; 17
1670090197.556675; 606230; 17
1670090197.581678; 606255; 17
1670090197.606676; 606280; 17
1670090197.631675; 606305; 17
1670090197.656675; 606330; 17
1670090197.681680; 606355; 17
1670090197.706676; 606380; 17
1670090197.731675; 606405; 17
1670090197.756675; 606430; 17
1670090197.781675; 606455; 17
1670090197.806680; 606480; 17
1670090197.831676; 606505; 16
1670090197.856675; 606530; 16
1670090197.881669; 606555; 16
1670090197.906674; 606580; 16
1670090197.931671; 606605; 16
1670090197.956670; 606630; 16
1670090197.981670; 606655; 16
1670090198.006683; 606680; 16
1670090198.031677; 606705; 17
1670090198.056676; 606730; 17
1670090198.081676; 606755; 17
1670090198.106675; 606780; 17
1670090198.131676; 606805; 17
1670090198.156675; 606830; 17
1670090198.181675; 606855; 17
1670090198.206680; 606880; 17
1670090198.231671; 606905; 16
1670090198.256669; 606930; 16
1670090198.281670; 606955; 16
1670090198.306674; 606980; 16
1670090198.331671; 607005; 16
1670090198.356669; 607030; 16
1670090198.381675; 607055; 16
1670090198.406678; 607080; 16
1670090198.431676; 607105; 17
1670090198.456675; 607130; 17
1670090198.481675; 607155; 17
1670090198.506673; 607180; 17
1670090198.531672; 607205; 17
1670090198.556675; 607230; 17
1670090198.581675; 607255; 17
1670090198.606675; 607280; 17
1670090198.631674; 607305; 17
1670090198.656676; 607330; 17
1670090198.681675; 607355; 17
1670090198.706675; 607380; 17
1670090198.731680; 607405; 17
1670090198.756676; 607430; 16
1670090198.781675; 607455; 16
1670090198.806675; 607480; 16
1670090198.831678; 607505; 16
1670090198.856676; 607530; 16
1670090198.881670; 607555; 16
1670090198.906669; 607580; 16
1670090198.931674; 607605; 16
1670090198.956671; 607630; 17
1670090198.981669; 607655; 17
1670090199.006670; 607680; 17
1670090199.031681; 607705; 17
1670090199.056672; 607730; 17
1670090199.081671; 607755; 17
1670090199.106671; 607780; 17
1670090199.131680; 607805; 17
1670090199.156676; 607830; 16
1670090199.181675; 607855; 16
1670090199.206675; 607880; 16
1670090199.231678; 607905; 16
1670090199.256671; 607930; 16
1670090199.281669; 607955; 16
1670090199.306669; 607980; 16
1670090199.331678; 608005; 16
1670090199.356677; 608030; 16
1670090199.381675; 608055; 16
1670090199.406675; 608080; 16
1670090199.431675; 608105; 16
1670090199.456674; 608130; 17
1670090199.481671; 608155; 17
1670090199.506669; 608180; 17
1670090199.531670; 608205; 17
1670090199.556674; 608230; 17
1670090199.581671; 608255; 17
1670090199.606670; 608280; 17
1670090199.631669; 608305; 17
1670090199.656686; 608330; 16
1670090199.681671; 608355; 16
1670090199.706669; 608380; 16
1670090199.731669; 608405; 16
1670090199.756674; 608430; 16
1670090199.781671; 608455; 16
1670090199.806670; 608480; 16
1670090199.831670; 608505; 16
1670090199.856688; 608530; 16
1670090199.881671; 608555; 17
1670090199.906670; 608580; 17
1670090199.931670; 608605; 17
1670090199.956674; 608630; 17
1670090199.981671; 608655; 17
1670090200.006669; 608680; 17
1670090200.031676; 608705; 17
1670090200.056679; 608730; 17
1670090200.081672; 608755; 16
1670090200.106671; 608780; 16
1670090200.131675; 608805; 16
1670090200.156675; 608830; 16
1670090200.181680; 608855; 16
1670090200.206676; 608880; 16
1670090200.231675; 608905; 16
1670090200.256675; 608930; 16
1670090200.281674; 608955; 16
1670090200.306671; 608980; 16
1670090200.331670; 609005; 16
1670090200.356670; 609030; 16
1670090200.381674; 609055; 17
1670090200.406671; 609080; 17
1670090200.431669; 609105; 17
1670090200.456669; 609130; 17
1670090200.481683; 609155; 17
1670090200.506676; 609180; 17
1670090200.531675; 609205; 17
1670090200.556675; 609230; 17
1670090200.581680; 609255; 16
1670090200.606676; 609280; 16
1670090200.631675; 609305; 16
1670090200.656675; 609330; 16
1670090200.681687; 609355; 16
1670090200.706676; 609380; 16
1670090200.731675; 609405; 16
1670090200.756675; 609430; 16
1670090200.781680; 609455; 17
1670090200.806676; 609480; 17
1670090200.831675; 609505; 17
1670090200.856675; 609530; 17
1670090200.881678; 609555; 17
1670090200.906676; 609580; 17
1670090200.931675; 609605; 17
1670090200.956675; 609630; 17
1670090200.981675; 609655; 17
1670090201.006680; 609680; 16
1670090201.031672; 609705; 16
1670090201.056671; 609730; 16
1670090201.081671; 609755; 16
1670090201.106675; 609780; 16
1670090201.131676; 609805; 16
1670090201.156670; 609830; 16
1670090201.181669; 609855; 16
1670090201.206674; 609880; 16
1670090201.231671; 609905; 16
1670090201.256669; 609930; 16
1670090201.281670; 609955; 16
1670090201.306683; 609980; 17
1670090201.331676; 610005; 17
1670090201.356675; 610030; 17
1670090201.381669; 610055; 17
1670090201.406674; 610080; 17
1670090201.431671; 610105; 17
1670090201.456669; 610130; 17
1670090201.481669; 610155; 17
1670090201.506680; 610180; 16
1670090201.531676; 610205; 16
1670090201.556669; 610230; 16
1670090201.581670; 610255; 16
