1670091650.147745; 429419; 3
1670091650.172362; 429444; 3
1670091650.197359; 429469; 3
1670091650.222354; 429494; 3
1670091650.247354; 429519; 3
1670091650.272373; 429544; 3
1670091650.297355; 429569; 3
1670091650.322354; 429594; 3
1670091650.347354; 429619; 3
1670091650.372359; 429644; 3
1670091650.397355; 429669; 3
1670091650.422354; 429694; 3
1670091650.447354; 429719; 3
1670091650.472364; 429744; 3
1670091650.497360; 429769; 3
1670091650.522359; 429794; 3
1670091650.547354; 429819; 3
1670091650.572354; 429844; 3
1670091650.597359; 429869; 3
1670091650.622361; 429894; 3
1670091650.647359; 429919; 3
1670091650.672359; 429944; 3
1670091650.827919; 430099; 3
1670091650.852355; 430124; 3
1670091650.877354; 430149; 3
1670091650.902359; 430174; 3
1670091650.927359; 430199; 3
1670091650.952355; 430224; 3
1670091650.977354; 430249; 3
1670091651.002354; 430274; 3
1670091651.027360; 430299; 3
1670091651.052362; 430324; 3
1670091651.077361; 430349; 3
1670091651.102355; 430374; 3
1670091651.127354; 430399; 3
1670091651.152359; 430424; 3
1670091651.177355; 430449; 3
1670091651.202354; 430474; 3
1670091651.227359; 430499; 3
1670091651.252368; 430524; 3
1670091651.277381; 430549; 3
1670091651.302359; 430574; 3
1670091651.327359; 430599; 3
1670091651.352364; 430624; 3
1670091651.377360; 430649; 3
1670091651.402359; 430674; 3
1670091651.427359; 430699; 3
1670091651.452359; 430724; 3
1670091651.477355; 430749; 3
1670091651.502354; 430774; 3
1670091651.527354; 430799; 3
1670091651.552359; 430824; 3
1670091651.577364; 430849; 3
1670091651.602360; 430874; 3
1670091651.627359; 430899; 3
1670091651.652354; 430924; 3
1670091651.677368; 430949; 3
1670091651.702361; 430974; 3
1670091651.727359; 430999; 3
1670091651.752359; 431024; 3
1670091651.777359; 431049; 3
1670091651.802355; 431074; 3
1670091651.827354; 431099; 3
1670091651.852359; 431124; 3
1670091651.877357; 431149; 3
1670091651.902356; 431174; 3
1670091651.927359; 431199; 3
1670091651.952359; 431224; 3
1670091651.977359; 431249; 3
1670091652.002366; 431274; 3
1670091652.027362; 431299; 3
1670091652.052360; 431324; 3
1670091652.077355; 431349; 3
1670091652.102369; 431374; 3
1670091652.127355; 431399; 3
1670091652.152354; 431424; 3
1670091652.177354; 431449; 3
1670091652.202359; 431474; 3
1670091652.227355; 431499; 3
1670091652.252354; 431524; 3
1670091652.277354; 431549; 3
1670091652.302354; 431574; 3
1670091652.327359; 431599; 3
1670091652.352355; 431624; 3
1670091652.377354; 431649; 3
1670091652.402354; 431674; 3
1670091652.427364; 431699; 3
1670091652.452360; 431724; 3
1670091652.477359; 431749; 3
1670091652.502359; 431774; 3
1670091652.527362; 431799; 3
1670091652.552355; 431824; 3
1670091652.577354; 431849; 3
1670091652.602354; 431874; 3
1670091652.627359; 431899; 3
1670091652.652355; 431924; 3
1670091652.677354; 431949; 3
1670091652.702354; 431974; 3
1670091652.727354; 431999; 3
1670091652.752359; 432024; 3
1670091652.777355; 432049; 3
1670091652.802354; 432074; 3
1670091652.827354; 432099; 3
1670091652.852359; 432124; 3
1670091652.877355; 432149; 3
1670091652.902354; 432174; 3
1670091652.927354; 432199; 3
1670091652.952368; 432224; 3
1670091652.977361; 432249; 3
1670091653.002359; 432274; 3
1670091653.027355; 432299; 3
1670091653.052360; 432324; 3
1670091653.077362; 432349; 3
1670091653.102355; 432374; 3
1670091653.127354; 432399; 3
1670091653.152354; 432424; 3
1670091653.177385; 432449; 3
1670091653.202355; 432474; 3
1670091653.227354; 432499; 3
1670091653.252354; 432524; 3
1670091653.277359; 432549; 3
1670091653.302355; 432574; 3
1670091653.327354; 432599; 3
1670091653.352354; 432624; 3
1670091653.377368; 432649; 3
1670091653.402360; 432674; 3
1670091653.427359; 432699; 3
1670091653.452354; 432724; 3
1670091653.477363; 432749; 3
1670091653.502362; 432774; 3
1670091653.527354; 432799; 3
1670091653.552354; 432824; 3
1670091653.577354; 432849; 3
1670091653.602359; 432874; 3
1670091653.627355; 432899; 3
1670091653.652354; 432924; 3
1670091653.677354; 432949; 3
1670091653.702359; 432974; 3
1670091653.727355; 432999; 3
1670091653.752354; 433024; 3
1670091653.777354; 433049; 3
1670091653.802368; 433074; 3
1670091653.827361; 433099; 3
1670091653.852359; 433124; 3
1670091653.877359; 433149; 3
1670091653.902354; 433174; 3
1670091653.927359; 433199; 3
1670091653.952355; 433224; 3
1670091653.977354; 433249; 3
1670091654.002354; 433274; 3
1670091654.027365; 433299; 3
1670091654.052356; 433324; 3
1670091654.077360; 433349; 3
1670091654.102361; 433374; 3
1670091654.127364; 433399; 3
1670091654.152360; 433424; 3
1670091654.177359; 433449; 3
1670091654.202359; 433474; 3
1670091654.227362; 433499; 3
1670091654.252355; 433524; 3
1670091654.277354; 433549; 3
1670091654.302354; 433574; 3
1670091654.327354; 433599; 3
1670091654.352359; 433624; 3
1670091654.377355; 433649; 3
1670091654.402354; 433674; 3
1670091654.427354; 433699; 3
1670091654.452359; 433724; 3
1670091654.477355; 433749; 3
1670091654.502354; 433774; 3
1670091654.527359; 433799; 3
1670091654.552364; 433824; 3
1670091654.577361; 433849; 3
1670091654.602359; 433874; 3
1670091654.627354; 433899; 3
1670091654.652368; 433924; 3
1670091654.677360; 433949; 3
1670091654.702359; 433974; 3
1670091654.727359; 433999; 3
1670091654.752359; 434024; 3
1670091654.777359; 434049; 3
1670091654.802355; 434074; 3
1670091654.827354; 434099; 3
1670091654.852354; 434124; 3
1670091654.877364; 434149; 3
1670091654.902360; 434174; 3
1670091654.927359; 434199; 3
1670091654.952359; 434224; 3
1670091654.977364; 434249; 3
1670091655.002360; 434274; 3
1670091655.027355; 434299; 3
1670091655.052360; 434324; 3
1670091655.077368; 434349; 3
1670091655.102357; 434374; 3
1670091655.127359; 434399; 3
1670091655.152359; 434424; 3
1670091655.177359; 434449; 3
1670091655.202364; 434474; 3
1670091655.227361; 434499; 3
1670091655.252359; 434524; 3
1670091655.277354; 434549; 3
1670091655.302359; 434574; 3
1670091655.327355; 434599; 3
1670091655.352354; 434624; 3
1670091655.377354; 434649; 3
1670091655.402359; 434674; 3
1670091655.427355; 434699; 3
1670091655.452354; 434724; 3
1670091655.477354; 434749; 3
1670091655.502354; 434774; 3
1670091655.527362; 434799; 3
1670091655.552355; 434824; 3
1670091655.577354; 434849; 3
1670091655.602354; 434874; 3
1670091655.627359; 434899; 3
1670091655.652355; 434924; 3
1670091655.677354; 434949; 3
1670091655.702354; 434974; 3
1670091655.727359; 434999; 3
1670091655.752355; 435024; 3
1670091655.777354; 435049; 3
1670091655.802354; 435074; 3
1670091655.827359; 435099; 3
1670091655.852355; 435124; 3
1670091655.877354; 435149; 3
1670091655.902354; 435174; 3
1670091655.927354; 435199; 3
1670091655.952362; 435224; 3
1670091655.977355; 435249; 3
1670091656.002354; 435274; 3
1670091656.027360; 435299; 3
1670091656.052360; 435324; 3
1670091656.077362; 435349; 3
1670091656.102355; 435374; 3
1670091656.127354; 435399; 3
1670091656.152359; 435424; 3
1670091656.177355; 435449; 3
1670091656.202354; 435474; 3
1670091656.227354; 435499; 3
1670091656.252359; 435524; 3
1670091656.277355; 435549; 3
1670091656.302354; 435574; 3
1670091656.327354; 435599; 3
1670091656.352359; 435624; 3
1670091656.377362; 435649; 3
1670091656.402355; 435674; 3
1670091656.427354; 435699; 3
1670091656.452354; 435724; 3
1670091656.477359; 435749; 3
1670091656.502355; 435774; 3
1670091656.527354; 435799; 3
1670091656.552355; 435824; 3
1670091656.577359; 435849; 3
1670091656.602355; 435874; 3
1670091656.627354; 435899; 3
1670091656.652354; 435924; 3
1670091656.677357; 435949; 3
1670091656.702356; 435974; 3
1670091656.727359; 435999; 3
1670091656.752359; 436024; 3
1670091656.777354; 436049; 3
1670091656.802368; 436074; 3
1670091656.827361; 436099; 3
1670091656.852359; 436124; 3
1670091656.877359; 436149; 3
1670091656.902364; 436174; 3
1670091656.927355; 436199; 3
1670091656.952354; 436224; 3
1670091656.977359; 436249; 3
1670091657.002364; 436274; 3
1670091657.027356; 436299; 3
1670091657.052361; 436324; 3
1670091657.077355; 436349; 3
1670091657.102360; 436374; 3
1670091657.127364; 436399; 3
1670091657.152360; 436424; 3
1670091657.177354; 436449; 3
1670091657.202354; 436474; 3
1670091657.227362; 436499; 3
1670091657.252355; 436524; 3
1670091657.277354; 436549; 3
1670091657.302354; 436574; 3
1670091657.327359; 436599; 3
1670091657.352355; 436624; 3
1670091657.377354; 436649; 3
1670091657.402354; 436674; 3
1670091657.427359; 436699; 3
1670091657.452355; 436724; 3
1670091657.477354; 436749; 3
1670091657.502354; 436774; 3
1670091657.527354; 436799; 3
1670091657.552359; 436824; 3
1670091657.577364; 436849; 3
1670091657.602354; 436874; 3
1670091657.627354; 436899; 3
1670091657.652362; 436924; 3
1670091657.677355; 436949; 3
1670091657.702354; 436974; 3
1670091657.727354; 436999; 3
1670091657.752359; 437024; 3
1670091657.777355; 437049; 3
1670091657.802354; 437074; 3
1670091657.827354; 437099; 3
1670091657.852364; 437124; 3
1670091657.877361; 437149; 3
1670091657.902359; 437174; 3
1670091657.927359; 437199; 3
1670091657.952359; 437224; 3
1670091657.977364; 437249; 3
1670091658.002355; 437274; 3
1670091658.027361; 437299; 3
1670091658.052355; 437324; 3
1670091658.077369; 437349; 3
1670091658.102362; 437374; 3
1670091658.127359; 437399; 3
1670091658.152359; 437424; 3
1670091658.177364; 437449; 3
1670091658.202361; 437474; 3
1670091658.227359; 437499; 3
1670091658.252359; 437524; 3
1670091658.277357; 437549; 3
1670091658.302356; 437574; 3
1670091658.327359; 437599; 3
1670091658.352354; 437624; 3
1670091658.377354; 437649; 3
1670091658.402359; 437674; 3
1670091658.427355; 437699; 3
1670091658.452354; 437724; 3
1670091658.477354; 437749; 3
1670091658.502368; 437774; 3
1670091658.527360; 437799; 3
1670091658.552359; 437824; 3
1670091658.577359; 437849; 3
1670091658.602364; 437874; 3
1670091658.627355; 437899; 3
1670091658.652354; 437924; 3
1670091658.677354; 437949; 3
1670091658.702354; 437974; 3
1670091658.727359; 437999; 3
1670091658.752355; 438024; 3
1670091658.777354; 438049; 3
1670091658.802354; 438074; 3
1670091658.827364; 438099; 3
1670091658.852361; 438124; 3
1670091658.877359; 438149; 3
1670091658.902359; 438174; 3
1670091658.927368; 438199; 3
1670091658.952360; 438224; 3
1670091658.977359; 438249; 3
1670091659.002359; 438274; 3
1670091659.027360; 438299; 3
1670091659.052362; 438324; 3
1670091659.077360; 438349; 3
1670091659.102355; 438374; 3
1670091659.127359; 438399; 3
1670091659.152364; 438424; 3
1670091659.177360; 438449; 3
1670091659.202359; 438474; 3
1670091659.227359; 438499; 3
1670091659.252364; 438524; 3
1670091659.277355; 438549; 3
1670091659.302354; 438574; 3
1670091659.327354; 438599; 3
1670091659.352368; 438624; 3
1670091659.377355; 438649; 3
1670091659.402354; 438674; 3
1670091659.427359; 438699; 3
1670091659.452364; 438724; 3
1670091659.477360; 438749; 3
1670091659.502359; 438774; 3
1670091659.527371; 438799; 3
1670091659.552354; 438824; 3
1670091659.577364; 438849; 3
1670091659.602362; 438874; 3
1670091659.627354; 438899; 3
1670091659.652354; 438924; 3
1670091659.677359; 438949; 3
1670091659.702355; 438974; 3
1670091659.727354; 438999; 3
1670091659.752354; 439024; 3
1670091659.777362; 439049; 3
1670091659.802355; 439074; 3
1670091659.827354; 439099; 3
1670091659.852359; 439124; 3
1670091659.877357; 439149; 3
1670091659.902362; 439174; 3
1670091659.927354; 439199; 3
1670091659.952354; 439224; 3
1670091659.977354; 439249; 3
1670091660.002359; 439274; 3
1670091660.027362; 439299; 3
1670091660.052355; 439324; 3
1670091660.077360; 439349; 3
1670091660.102360; 439374; 3
1670091660.127355; 439399; 3
1670091660.152354; 439424; 3
1670091660.177354; 439449; 3
1670091660.202368; 439474; 3
1670091660.227360; 439499; 3
1670091660.252354; 439524; 3
1670091660.277354; 439549; 3
1670091660.302354; 439574; 3
1670091660.327359; 439599; 3
1670091660.352355; 439624; 3
1670091660.377354; 439649; 3
1670091660.402354; 439674; 3
1670091660.427359; 439699; 3
1670091660.452355; 439724; 3
1670091660.477354; 439749; 3
1670091660.502354; 439774; 3
1670091660.527359; 439799; 3
1670091660.552355; 439824; 3
1670091660.577354; 439849; 3
1670091660.602354; 439874; 3
1670091660.627368; 439899; 3
1670091660.652360; 439924; 3
1670091660.677359; 439949; 3
1670091660.702359; 439974; 3
1670091660.727359; 439999; 3
1670091660.752364; 440024; 3
1670091660.777355; 440049; 3
1670091660.802355; 440074; 3
1670091660.827354; 440099; 3
1670091660.852373; 440124; 3
1670091660.877360; 440149; 3
1670091660.902359; 440174; 3
1670091660.927359; 440199; 3
1670091660.952364; 440224; 3
1670091660.977361; 440249; 3
1670091661.002359; 440274; 3
1670091661.027355; 440299; 3
1670091661.052363; 440324; 3
1670091661.077356; 440349; 3
1670091661.102361; 440374; 3
1670091661.127359; 440399; 3
1670091661.152359; 440424; 3
1670091661.177364; 440449; 3
1670091661.202360; 440474; 3
1670091661.227359; 440499; 3
1670091661.252359; 440524; 3
1670091661.277364; 440549; 3
1670091661.302360; 440574; 3
1670091661.327354; 440599; 3
1670091661.352354; 440624; 3
1670091661.377364; 440649; 3
1670091661.402361; 440674; 3
1670091661.427359; 440699; 3
1670091661.452359; 440724; 4
1670091661.477366; 440749; 4
1670091661.502362; 440774; 4
1670091661.527354; 440799; 4
1670091661.552354; 440824; 4
1670091661.577354; 440849; 4
1670091661.602359; 440874; 4
1670091661.627355; 440899; 4
1670091661.652354; 440924; 3
1670091661.677354; 440949; 3
1670091661.702359; 440974; 3
1670091661.727355; 440999; 3
1670091661.752354; 441024; 3
1670091661.777354; 441049; 3
1670091661.802359; 441074; 3
1670091661.827361; 441099; 3
1670091661.852354; 441124; 3
1670091661.877355; 441149; 3
1670091661.902354; 441174; 3
1670091661.927368; 441199; 3
1670091661.952355; 441224; 3
1670091661.977354; 441249; 3
1670091662.002354; 441274; 3
1670091662.027360; 441299; 3
1670091662.052362; 441324; 3
1670091662.077360; 441349; 4
1670091662.102360; 441374; 4
1670091662.127364; 441399; 4
1670091662.152360; 441424; 4
1670091662.177359; 441449; 4
1670091662.202359; 441474; 4
1670091662.227364; 441499; 4
1670091662.252360; 441524; 4
1670091662.277354; 441549; 4
1670091662.302354; 441574; 4
1670091662.327354; 441599; 4
1670091662.352368; 441624; 4
1670091662.377361; 441649; 4
1670091662.402359; 441674; 4
1670091662.427359; 441699; 4
1670091662.452364; 441724; 4
1670091662.477360; 441749; 4
1670091662.502359; 441774; 4
1670091662.527359; 441799; 4
1670091662.552364; 441824; 4
1670091662.577360; 441849; 4
1670091662.602363; 441874; 4
1670091662.627354; 441899; 4
1670091662.652359; 441924; 4
1670091662.677355; 441949; 4
1670091662.702354; 441974; 4
1670091662.727354; 441999; 4
1670091662.752354; 442024; 4
1670091662.777362; 442049; 4
1670091662.802355; 442074; 4
1670091662.827354; 442099; 4
1670091662.852354; 442124; 4
1670091662.877359; 442149; 4
1670091662.902355; 442174; 4
1670091662.927354; 442199; 4
1670091662.952354; 442224; 4
1670091662.977359; 442249; 4
1670091663.002355; 442274; 4
1670091663.027361; 442299; 4
1670091663.052355; 442324; 4
1670091663.077359; 442349; 4
1670091663.102363; 442374; 4
1670091663.127354; 442399; 4
1670091663.152354; 442424; 4
1670091663.177354; 442449; 4
1670091663.202368; 442474; 4
1670091663.227360; 442499; 4
1670091663.252359; 442524; 4
1670091663.277354; 442549; 4
1670091663.302359; 442574; 4
1670091663.327360; 442599; 4
1670091663.352359; 442624; 4
1670091663.377359; 442649; 4
1670091663.402364; 442674; 4
1670091663.427360; 442699; 4
1670091663.452359; 442724; 4
1670091663.477359; 442749; 4
1670091663.502359; 442774; 4
1670091663.527359; 442799; 4
1670091663.552355; 442824; 4
1670091663.577354; 442849; 4
1670091663.602354; 442874; 4
1670091663.627368; 442899; 4
1670091663.652360; 442924; 4
1670091663.677359; 442949; 4
1670091663.702359; 442974; 4
1670091663.727359; 442999; 4
1670091663.752355; 443024; 4
1670091663.777354; 443049; 4
1670091663.802354; 443074; 4
1670091663.827359; 443099; 4
1670091663.852355; 443124; 4
1670091663.877354; 443149; 4
1670091663.902354; 443174; 4
1670091663.927354; 443199; 4
1670091663.952359; 443224; 4
1670091663.977355; 443249; 4
1670091664.002354; 443274; 4
1670091664.027360; 443299; 4
1670091664.052363; 443324; 4
1670091664.077362; 443349; 4
1670091664.102355; 443374; 4
1670091664.127354; 443399; 4
1670091664.152359; 443424; 4
1670091664.177355; 443449; 4
1670091664.202354; 443474; 4
1670091664.227354; 443499; 4
1670091664.252364; 443524; 4
1670091664.277355; 443549; 4
1670091664.302354; 443574; 4
1670091664.327354; 443599; 5
1670091664.352359; 443624; 5
1670091664.377364; 443649; 5
1670091664.402355; 443674; 5
1670091664.427354; 443699; 4
1670091664.452354; 443724; 4
1670091664.477368; 443749; 4
1670091664.502360; 443774; 4
1670091664.527359; 443799; 4
1670091664.552359; 443824; 4
1670091664.577364; 443849; 4
1670091664.602361; 443874; 4
1670091664.627359; 443899; 4
1670091664.652359; 443924; 4
1670091664.677357; 443949; 4
1670091664.702356; 443974; 4
1670091664.727359; 443999; 4
1670091664.752354; 444024; 4
1670091664.777354; 444049; 4
1670091664.802364; 444074; 4
1670091664.827360; 444099; 4
1670091664.852360; 444124; 4
1670091664.877359; 444149; 4
1670091664.902368; 444174; 4
1670091664.927361; 444199; 5
1670091664.952354; 444224; 5
1670091664.977354; 444249; 5
1670091665.002359; 444274; 5
1670091665.027362; 444299; 5
1670091665.052361; 444324; 5
1670091665.077360; 444349; 5
1670091665.102355; 444374; 5
1670091665.127359; 444399; 5
1670091665.152355; 444424; 5
1670091665.177354; 444449; 5
1670091665.202354; 444474; 5
1670091665.227359; 444499; 5
1670091665.252355; 444524; 5
1670091665.277354; 444549; 5
1670091665.302354; 444574; 5
1670091665.327368; 444599; 5
1670091665.352361; 444624; 5
1670091665.377359; 444649; 5
1670091665.402359; 444674; 5
1670091665.427364; 444699; 5
1670091665.452360; 444724; 5
1670091665.477359; 444749; 5
1670091665.502359; 444774; 5
1670091665.527359; 444799; 5
1670091665.552364; 444824; 6
1670091665.577355; 444849; 6
1670091665.602354; 444874; 6
1670091665.627354; 444899; 6
1670091665.652359; 444924; 6
1670091665.677355; 444949; 6
1670091665.702354; 444974; 6
1670091665.727354; 444999; 6
1670091665.752362; 445024; 6
1670091665.777355; 445049; 6
1670091665.802354; 445074; 6
1670091665.827354; 445099; 6
1670091665.852359; 445124; 6
1670091665.877355; 445149; 6
1670091665.902354; 445174; 6
1670091665.927354; 445199; 6
1670091665.952354; 445224; 7
1670091665.977364; 445249; 7
1670091666.002360; 445274; 7
1670091666.027355; 445299; 7
1670091666.052360; 445324; 7
1670091666.077366; 445349; 7
1670091666.102356; 445374; 7
1670091666.127354; 445399; 7
1670091666.152354; 445424; 7
1670091666.177374; 445449; 7
1670091666.202355; 445474; 7
1670091666.227354; 445499; 7
1670091666.252354; 445524; 8
1670091666.277357; 445549; 8
1670091666.302356; 445574; 8
1670091666.327359; 445599; 8
1670091666.352359; 445624; 8
1670091666.377359; 445649; 9
1670091666.402359; 445674; 9
1670091666.427355; 445699; 9
1670091666.452354; 445724; 9
1670091666.477354; 445749; 10
1670091666.502359; 445774; 10
1670091666.527355; 445799; 10
1670091666.552359; 445824; 10
1670091666.577359; 445849; 9
1670091666.602368; 445874; 9
1670091666.627361; 445899; 9
1670091666.652354; 445924; 9
1670091666.677354; 445949; 9
1670091666.702359; 445974; 9
1670091666.727355; 445999; 9
1670091666.752354; 446024; 9
1670091666.777354; 446049; 9
1670091666.802354; 446074; 9
1670091666.827359; 446099; 9
1670091666.852355; 446124; 9
1670091666.877354; 446149; 9
1670091666.902354; 446174; 9
1670091666.927359; 446199; 9
1670091666.952355; 446224; 9
1670091666.977354; 446249; 10
1670091667.002357; 446274; 10
1670091667.027369; 446299; 10
1670091667.052356; 446324; 10
1670091667.077355; 446349; 11
1670091667.102361; 446374; 11
1670091667.127359; 446399; 11
1670091667.152355; 446424; 11
1670091667.177359; 446449; 12
1670091667.202362; 446474; 12
1670091667.227364; 446499; 12
1670091667.252355; 446524; 12
1670091667.277354; 446549; 12
1670091667.302354; 446574; 12
1670091667.327354; 446599; 12
1670091667.352359; 446624; 12
1670091667.377355; 446649; 13
1670091667.402359; 446674; 13
1670091667.427354; 446699; 13
1670091667.452368; 446724; 13
1670091667.477361; 446749; 14
1670091667.502354; 446774; 14
1670091667.527354; 446799; 14
1670091667.552359; 446824; 14
1670091667.577355; 446849; 14
1670091667.602359; 446874; 14
1670091667.627359; 446899; 14
1670091667.652359; 446924; 14
1670091667.677355; 446949; 14
1670091667.702359; 446974; 14
1670091667.727354; 446999; 14
1670091667.752359; 447024; 14
1670091667.777355; 447049; 14
1670091667.802359; 447074; 14
1670091667.827359; 447099; 14
1670091667.852368; 447124; 14
1670091667.877360; 447149; 14
1670091667.902354; 447174; 14
1670091667.927354; 447199; 14
1670091667.952359; 447224; 14
1670091667.977355; 447249; 14
1670091668.002359; 447274; 14
1670091668.027360; 447299; 14
1670091668.052359; 447324; 14
1670091668.077357; 447349; 14
1670091668.102355; 447374; 13
1670091668.127359; 447399; 13
1670091668.152359; 447424; 13
1670091668.177359; 447449; 13
1670091668.202355; 447474; 11
1670091668.227359; 447499; 11
1670091668.252359; 447524; 11
1670091668.277365; 447549; 11
1670091668.302361; 447574; 11
1670091668.327354; 447599; 11
1670091668.352354; 447624; 11
1670091668.377359; 447649; 11
1670091668.402355; 447674; 12
1670091668.427359; 447699; 12
1670091668.452359; 447724; 12
1670091668.477359; 447749; 12
1670091668.502355; 447774; 12
1670091668.527359; 447799; 12
1670091668.552359; 447824; 12
1670091668.577359; 447849; 12
1670091668.602355; 447874; 12
1670091668.627359; 447899; 12
1670091668.652354; 447924; 12
1670091668.677362; 447949; 12
1670091668.702360; 447974; 12
1670091668.727354; 447999; 10
1670091668.752354; 448024; 10
1670091668.777359; 448049; 10
1670091668.802355; 448074; 10
1670091668.827359; 448099; 9
1670091668.852359; 448124; 9
1670091668.877359; 448149; 9
1670091668.902364; 448174; 9
1670091668.927360; 448199; 9
1670091668.952359; 448224; 9
1670091668.977359; 448249; 9
1670091669.002364; 448274; 9
1670091669.027356; 448299; 10
1670091669.052360; 448324; 10
1670091669.077360; 448349; 10
1670091669.102369; 448374; 10
1670091669.127355; 448399; 11
1670091669.152359; 448424; 11
1670091669.177359; 448449; 11
1670091669.202364; 448474; 11
1670091669.227355; 448499; 14
1670091669.252354; 448524; 14
1670091669.277354; 448549; 14
1670091669.302359; 448574; 14
1670091669.327355; 448599; 16
1670091669.352359; 448624; 16
1670091669.377359; 448649; 16
1670091669.402359; 448674; 16
1670091669.427355; 448699; 18
1670091669.452359; 448724; 18
1670091669.477354; 448749; 18
1670091669.502354; 448774; 18
1670091669.527362; 448799; 20
1670091669.552360; 448824; 20
1670091669.577354; 448849; 20
1670091669.602354; 448874; 20
1670091669.627359; 448899; 23
1670091669.652355; 448924; 23
1670091669.677359; 448949; 23
1670091669.702354; 448974; 23
1670091669.727359; 448999; 27
1670091669.752355; 449024; 27
1670091669.777354; 449049; 27
1670091669.802354; 449074; 27
1670091669.827359; 449099; 27
1670091669.852355; 449124; 31
1670091669.877354; 449149; 31
1670091669.902354; 449174; 31
1670091669.927362; 449199; 31
1670091669.952360; 449224; 35
1670091669.977354; 449249; 35
1670091670.002354; 449274; 35
1670091670.027365; 449299; 35
1670091670.052356; 449324; 38
1670091670.077355; 449349; 38
1670091670.102361; 449374; 38
1670091670.127359; 449399; 38
1670091670.152355; 449424; 39
1670091670.177359; 449449; 39
1670091670.202359; 449474; 39
1670091670.227359; 449499; 39
1670091670.252355; 449524; 42
1670091670.277354; 449549; 42
1670091670.302354; 449574; 42
1670091670.327354; 449599; 42
1670091670.352362; 449624; 41
1670091670.377361; 449649; 41
1670091670.402354; 449674; 41
1670091670.427354; 449699; 41
1670091670.452359; 449724; 39
1670091670.477355; 449749; 39
1670091670.502359; 449774; 39
1670091670.527359; 449799; 39
1670091670.552359; 449824; 35
1670091670.577355; 449849; 35
1670091670.602359; 449874; 35
1670091670.627359; 449899; 35
1670091670.652359; 449924; 32
1670091670.677355; 449949; 32
1670091670.702359; 449974; 32
1670091670.727354; 449999; 32
1670091670.752368; 450024; 28
1670091670.777355; 450049; 28
1670091670.802359; 450074; 28
1670091670.827354; 450099; 28
1670091670.852359; 450124; 32
1670091670.877355; 450149; 32
1670091670.902359; 450174; 32
1670091670.927354; 450199; 32
1670091670.952359; 450224; 33
1670091670.977355; 450249; 33
1670091671.002359; 450274; 33
1670091671.027355; 450299; 33
1670091671.052359; 450324; 33
1670091671.077357; 450349; 31
1670091671.102355; 450374; 31
1670091671.127359; 450399; 31
1670091671.152359; 450424; 31
1670091671.177362; 450449; 28
1670091671.202360; 450474; 28
1670091671.227354; 450499; 28
1670091671.252354; 450524; 28
1670091671.277359; 450549; 19
1670091671.302380; 450574; 19
1670091671.327354; 450599; 19
1670091671.352354; 450624; 19
1670091671.377359; 450649; 11
1670091671.402355; 450674; 11
1670091671.427359; 450699; 11
1670091671.452359; 450724; 11
1670091671.477359; 450749; 7
1670091671.502390; 450774; 7
1670091671.527354; 450799; 7
1670091671.552354; 450824; 7
1670091671.577362; 450849; 7
1670091671.602355; 450874; 7
1670091671.627354; 450899; 7
1670091671.652354; 450924; 7
1670091671.677363; 450949; 8
1670091671.702362; 450974; 8
1670091671.727359; 450999; 8
1670091671.752359; 451024; 8
1670091671.777354; 451049; 8
1670091671.802359; 451074; 8
1670091671.827355; 451099; 8
1670091671.852354; 451124; 8
1670091671.877354; 451149; 9
1670091671.902359; 451174; 9
1670091671.927360; 451199; 9
1670091671.952359; 451224; 9
1670091671.977354; 451249; 10
1670091672.002368; 451274; 10
1670091672.027356; 451299; 10
1670091672.052360; 451324; 10
1670091672.077360; 451349; 11
1670091672.102360; 451374; 11
1670091672.127355; 451399; 11
1670091672.152359; 451424; 11
1670091672.177359; 451449; 11
1670091672.202359; 451474; 11
1670091672.227359; 451499; 11
1670091672.252355; 451524; 11
1670091672.277354; 451549; 11
1670091672.302354; 451574; 12
1670091672.327360; 451599; 12
1670091672.352361; 451624; 12
1670091672.377359; 451649; 12
1670091672.402359; 451674; 13
1670091672.427368; 451699; 13
1670091672.452355; 451724; 13
1670091672.477359; 451749; 13
1670091672.502359; 451774; 13
1670091672.527360; 451799; 13
1670091672.552361; 451824; 13
1670091672.577354; 451849; 13
1670091672.602354; 451874; 14
1670091672.627359; 451899; 14
1670091672.652355; 451924; 14
1670091672.677359; 451949; 14
1670091672.702354; 451974; 14
1670091672.727359; 451999; 14
1670091672.752360; 452024; 14
1670091672.777354; 452049; 14
1670091672.802359; 452074; 15
1670091672.827368; 452099; 15
1670091672.852355; 452124; 15
1670091672.877359; 452149; 15
1670091672.902354; 452174; 15
1670091672.927359; 452199; 15
1670091672.952355; 452224; 15
1670091672.977359; 452249; 15
1670091673.002354; 452274; 16
1670091673.027360; 452299; 16
1670091673.052360; 452324; 16
1670091673.077356; 452349; 16
1670091673.102355; 452374; 15
1670091673.127359; 452399; 15
1670091673.152364; 452424; 15
1670091673.177355; 452449; 15
1670091673.202359; 452474; 15
1670091673.227359; 452499; 15
1670091673.252362; 452524; 15
1670091673.277360; 452549; 15
1670091673.302354; 452574; 14
1670091673.327354; 452599; 14
1670091673.352359; 452624; 14
1670091673.377355; 452649; 14
1670091673.402359; 452674; 14
1670091673.427359; 452699; 13
1670091673.452359; 452724; 13
1670091673.477355; 452749; 13
1670091673.502359; 452774; 13
1670091673.527359; 452799; 14
1670091673.552359; 452824; 14
1670091673.577355; 452849; 14
1670091673.602362; 452874; 14
1670091673.627354; 452899; 15
1670091673.652368; 452924; 15
1670091673.677355; 452949; 15
1670091673.702359; 452974; 15
1670091673.727359; 452999; 17
1670091673.752357; 453024; 17
1670091673.777356; 453049; 17
1670091673.802359; 453074; 17
1670091673.827359; 453099; 17
1670091673.852354; 453124; 17
1670091673.877364; 453149; 17
1670091673.902355; 453174; 17
1670091673.927359; 453199; 16
1670091673.952359; 453224; 16
1670091673.977364; 453249; 16
1670091674.002355; 453274; 16
1670091674.027361; 453299; 16
1670091674.052355; 453324; 16
1670091674.077369; 453349; 16
1670091674.102356; 453374; 16
1670091674.127359; 453399; 15
1670091674.152359; 453424; 15
1670091674.177364; 453449; 15
1670091674.202355; 453474; 15
1670091674.227359; 453499; 13
1670091674.252359; 453524; 13
1670091674.277359; 453549; 13
1670091674.302355; 453574; 13
1670091674.327359; 453599; 12
1670091674.352359; 453624; 12
1670091674.377359; 453649; 12
1670091674.402355; 453674; 12
1670091674.427354; 453699; 13
1670091674.452354; 453724; 13
1670091674.477368; 453749; 13
1670091674.502355; 453774; 13
1670091674.527359; 453799; 13
1670091674.552359; 453824; 13
1670091674.577363; 453849; 13
1670091674.602362; 453874; 13
1670091674.627354; 453899; 13
1670091674.652354; 453924; 13
1670091674.677354; 453949; 13
1670091674.702364; 453974; 13
1670091674.727355; 453999; 13
1670091674.752359; 454024; 14
1670091674.777354; 454049; 14
1670091674.802359; 454074; 14
1670091674.827355; 454099; 14
1670091674.852359; 454124; 12
1670091674.877354; 454149; 12
1670091674.902368; 454174; 12
1670091674.927355; 454199; 12
1670091674.952359; 454224; 12
1670091674.977359; 454249; 12
1670091675.002359; 454274; 12
1670091675.027362; 454299; 12
1670091675.052361; 454324; 12
1670091675.077360; 454349; 12
1670091675.102360; 454374; 12
1670091675.127360; 454399; 12
1670091675.152354; 454424; 12
1670091675.177354; 454449; 12
1670091675.202364; 454474; 12
1670091675.227355; 454499; 12
1670091675.252354; 454524; 12
1670091675.277354; 454549; 12
1670091675.302368; 454574; 12
1670091675.327355; 454599; 12
1670091675.352359; 454624; 12
1670091675.377359; 454649; 12
1670091675.402359; 454674; 12
1670091675.427364; 454699; 12
1670091675.452355; 454724; 13
1670091675.477359; 454749; 13
1670091675.502359; 454774; 13
1670091675.527359; 454799; 13
1670091675.552355; 454824; 13
1670091675.577359; 454849; 13
1670091675.602354; 454874; 13
1670091675.627364; 454899; 13
1670091675.652361; 454924; 13
1670091675.677354; 454949; 13
1670091675.702354; 454974; 13
1670091675.727368; 454999; 13
1670091675.752355; 455024; 13
1670091675.777354; 455049; 13
1670091675.802359; 455074; 13
1670091675.827359; 455099; 13
1670091675.852355; 455124; 13
1670091675.877359; 455149; 12
1670091675.902354; 455174; 12
1670091675.927359; 455199; 12
1670091675.952355; 455224; 12
1670091675.977359; 455249; 12
1670091676.002359; 455274; 12
1670091676.027360; 455299; 12
1670091676.052362; 455324; 12
1670091676.077361; 455349; 12
1670091676.102355; 455374; 12
1670091676.127362; 455399; 12
1670091676.152361; 455424; 12
1670091676.177354; 455449; 12
1670091676.202354; 455474; 12
1670091676.227359; 455499; 12
1670091676.252364; 455524; 12
1670091676.277355; 455549; 13
1670091676.302359; 455574; 13
1670091676.327359; 455599; 13
1670091676.352359; 455624; 13
1670091676.377355; 455649; 13
1670091676.402359; 455674; 13
1670091676.427359; 455699; 13
1670091676.452359; 455724; 13
1670091676.477360; 455749; 13
1670091676.502354; 455774; 13
1670091676.527354; 455799; 13
1670091676.552362; 455824; 13
1670091676.577361; 455849; 13
1670091676.602354; 455874; 13
1670091676.627398; 455899; 13
1670091676.652359; 455924; 13
1670091676.677355; 455949; 14
1670091676.702359; 455974; 14
1670091676.727354; 455999; 14
1670091676.752359; 456024; 14
1670091676.777355; 456049; 14
1670091676.802359; 456074; 14
1670091676.827373; 456099; 14
1670091676.852364; 456124; 14
1670091676.877355; 456149; 14
1670091676.902359; 456174; 15
1670091676.927359; 456199; 15
1670091676.952361; 456224; 15
1670091676.977362; 456249; 15
1670091677.002354; 456274; 17
1670091677.027360; 456299; 17
1670091677.052355; 456324; 17
1670091677.077365; 456349; 17
1670091677.102356; 456374; 17
1670091677.127359; 456399; 17
1670091677.152359; 456424; 17
1670091677.177359; 456449; 17
1670091677.202355; 456474; 17
1670091677.227359; 456499; 17
1670091677.252359; 456524; 17
1670091677.277359; 456549; 17
1670091677.302355; 456574; 17
1670091677.327359; 456599; 17
1670091677.352359; 456624; 17
1670091677.377368; 456649; 17
1670091677.402355; 456674; 18
1670091677.427359; 456699; 18
1670091677.452359; 456724; 18
1670091677.477359; 456749; 18
1670091677.502355; 456774; 18
1670091677.527359; 456799; 18
1670091677.552359; 456824; 18
1670091677.577359; 456849; 18
1670091677.602355; 456874; 19
1670091677.627359; 456899; 19
1670091677.652357; 456924; 19
1670091677.677364; 456949; 19
1670091677.702355; 456974; 19
1670091677.727359; 456999; 19
1670091677.752359; 457024; 19
1670091677.777361; 457049; 19
1670091677.802362; 457074; 19
1670091677.827354; 457099; 19
1670091677.852357; 457124; 19
1670091677.877354; 457149; 19
1670091677.902359; 457174; 19
1670091677.927355; 457199; 19
1670091677.952359; 457224; 19
1670091677.977354; 457249; 19
1670091678.002359; 457274; 19
1670091678.027362; 457299; 20
1670091678.052360; 457324; 20
1670091678.077355; 457349; 20
1670091678.102365; 457374; 20
1670091678.127355; 457399; 20
1670091678.152359; 457424; 20
1670091678.177359; 457449; 20
1670091678.202368; 457474; 20
1670091678.227355; 457499; 19
1670091678.252359; 457524; 19
1670091678.277354; 457549; 19
1670091678.302359; 457574; 19
1670091678.327355; 457599; 20
1670091678.352359; 457624; 20
1670091678.377359; 457649; 20
1670091678.402359; 457674; 20
1670091678.427355; 457699; 20
1670091678.452359; 457724; 20
1670091678.477359; 457749; 20
1670091678.502359; 457774; 20
1670091678.527361; 457799; 20
1670091678.552354; 457824; 20
1670091678.577354; 457849; 20
1670091678.602354; 457874; 20
1670091678.627368; 457899; 21
1670091678.652355; 457924; 21
1670091678.677359; 457949; 21
1670091678.702359; 457974; 21
1670091678.727364; 457999; 21
1670091678.752355; 458024; 21
1670091678.777354; 458049; 21
1670091678.802354; 458074; 21
1670091678.827359; 458099; 21
1670091678.852355; 458124; 21
1670091678.877363; 458149; 21
1670091678.902354; 458174; 21
1670091678.927359; 458199; 21
1670091678.952355; 458224; 21
1670091678.977359; 458249; 21
1670091679.002359; 458274; 21
1670091679.027369; 458299; 21
1670091679.052356; 458324; 21
1670091679.077355; 458349; 21
1670091679.102355; 458374; 21
1670091679.127359; 458399; 21
1670091679.152355; 458424; 21
1670091679.177359; 458449; 21
1670091679.202359; 458474; 21
1670091679.227359; 458499; 21
1670091679.252355; 458524; 20
1670091679.277354; 458549; 20
1670091679.302354; 458574; 20
1670091679.327359; 458599; 20
1670091679.352355; 458624; 20
1670091679.377359; 458649; 20
1670091679.402359; 458674; 20
1670091679.427359; 458699; 20
1670091679.452362; 458724; 20
1670091679.477360; 458749; 20
1670091679.502355; 458774; 20
1670091679.527359; 458799; 20
1670091679.552363; 458824; 19
1670091679.577360; 458849; 19
1670091679.602359; 458874; 19
1670091679.627359; 458899; 19
1670091679.652360; 458924; 18
1670091679.677356; 458949; 18
1670091679.702359; 458974; 18
1670091679.727359; 458999; 18
1670091679.752364; 459024; 17
1670091679.777355; 459049; 17
1670091679.802359; 459074; 17
1670091679.827359; 459099; 17
1670091679.852368; 459124; 17
1670091679.877355; 459149; 17
1670091679.902359; 459174; 17
1670091679.927359; 459199; 17
1670091679.952364; 459224; 16
1670091679.977355; 459249; 16
1670091680.002359; 459274; 16
1670091680.027355; 459299; 16
1670091680.052365; 459324; 16
1670091680.077362; 459349; 16
1670091680.102360; 459374; 16
1670091680.127359; 459399; 16
1670091680.152363; 459424; 16
1670091680.177362; 459449; 16
1670091680.202354; 459474; 16
1670091680.227354; 459499; 16
1670091680.252354; 459524; 15
1670091680.277362; 459549; 15
1670091680.302361; 459574; 15
1670091680.327354; 459599; 15
1670091680.352354; 459624; 15
1670091680.377359; 459649; 15
1670091680.402355; 459674; 15
1670091680.427359; 459699; 15
1670091680.452354; 459724; 15
1670091680.477359; 459749; 15
1670091680.502355; 459774; 15
1670091680.527354; 459799; 15
1670091680.552354; 459824; 15
1670091680.577364; 459849; 15
1670091680.602355; 459874; 15
1670091680.627359; 459899; 15
1670091680.652359; 459924; 15
1670091680.677368; 459949; 14
1670091680.702355; 459974; 14
1670091680.727359; 459999; 14
1670091680.752359; 460024; 14
1670091680.777359; 460049; 14
1670091680.802355; 460074; 14
1670091680.827359; 460099; 14
1670091680.852359; 460124; 14
1670091680.877359; 460149; 14
1670091680.902355; 460174; 14
1670091680.927359; 460199; 14
1670091680.952359; 460224; 14
1670091680.977357; 460249; 14
1670091681.002356; 460274; 14
1670091681.027355; 460299; 14
1670091681.052360; 460324; 14
1670091681.077360; 460349; 13
1670091681.102369; 460374; 13
1670091681.127358; 460399; 13
1670091681.152359; 460424; 13
1670091681.177359; 460449; 13
1670091681.202364; 460474; 13
1670091681.227355; 460499; 13
1670091681.252359; 460524; 13
1670091681.277354; 460549; 13
1670091681.302359; 460574; 13
1670091681.327355; 460599; 13
1670091681.352354; 460624; 13
1670091681.377354; 460649; 13
1670091681.402364; 460674; 13
1670091681.427355; 460699; 13
1670091681.452359; 460724; 13
1670091681.477359; 460749; 13
1670091681.502362; 460774; 13
1670091681.527361; 460799; 13
1670091681.552359; 460824; 13
1670091681.577359; 460849; 13
1670091681.602364; 460874; 13
1670091681.627355; 460899; 13
1670091681.652359; 460924; 13
1670091681.677354; 460949; 13
1670091681.702359; 460974; 14
1670091681.727355; 460999; 14
1670091681.752359; 461024; 14
1670091681.777354; 461049; 14
1670091681.802354; 461074; 14
1670091681.827359; 461099; 14
1670091681.852355; 461124; 14
1670091681.877359; 461149; 14
1670091681.902359; 461174; 14
1670091681.927368; 461199; 14
1670091681.952391; 461224; 14
1670091681.977354; 461249; 14
1670091682.002354; 461274; 14
1670091682.027365; 461299; 14
1670091682.052356; 461324; 14
1670091682.077355; 461349; 14
1670091682.102360; 461374; 14
1670091682.127359; 461399; 14
1670091682.152372; 461424; 14
1670091682.177359; 461449; 14
1670091682.202359; 461474; 14
1670091682.227359; 461499; 14
1670091682.252355; 461524; 14
1670091682.277354; 461549; 14
1670091682.302354; 461574; 14
1670091682.327368; 461599; 14
1670091682.352355; 461624; 14
1670091682.377359; 461649; 14
1670091682.402359; 461674; 14
1670091682.427364; 461699; 14
1670091682.452355; 461724; 14
1670091682.477359; 461749; 14
1670091682.502359; 461774; 14
1670091682.527359; 461799; 14
1670091682.552355; 461824; 14
1670091682.577354; 461849; 14
1670091682.602354; 461874; 14
1670091682.627359; 461899; 14
1670091682.652359; 461924; 14
1670091682.677355; 461949; 14
1670091682.702359; 461974; 14
1670091682.727359; 461999; 14
1670091682.752362; 462024; 14
1670091682.777360; 462049; 14
1670091682.802354; 462074; 14
1670091682.827354; 462099; 14
1670091682.852359; 462124; 14
1670091682.877355; 462149; 14
1670091682.902359; 462174; 14
1670091682.927359; 462199; 14
1670091682.952359; 462224; 14
1670091682.977363; 462249; 14
1670091683.002354; 462274; 14
1670091683.027360; 462299; 14
1670091683.052360; 462324; 14
1670091683.077356; 462349; 14
1670091683.102360; 462374; 14
1670091683.127354; 462399; 14
1670091683.152368; 462424; 14
1670091683.177362; 462449; 14
1670091683.202354; 462474; 14
1670091683.227354; 462499; 14
1670091683.252359; 462524; 14
1670091683.277355; 462549; 14
1670091683.302359; 462574; 14
1670091683.327359; 462599; 14
1670091683.352363; 462624; 14
1670091683.377356; 462649; 14
1670091683.402354; 462674; 14
1670091683.427354; 462699; 15
1670091683.452359; 462724; 15
1670091683.477359; 462749; 15
1670091683.502355; 462774; 15
1670091683.527359; 462799; 15
1670091683.552354; 462824; 15
1670091683.577362; 462849; 15
1670091683.602355; 462874; 15
1670091683.627359; 462899; 15
1670091683.652359; 462924; 15
1670091683.677364; 462949; 15
1670091683.702355; 462974; 15
1670091683.727359; 462999; 15
1670091683.752354; 463024; 15
1670091683.777359; 463049; 15
1670091683.802361; 463074; 15
1670091683.827354; 463099; 15
1670091683.852359; 463124; 15
1670091683.877359; 463149; 15
1670091683.902355; 463174; 15
1670091683.927359; 463199; 15
1670091683.952354; 463224; 15
1670091683.977362; 463249; 15
1670091684.002369; 463274; 15
1670091684.027355; 463299; 15
1670091684.052388; 463324; 15
1670091684.077360; 463349; 15
1670091684.102362; 463374; 15
1670091684.127354; 463399; 15
1670091684.152354; 463424; 15
1670091684.177357; 463449; 15
1670091684.202365; 463474; 15
1670091684.227354; 463499; 15
1670091684.252355; 463524; 15
1670091684.277359; 463549; 15
1670091684.302359; 463574; 15
1670091684.327355; 463599; 15
1670091684.352359; 463624; 15
1670091684.377359; 463649; 15
1670091684.402362; 463674; 15
1670091684.427355; 463699; 15
1670091684.452359; 463724; 15
1670091684.477359; 463749; 15
1670091684.502364; 463774; 15
1670091684.527355; 463799; 15
1670091684.552359; 463824; 15
1670091684.577354; 463849; 15
1670091684.602359; 463874; 15
1670091684.627360; 463899; 15
1670091684.652354; 463924; 14
1670091684.677354; 463949; 14
1670091684.702359; 463974; 14
1670091684.727355; 463999; 14
1670091684.752359; 464024; 14
1670091684.777354; 464049; 14
1670091684.802362; 464074; 14
1670091684.827360; 464099; 14
1670091684.852354; 464124; 13
1670091684.877354; 464149; 13
1670091684.902359; 464174; 13
1670091684.927355; 464199; 13
1670091684.952359; 464224; 13
1670091684.977354; 464249; 13
1670091685.002354; 464274; 13
1670091685.027360; 464299; 13
1670091685.052362; 464324; 13
1670091685.077360; 464349; 14
1670091685.102355; 464374; 14
1670091685.127364; 464399; 14
1670091685.152355; 464424; 14
1670091685.177359; 464449; 15
1670091685.202359; 464474; 15
1670091685.227368; 464499; 15
1670091685.252361; 464524; 15
1670091685.277354; 464549; 15
1670091685.302354; 464574; 15
1670091685.327359; 464599; 15
1670091685.352355; 464624; 15
1670091685.377359; 464649; 16
1670091685.402359; 464674; 16
1670091685.427359; 464699; 16
1670091685.452355; 464724; 16
1670091685.477359; 464749; 17
1670091685.502354; 464774; 17
1670091685.527359; 464799; 17
1670091685.552355; 464824; 17
1670091685.577359; 464849; 18
1670091685.602359; 464874; 18
1670091685.627368; 464899; 18
1670091685.652355; 464924; 18
1670091685.677359; 464949; 20
1670091685.702359; 464974; 20
1670091685.727364; 464999; 20
1670091685.752355; 465024; 20
1670091685.777354; 465049; 20
1670091685.802354; 465074; 20
1670091685.827354; 465099; 20
1670091685.852364; 465124; 20
1670091685.877355; 465149; 19
1670091685.902354; 465174; 19
1670091685.927354; 465199; 19
1670091685.952359; 465224; 19
1670091685.977355; 465249; 18
1670091686.002359; 465274; 18
1670091686.027355; 465299; 18
1670091686.052369; 465324; 18
1670091686.077362; 465349; 17
1670091686.102360; 465374; 17
1670091686.127354; 465399; 17
1670091686.152359; 465424; 17
1670091686.177355; 465449; 17
1670091686.202359; 465474; 14
1670091686.227359; 465499; 14
1670091686.252359; 465524; 14
1670091686.277355; 465549; 14
1670091686.302359; 465574; 13
1670091686.327359; 465599; 13
1670091686.352359; 465624; 13
1670091686.377355; 465649; 13
1670091686.402359; 465674; 14
1670091686.427359; 465699; 14
1670091686.452379; 465724; 14
1670091686.477360; 465749; 14
1670091686.502354; 465774; 14
1670091686.527354; 465799; 14
1670091686.552363; 465824; 14
1670091686.577356; 465849; 14
1670091686.602359; 465874; 12
1670091686.627359; 465899; 12
1670091686.652359; 465924; 12
1670091686.677359; 465949; 12
1670091686.702355; 465974; 12
1670091686.727354; 465999; 12
1670091686.752354; 466024; 12
1670091686.777359; 466049; 12
1670091686.802355; 466074; 13
1670091686.827359; 466099; 13
1670091686.852354; 466124; 13
1670091686.877368; 466149; 13
1670091686.902355; 466174; 13
1670091686.927359; 466199; 13
1670091686.952354; 466224; 13
1670091686.977359; 466249; 13
1670091687.002355; 466274; 13
1670091687.027360; 466299; 13
1670091687.052355; 466324; 13
1670091687.077360; 466349; 13
1670091687.102362; 466374; 14
1670091687.127354; 466399; 14
1670091687.152354; 466424; 14
1670091687.177359; 466449; 14
1670091687.202355; 466474; 14
1670091687.227359; 466499; 14
1670091687.252359; 466524; 14
1670091687.277372; 466549; 14
1670091687.302361; 466574; 14
1670091687.327354; 466599; 14
1670091687.352354; 466624; 14
1670091687.377363; 466649; 14
1670091687.402356; 466674; 14
1670091687.427359; 466699; 14
1670091687.452359; 466724; 14
1670091687.477376; 466749; 14
1670091687.502364; 466774; 14
1670091687.527355; 466799; 14
1670091687.552354; 466824; 14
1670091687.577354; 466849; 14
1670091687.602359; 466874; 14
1670091687.627355; 466899; 14
1670091687.652359; 466924; 14
1670091687.677359; 466949; 14
1670091687.702362; 466974; 14
1670091687.727360; 466999; 15
1670091687.752354; 467024; 15
1670091687.777354; 467049; 15
1670091687.802359; 467074; 15
1670091687.827355; 467099; 15
1670091687.852359; 467124; 15
1670091687.877359; 467149; 15
1670091687.902364; 467174; 15
1670091687.927355; 467199; 15
1670091687.952359; 467224; 15
1670091687.977359; 467249; 15
1670091688.002359; 467274; 15
1670091688.027362; 467299; 14
1670091688.052360; 467324; 14
1670091688.077361; 467349; 14
1670091688.102363; 467374; 14
1670091688.127360; 467399; 14
1670091688.152354; 467424; 14
1670091688.177354; 467449; 14
1670091688.202354; 467474; 14
1670091688.227359; 467499; 14
1670091688.252355; 467524; 14
1670091688.277354; 467549; 14
1670091688.302354; 467574; 14
1670091688.327359; 467599; 14
1670091688.352360; 467624; 14
1670091688.377354; 467649; 14
1670091688.402354; 467674; 14
1670091688.427359; 467699; 14
1670091688.452355; 467724; 14
1670091688.477359; 467749; 14
1670091688.502355; 467774; 14
1670091688.527368; 467799; 14
1670091688.552355; 467824; 14
1670091688.577359; 467849; 14
1670091688.602359; 467874; 14
1670091688.627364; 467899; 14
1670091688.652355; 467924; 13
1670091688.677359; 467949; 13
1670091688.702359; 467974; 13
1670091688.727364; 467999; 13
1670091688.752355; 468024; 12
1670091688.777354; 468049; 12
1670091688.802354; 468074; 12
1670091688.827359; 468099; 12
1670091688.852355; 468124; 12
1670091688.877359; 468149; 12
1670091688.902359; 468174; 12
1670091688.927368; 468199; 12
1670091688.952355; 468224; 11
1670091688.977359; 468249; 11
1670091689.002354; 468274; 11
1670091689.027361; 468299; 11
1670091689.052360; 468324; 10
1670091689.077356; 468349; 10
1670091689.102355; 468374; 10
1670091689.127354; 468399; 10
1670091689.152359; 468424; 11
1670091689.177355; 468449; 11
1670091689.202359; 468474; 11
1670091689.227359; 468499; 11
1670091689.252359; 468524; 11
1670091689.277355; 468549; 11
1670091689.302359; 468574; 11
1670091689.327354; 468599; 11
1670091689.352368; 468624; 12
1670091689.377355; 468649; 12
1670091689.402359; 468674; 12
1670091689.427359; 468699; 12
1670091689.452364; 468724; 14
1670091689.477355; 468749; 14
1670091689.502359; 468774; 14
1670091689.527363; 468799; 14
1670091689.552359; 468824; 15
1670091689.577359; 468849; 15
1670091689.602359; 468874; 15
1670091689.627359; 468899; 15
1670091689.652359; 468924; 15
1670091689.677355; 468949; 13
1670091689.702359; 468974; 13
1670091689.727354; 468999; 13
1670091689.752361; 469024; 13
1670091689.777356; 469049; 11
1670091689.802359; 469074; 11
1670091689.827354; 469099; 11
1670091689.852354; 469124; 11
1670091689.877359; 469149; 7
1670091689.902355; 469174; 7
1670091689.927354; 469199; 7
1670091689.952359; 469224; 7
1670091689.977364; 469249; 7
1670091690.002361; 469274; 7
1670091690.027355; 469299; 7
1670091690.052361; 469324; 7
1670091690.077365; 469349; 7
1670091690.102356; 469374; 7
1670091690.127354; 469399; 7
1670091690.152354; 469424; 7
1670091690.177368; 469449; 7
1670091690.202360; 469474; 7
1670091690.227359; 469499; 7
1670091690.252359; 469524; 7
1670091690.277354; 469549; 8
1670091690.302359; 469574; 8
1670091690.327355; 469599; 8
1670091690.352359; 469624; 8
1670091690.377359; 469649; 8
1670091690.402359; 469674; 8
1670091690.427355; 469699; 8
1670091690.452354; 469724; 8
1670091690.477354; 469749; 8
1670091690.502359; 469774; 8
1670091690.527355; 469799; 8
1670091690.552359; 469824; 8
1670091690.577354; 469849; 8
1670091690.602362; 469874; 8
1670091690.627355; 469899; 8
1670091690.652354; 469924; 8
1670091690.677354; 469949; 9
1670091690.702354; 469974; 9
1670091690.727359; 469999; 9
1670091690.752355; 470024; 9
1670091690.777354; 470049; 9
1670091690.802354; 470074; 9
1670091690.827364; 470099; 9
1670091690.852361; 470124; 9
1670091690.877359; 470149; 9
1670091690.902359; 470174; 9
1670091690.927364; 470199; 9
1670091690.952360; 470224; 9
1670091690.977354; 470249; 9
1670091691.002354; 470274; 10
1670091691.027368; 470299; 10
1670091691.052363; 470324; 10
1670091691.077355; 470349; 10
1670091691.102360; 470374; 10
1670091691.127354; 470399; 10
1670091691.152359; 470424; 10
1670091691.177360; 470449; 10
1670091691.202354; 470474; 11
1670091691.227359; 470499; 11
1670091691.252359; 470524; 11
1670091691.277355; 470549; 11
1670091691.302359; 470574; 11
1670091691.327359; 470599; 11
1670091691.352359; 470624; 11
1670091691.377360; 470649; 11
1670091691.402354; 470674; 11
1670091691.427354; 470699; 11
1670091691.452368; 470724; 11
1670091691.477355; 470749; 11
1670091691.502359; 470774; 12
1670091691.527359; 470799; 12
1670091691.552364; 470824; 12
1670091691.577355; 470849; 12
1670091691.602359; 470874; 12
1670091691.627359; 470899; 12
1670091691.652359; 470924; 12
1670091691.677355; 470949; 12
1670091691.702359; 470974; 13
1670091691.727359; 470999; 13
1670091691.752359; 471024; 13
1670091691.777368; 471049; 13
1670091691.802359; 471074; 14
1670091691.827359; 471099; 14
1670091691.852366; 471124; 14
1670091691.877356; 471149; 14
1670091691.902359; 471174; 14
1670091691.927359; 471199; 14
1670091691.952354; 471224; 14
1670091691.977359; 471249; 14
1670091692.002360; 471274; 14
1670091692.027355; 471299; 14
1670091692.052355; 471324; 14
1670091692.077365; 471349; 14
1670091692.102356; 471374; 14
1670091692.127359; 471399; 13
1670091692.152359; 471424; 13
1670091692.177359; 471449; 13
1670091692.202360; 471474; 13
1670091692.227354; 471499; 13
1670091692.252354; 471524; 13
1670091692.277362; 471549; 13
1670091692.302360; 471574; 13
1670091692.327354; 471599; 13
1670091692.352354; 471624; 13
1670091692.377359; 471649; 13
1670091692.402360; 471674; 13
1670091692.427354; 471699; 12
1670091692.452359; 471724; 12
1670091692.477359; 471749; 12
1670091692.502355; 471774; 12
1670091692.527359; 471799; 14
1670091692.552359; 471824; 14
1670091692.577359; 471849; 14
1670091692.602384; 471874; 14
1670091692.627359; 471899; 16
1670091692.652359; 471924; 16
1670091692.677359; 471949; 16
1670091692.702368; 471974; 16
1670091692.727355; 471999; 15
1670091692.752359; 472024; 15
1670091692.777354; 472049; 15
1670091692.802396; 472074; 15
1670091692.827355; 472099; 16
1670091692.852359; 472124; 16
1670091692.877359; 472149; 16
1670091692.902359; 472174; 16
1670091692.927355; 472199; 17
1670091692.952359; 472224; 17
1670091692.977359; 472249; 17
1670091693.002359; 472274; 17
1670091693.027362; 472299; 17
1670091693.052360; 472324; 17
1670091693.077360; 472349; 17
1670091693.102363; 472374; 17
1670091693.127360; 472399; 17
1670091693.152354; 472424; 16
1670091693.177354; 472449; 16
1670091693.202359; 472474; 16
1670091693.227360; 472499; 16
1670091693.252354; 472524; 17
1670091693.277354; 472549; 17
1670091693.302359; 472574; 17
1670091693.327355; 472599; 17
1670091693.352359; 472624; 9
1670091693.377359; 472649; 9
1670091693.402357; 472674; 9
1670091693.427362; 472699; 9
1670091693.452354; 472724; 8
1670091693.477354; 472749; 8
1670091693.502354; 472774; 8
1670091693.527368; 472799; 8
1670091693.552361; 472824; 7
1670091693.577359; 472849; 7
1670091693.602359; 472874; 7
1670091693.627367; 472899; 7
1670091693.652355; 472924; 7
1670091693.677354; 472949; 7
1670091693.702354; 472974; 7
1670091693.727359; 472999; 7
1670091693.752355; 473024; 7
1670091693.777354; 473049; 7
1670091693.802354; 473074; 7
1670091693.827359; 473099; 7
1670091693.852359; 473124; 7
1670091693.877355; 473149; 7
1670091693.902354; 473174; 7
1670091693.927354; 473199; 7
1670091693.952368; 473224; 7
1670091693.977360; 473249; 7
1670091694.002359; 473274; 7
1670091694.027355; 473299; 7
1670091694.052360; 473324; 9
1670091694.077362; 473349; 9
1670091694.102355; 473374; 9
1670091694.127354; 473399; 9
1670091694.152359; 473424; 10
1670091694.177355; 473449; 10
1670091694.202359; 473474; 10
1670091694.227359; 473499; 10
1670091694.252363; 473524; 10
1670091694.277356; 473549; 10
1670091694.302359; 473574; 10
1670091694.327359; 473599; 10
1670091694.352359; 473624; 10
1670091694.377362; 473649; 11
1670091694.402360; 473674; 11
1670091694.427354; 473699; 11
1670091694.452360; 473724; 11
1670091694.477364; 473749; 11
1670091694.502355; 473774; 11
1670091694.527359; 473799; 11
1670091694.552359; 473824; 11
1670091694.577359; 473849; 13
1670091694.602355; 473874; 13
1670091694.627359; 473899; 13
1670091694.652359; 473924; 13
1670091694.677359; 473949; 14
1670091694.702355; 473974; 14
1670091694.727359; 473999; 14
1670091694.752354; 474024; 14
1670091694.777362; 474049; 16
1670091694.802360; 474074; 16
1670091694.827354; 474099; 16
1670091694.852354; 474124; 16
1670091694.877364; 474149; 19
1670091694.902355; 474174; 19
1670091694.927359; 474199; 19
1670091694.952354; 474224; 19
1670091694.977359; 474249; 20
1670091695.002355; 474274; 20
1670091695.027360; 474299; 20
1670091695.052355; 474324; 20
1670091695.077361; 474349; 19
1670091695.102360; 474374; 19
1670091695.127360; 474399; 19
1670091695.152354; 474424; 19
1670091695.177354; 474449; 19
1670091695.202362; 474474; 19
1670091695.227361; 474499; 19
1670091695.252354; 474524; 19
1670091695.277354; 474549; 21
1670091695.302359; 474574; 21
1670091695.327355; 474599; 21
1670091695.352359; 474624; 21
1670091695.377359; 474649; 23
1670091695.402359; 474674; 23
1670091695.427355; 474699; 23
1670091695.452359; 474724; 23
1670091695.477354; 474749; 23
1670091695.502359; 474774; 25
1670091695.527355; 474799; 25
1670091695.552359; 474824; 25
1670091695.577359; 474849; 25
1670091695.602368; 474874; 27
1670091695.627355; 474899; 27
1670091695.652359; 474924; 27
1670091695.677354; 474949; 27
1670091695.702359; 474974; 25
1670091695.727355; 474999; 25
1670091695.752359; 475024; 25
1670091695.777354; 475049; 25
1670091695.802359; 475074; 22
1670091695.827355; 475099; 22
1670091695.852359; 475124; 22
1670091695.877359; 475149; 22
1670091695.902359; 475174; 21
1670091695.927359; 475199; 21
1670091695.952355; 475224; 21
1670091695.977359; 475249; 21
1670091696.002359; 475274; 18
1670091696.027363; 475299; 18
1670091696.052362; 475324; 18
1670091696.077360; 475349; 18
1670091696.102360; 475374; 14
1670091696.127364; 475399; 14
1670091696.152355; 475424; 14
1670091696.177359; 475449; 14
1670091696.202359; 475474; 19
1670091696.227359; 475499; 19
1670091696.252355; 475524; 19
1670091696.277354; 475549; 19
1670091696.302354; 475574; 22
1670091696.327359; 475599; 22
1670091696.352355; 475624; 22
1670091696.377359; 475649; 22
1670091696.402359; 475674; 22
1670091696.427362; 475699; 22
1670091696.452361; 475724; 22
1670091696.477354; 475749; 22
1670091696.502359; 475774; 18
1670091696.527364; 475799; 18
1670091696.552355; 475824; 18
1670091696.577359; 475849; 18
1670091696.602359; 475874; 18
1670091696.627363; 475899; 17
1670091696.652356; 475924; 17
1670091696.677359; 475949; 17
1670091696.702359; 475974; 17
1670091696.727359; 475999; 16
1670091696.752359; 476024; 16
1670091696.777355; 476049; 16
1670091696.802359; 476074; 16
1670091696.827359; 476099; 16
1670091696.852362; 476124; 16
1670091696.877361; 476149; 16
1670091696.902354; 476174; 16
1670091696.927359; 476199; 17
1670091696.952364; 476224; 17
1670091696.977355; 476249; 17
1670091697.002359; 476274; 17
1670091697.027355; 476299; 16
1670091697.052365; 476324; 16
1670091697.077356; 476349; 16
1670091697.102371; 476374; 16
1670091697.127354; 476399; 12
1670091697.152359; 476424; 12
1670091697.177355; 476449; 12
1670091697.202359; 476474; 12
1670091697.227359; 476499; 10
1670091697.252368; 476524; 10
1670091697.277355; 476549; 10
1670091697.302359; 476574; 10
1670091697.327359; 476599; 8
1670091697.352364; 476624; 8
1670091697.377360; 476649; 8
1670091697.402359; 476674; 8
1670091697.427359; 476699; 5
1670091697.452359; 476724; 5
1670091697.477364; 476749; 5
1670091697.502360; 476774; 5
1670091697.527359; 476799; 4
1670091697.552359; 476824; 4
1670091697.577364; 476849; 4
1670091697.602360; 476874; 4
1670091697.627359; 476899; 4
1670091697.652359; 476924; 4
1670091697.677362; 476949; 4
1670091697.702355; 476974; 4
1670091697.727354; 476999; 4
1670091697.752354; 477024; 4
1670091697.777363; 477049; 4
1670091697.802362; 477074; 4
1670091697.827354; 477099; 4
1670091697.852354; 477124; 4
1670091697.877354; 477149; 4
1670091697.902359; 477174; 4
1670091697.927379; 477199; 4
1670091697.952359; 477224; 3
1670091697.977359; 477249; 3
1670091698.002364; 477274; 3
1670091698.027356; 477299; 3
1670091698.052360; 477324; 3
1670091698.077355; 477349; 3
1670091698.102369; 477374; 3
1670091698.127373; 477399; 3
1670091698.152354; 477424; 3
1670091698.177354; 477449; 3
1670091698.202359; 477474; 3
1670091698.227364; 477499; 3
1670091698.252361; 477524; 3
1670091698.277354; 477549; 3
1670091698.302354; 477574; 3
1670091698.327359; 477599; 3
1670091698.352361; 477624; 3
1670091698.377359; 477649; 3
1670091698.402359; 477674; 3
1670091698.427364; 477699; 3
1670091698.452360; 477724; 3
1670091698.477359; 477749; 3
1670091698.502359; 477774; 3
1670091698.527368; 477799; 3
1670091698.552360; 477824; 3
1670091698.577359; 477849; 3
1670091698.602359; 477874; 3
1670091698.627359; 477899; 3
1670091698.652364; 477924; 3
1670091698.677360; 477949; 3
1670091698.702359; 477974; 3
1670091698.727359; 477999; 3
1670091698.752359; 478024; 3
1670091698.777355; 478049; 3
1670091698.802354; 478074; 3
1670091698.827354; 478099; 3
1670091698.852359; 478124; 3
1670091698.877355; 478149; 3
1670091698.902354; 478174; 3
1670091698.927354; 478199; 3
1670091698.952363; 478224; 3
1670091698.977360; 478249; 3
1670091699.002359; 478274; 3
1670091699.027355; 478299; 3
1670091699.052361; 478324; 3
1670091699.077360; 478349; 3
1670091699.102362; 478374; 3
1670091699.127354; 478399; 3
1670091699.152356; 478424; 3
1670091699.177359; 478449; 3
1670091699.202355; 478474; 3
1670091699.227354; 478499; 3
1670091699.252354; 478524; 3
1670091699.277359; 478549; 3
1670091699.302355; 478574; 3
1670091699.327354; 478599; 3
1670091699.352354; 478624; 3
1670091699.377361; 478649; 3
1670091699.402356; 478674; 3
1670091699.427359; 478699; 3
1670091699.452359; 478724; 3
1670091699.477359; 478749; 3
1670091699.502364; 478774; 3
1670091699.527361; 478799; 3
1670091699.552359; 478824; 3
1670091699.577359; 478849; 3
1670091699.602364; 478874; 3
1670091699.627360; 478899; 3
1670091699.652359; 478924; 3
1670091699.677359; 478949; 3
1670091699.702364; 478974; 3
1670091699.727360; 478999; 3
1670091699.752359; 479024; 3
1670091699.777359; 479049; 3
1670091699.802359; 479074; 3
1670091699.827362; 479099; 3
1670091699.852355; 479124; 3
1670091699.877354; 479149; 3
1670091699.902354; 479174; 3
1670091699.927359; 479199; 3
1670091699.952355; 479224; 3
1670091699.977354; 479249; 3
1670091700.002354; 479274; 3
1670091700.027365; 479299; 3
1670091700.052356; 479324; 3
1670091700.077360; 479349; 3
1670091700.102355; 479374; 3
1670091700.127359; 479399; 3
1670091700.152355; 479424; 3
1670091700.177359; 479449; 3
1670091700.202359; 479474; 3
1670091700.227357; 479499; 3
1670091700.252368; 479524; 3
1670091700.277355; 479549; 3
1670091700.302354; 479574; 3
1670091700.327354; 479599; 3
1670091700.352359; 479624; 3
1670091700.377355; 479649; 3
1670091700.402354; 479674; 3
1670091700.427354; 479699; 3
1670091700.452359; 479724; 3
1670091700.477355; 479749; 3
1670091700.502354; 479774; 3
1670091700.527354; 479799; 3
1670091700.552359; 479824; 3
1670091700.577355; 479849; 3
1670091700.602359; 479874; 3
1670091700.627359; 479899; 3
1670091700.652354; 479924; 3
1670091700.677368; 479949; 3
1670091700.702360; 479974; 3
1670091700.727359; 479999; 3
1670091700.752359; 480024; 3
1670091700.777359; 480049; 3
1670091700.802355; 480074; 3
1670091700.827354; 480099; 3
1670091700.852354; 480124; 3
1670091700.877359; 480149; 3
1670091700.902355; 480174; 3
1670091700.927354; 480199; 3
1670091700.952354; 480224; 3
1670091700.977363; 480249; 3
1670091701.002356; 480274; 3
1670091701.027360; 480299; 3
1670091701.052355; 480324; 3
1670091701.077360; 480349; 3
1670091701.102369; 480374; 3
1670091701.127355; 480399; 3
1670091701.152354; 480424; 3
1670091701.177354; 480449; 3
1670091701.202359; 480474; 3
1670091701.227360; 480499; 3
1670091701.252359; 480524; 3
1670091701.277359; 480549; 3
1670091701.302364; 480574; 3
1670091701.327358; 480599; 3
1670091701.352359; 480624; 3
1670091701.377359; 480649; 3
1670091701.402359; 480674; 3
1670091701.427359; 480699; 3
1670091701.452355; 480724; 3
1670091701.477359; 480749; 3
1670091701.502359; 480774; 3
1670091701.527362; 480799; 3
1670091701.552355; 480824; 3
1670091701.577354; 480849; 3
1670091701.602354; 480874; 3
1670091701.627364; 480899; 3
1670091701.652360; 480924; 3
1670091701.677359; 480949; 3
1670091701.702359; 480974; 3
1670091701.727364; 480999; 3
1670091701.752360; 481024; 3
1670091701.777354; 481049; 3
1670091701.802354; 481074; 3
1670091701.827354; 481099; 3
1670091701.852359; 481124; 3
1670091701.877361; 481149; 3
1670091701.902359; 481174; 3
1670091701.927359; 481199; 3
1670091701.952368; 481224; 3
1670091701.977360; 481249; 3
1670091702.002359; 481274; 3
1670091702.027355; 481299; 3
1670091702.052365; 481324; 3
1670091702.077356; 481349; 3
1670091702.102361; 481374; 3
1670091702.127359; 481399; 3
1670091702.152364; 481424; 3
1670091702.177360; 481449; 3
1670091702.202359; 481474; 3
1670091702.227362; 481499; 3
1670091702.252359; 481524; 3
1670091702.277364; 481549; 3
1670091702.302361; 481574; 3
1670091702.327359; 481599; 3
1670091702.352359; 481624; 3
1670091702.377368; 481649; 3
1670091702.402360; 481674; 3
1670091702.427387; 481699; 3
1670091702.452359; 481724; 3
1670091702.477364; 481749; 3
1670091702.502361; 481774; 3
1670091702.527359; 481799; 3
1670091702.552359; 481824; 3
1670091702.577357; 481849; 3
1670091702.602356; 481874; 3
1670091702.627359; 481899; 3
1670091702.652359; 481924; 3
1670091702.677359; 481949; 3
1670091702.702364; 481974; 3
1670091702.727360; 481999; 3
1670091702.752359; 482024; 3
1670091702.777354; 482049; 3
1670091702.802368; 482074; 3
1670091702.827360; 482099; 3
1670091702.852359; 482124; 3
1670091702.877359; 482149; 3
1670091702.902364; 482174; 3
1670091702.927360; 482199; 3
1670091702.952359; 482224; 3
1670091702.977359; 482249; 3
1670091703.002359; 482274; 3
1670091703.027360; 482299; 3
1670091703.052361; 482324; 3
1670091703.077355; 482349; 3
1670091703.102355; 482374; 3
1670091703.127359; 482399; 3
1670091703.152355; 482424; 3
1670091703.177354; 482449; 3
1670091703.202354; 482474; 3
1670091703.227368; 482499; 3
1670091703.252375; 482524; 3
1670091703.277354; 482549; 3
1670091703.302354; 482574; 3
1670091703.327359; 482599; 3
1670091703.352355; 482624; 3
1670091703.377354; 482649; 3
1670091703.402354; 482674; 3
1670091703.427354; 482699; 3
1670091703.452375; 482724; 3
1670091703.477355; 482749; 3
1670091703.502354; 482774; 3
1670091703.527354; 482799; 3
1670091703.552359; 482824; 3
1670091703.577355; 482849; 3
1670091703.602354; 482874; 3
1670091703.627354; 482899; 3
1670091703.652368; 482924; 3
1670091703.677361; 482949; 3
1670091703.702359; 482974; 3
1670091703.727359; 482999; 3
1670091703.752364; 483024; 3
1670091703.777355; 483049; 3
1670091703.802354; 483074; 3
1670091703.827354; 483099; 3
1670091703.852354; 483124; 3
1670091703.877359; 483149; 3
1670091703.902355; 483174; 3
1670091703.927354; 483199; 3
1670091703.952354; 483224; 3
1670091703.977359; 483249; 3
1670091704.002355; 483274; 3
1670091704.027361; 483299; 3
1670091704.052355; 483324; 3
1670091704.077363; 483349; 3
1670091704.102362; 483374; 3
1670091704.127354; 483399; 3
1670091704.152354; 483424; 3
1670091704.177363; 483449; 3
1670091704.202362; 483474; 3
1670091704.227354; 483499; 3
1670091704.252354; 483524; 3
1670091704.277361; 483549; 3
1670091704.302359; 483574; 3
1670091704.327360; 483599; 3
1670091704.352359; 483624; 3
1670091704.377359; 483649; 3
1670091704.402364; 483674; 3
1670091704.427360; 483699; 3
1670091704.452359; 483724; 3
1670091704.477360; 483749; 3
1670091704.502362; 483774; 3
1670091704.527355; 483799; 3
1670091704.552354; 483824; 3
1670091704.577354; 483849; 3
1670091704.602354; 483874; 3
1670091704.627359; 483899; 3
1670091704.652355; 483924; 3
1670091704.677354; 483949; 3
1670091704.702359; 483974; 3
1670091704.727364; 483999; 3
1670091704.752355; 484024; 3
1670091704.777354; 484049; 3
1670091704.802354; 484074; 3
1670091704.827359; 484099; 3
1670091704.852355; 484124; 3
1670091704.877354; 484149; 3
1670091704.902354; 484174; 3
1670091704.927362; 484199; 3
1670091704.952355; 484224; 3
1670091704.977354; 484249; 3
1670091705.002354; 484274; 3
1670091705.027360; 484299; 3
1670091705.052360; 484324; 3
1670091705.077362; 484349; 3
1670091705.102361; 484374; 3
1670091705.127359; 484399; 3
1670091705.152359; 484424; 3
1670091705.177355; 484449; 3
1670091705.202354; 484474; 3
1670091705.227354; 484499; 3
1670091705.252359; 484524; 3
1670091705.277355; 484549; 3
1670091705.302359; 484574; 3
1670091705.327359; 484599; 3
1670091705.352362; 484624; 3
1670091705.377355; 484649; 3
1670091705.402354; 484674; 3
1670091705.427354; 484699; 3
1670091705.452354; 484724; 3
1670091705.477359; 484749; 3
1670091705.502355; 484774; 3
1670091705.527354; 484799; 3
1670091705.552359; 484824; 3
1670091705.577364; 484849; 3
1670091705.602361; 484874; 3
1670091705.627359; 484899; 3
1670091705.652359; 484924; 3
1670091705.677364; 484949; 3
1670091705.702361; 484974; 3
1670091705.727354; 484999; 3
1670091705.752354; 485024; 3
1670091705.777361; 485049; 3
1670091705.802356; 485074; 3
1670091705.827359; 485099; 3
1670091705.852359; 485124; 3
1670091705.877359; 485149; 3
1670091705.902364; 485174; 3
1670091705.927355; 485199; 3
1670091705.952354; 485224; 3
1670091705.977359; 485249; 3
1670091706.002364; 485274; 3
1670091706.027362; 485299; 3
1670091706.052355; 485324; 3
1670091706.077361; 485349; 3
1670091706.102360; 485374; 3
1670091706.127361; 485399; 3
1670091706.152359; 485424; 3
1670091706.177359; 485449; 3
1670091706.202359; 485474; 3
1670091706.227368; 485499; 3
1670091706.252360; 485524; 3
1670091706.277354; 485549; 3
1670091706.302354; 485574; 3
1670091706.327359; 485599; 3
1670091706.352355; 485624; 3
1670091706.377354; 485649; 3
1670091706.402354; 485674; 3
1670091706.427359; 485699; 3
1670091706.452355; 485724; 3
1670091706.477354; 485749; 3
1670091706.502354; 485774; 3
1670091706.527364; 485799; 3
1670091706.552355; 485824; 3
1670091706.577360; 485849; 3
1670091706.602359; 485874; 3
1670091706.627359; 485899; 3
1670091706.652368; 485924; 3
1670091706.677361; 485949; 3
1670091706.702359; 485974; 3
1670091706.727359; 485999; 3
1670091706.752359; 486024; 3
1670091706.777355; 486049; 3
1670091706.802354; 486074; 3
1670091706.827354; 486099; 3
1670091706.852359; 486124; 3
1670091706.877355; 486149; 3
1670091706.902354; 486174; 3
1670091706.927354; 486199; 3
1670091706.952359; 486224; 3
1670091706.977355; 486249; 3
1670091707.002354; 486274; 3
1670091707.027361; 486299; 3
1670091707.052355; 486324; 3
1670091707.077363; 486349; 3
1670091707.102362; 486374; 3
1670091707.127354; 486399; 3
1670091707.152354; 486424; 3
1670091707.177359; 486449; 3
1670091707.202355; 486474; 3
1670091707.227354; 486499; 3
1670091707.252354; 486524; 3
1670091707.277359; 486549; 3
1670091707.302355; 486574; 3
1670091707.327354; 486599; 3
1670091707.352359; 486624; 3
1670091707.377357; 486649; 3
1670091707.402356; 486674; 3
1670091707.427359; 486699; 3
1670091707.452359; 486724; 3
1670091707.477359; 486749; 3
1670091707.502368; 486774; 3
1670091707.527361; 486799; 3
1670091707.552368; 486824; 3
1670091707.577359; 486849; 3
1670091707.602364; 486874; 3
1670091707.627360; 486899; 3
1670091707.652359; 486924; 3
1670091707.677359; 486949; 3
1670091707.702364; 486974; 3
1670091707.727361; 486999; 3
1670091707.752380; 487024; 3
1670091707.777354; 487049; 3
1670091707.802354; 487074; 3
1670091707.827364; 487099; 3
1670091707.852360; 487124; 3
1670091707.877359; 487149; 3
1670091707.902359; 487174; 3
1670091707.927368; 487199; 3
1670091707.952360; 487224; 3
1670091707.977359; 487249; 3
1670091708.002359; 487274; 3
1670091708.027360; 487299; 3
1670091708.052362; 487324; 3
1670091708.077360; 487349; 3
1670091708.102355; 487374; 3
1670091708.127359; 487399; 3
1670091708.152355; 487424; 4
1670091708.177354; 487449; 4
1670091708.202354; 487474; 4
1670091708.227354; 487499; 4
1670091708.252359; 487524; 4
1670091708.277355; 487549; 4
1670091708.302354; 487574; 4
1670091708.327354; 487599; 4
1670091708.352362; 487624; 4
1670091708.377360; 487649; 3
1670091708.402359; 487674; 3
1670091708.427359; 487699; 3
1670091708.452364; 487724; 3
1670091708.477360; 487749; 3
1670091708.502359; 487774; 3
1670091708.527359; 487799; 3
1670091708.552364; 487824; 3
1670091708.577377; 487849; 3
1670091708.602359; 487874; 3
1670091708.627359; 487899; 3
1670091708.652359; 487924; 3
1670091708.677364; 487949; 3
1670091708.702360; 487974; 3
1670091708.727359; 487999; 3
1670091708.752359; 488024; 3
1670091708.777388; 488049; 3
1670091708.802355; 488074; 3
1670091708.827354; 488099; 3
1670091708.852354; 488124; 3
1670091708.877359; 488149; 3
1670091708.902355; 488174; 3
1670091708.927354; 488199; 3
1670091708.952354; 488224; 3
1670091708.977363; 488249; 3
1670091709.002362; 488274; 3
1670091709.027361; 488299; 3
1670091709.052355; 488324; 3
1670091709.077361; 488349; 3
1670091709.102360; 488374; 3
1670091709.127355; 488399; 3
1670091709.152354; 488424; 3
1670091709.177354; 488449; 3
1670091709.202368; 488474; 3
1670091709.227361; 488499; 3
1670091709.252359; 488524; 3
1670091709.277354; 488549; 3
1670091709.302359; 488574; 3
1670091709.327355; 488599; 3
1670091709.352354; 488624; 3
1670091709.377354; 488649; 3
1670091709.402354; 488674; 3
1670091709.427359; 488699; 3
1670091709.452361; 488724; 3
1670091709.477359; 488749; 3
1670091709.502359; 488774; 3
1670091709.527364; 488799; 3
1670091709.552361; 488824; 3
1670091709.577359; 488849; 3
1670091709.602360; 488874; 3
1670091709.627362; 488899; 3
1670091709.652355; 488924; 3
1670091709.677354; 488949; 3
1670091709.702354; 488974; 3
1670091709.727359; 488999; 3
1670091709.752355; 489024; 3
1670091709.777354; 489049; 3
1670091709.802363; 489074; 3
1670091709.827354; 489099; 3
1670091709.852366; 489124; 3
1670091709.877355; 489149; 3
1670091709.902354; 489174; 3
1670091709.927354; 489199; 3
1670091709.952359; 489224; 3
1670091709.977355; 489249; 3
1670091710.002354; 489274; 3
1670091710.027355; 489299; 3
1670091710.052369; 489324; 3
1670091710.077356; 489349; 3
1670091710.102360; 489374; 3
1670091710.127359; 489399; 3
