1670091013.980404; 490328; 50
1670091014.004967; 490353; 50
1670091014.029966; 490378; 49
1670091014.054967; 490403; 49
1670091014.079967; 490428; 49
1670091014.104972; 490453; 49
1670091014.129965; 490478; 50
1670091014.154965; 490503; 50
1670091014.179970; 490528; 50
1670091014.204971; 490553; 50
1670091014.229971; 490578; 51
1670091014.254970; 490603; 51
1670091014.279970; 490628; 51
1670091014.304968; 490653; 51
1670091014.329970; 490678; 51
1670091014.354971; 490703; 51
1670091014.379965; 490728; 51
1670091014.404965; 490753; 51
1670091014.429965; 490778; 52
1670091014.454965; 490803; 52
1670091014.479965; 490828; 52
1670091014.504965; 490853; 52
1670091014.529965; 490878; 52
1670091014.554965; 490903; 52
1670091014.579965; 490928; 52
1670091014.604965; 490953; 52
1670091014.629971; 490978; 52
1670091014.654971; 491003; 49
1670091014.679965; 491028; 49
1670091014.704965; 491053; 49
1670091014.729965; 491078; 49
1670091014.754965; 491103; 49
1670091014.779965; 491128; 49
1670091014.804965; 491153; 49
1670091014.829965; 491178; 49
1670091014.854965; 491203; 49
1670091014.879970; 491228; 49
1670091014.904970; 491253; 49
1670091014.929970; 491278; 49
1670091014.954970; 491303; 43
1670091014.979971; 491328; 43
1670091015.004971; 491353; 43
1670091015.029966; 491378; 43
1670091015.054967; 491403; 41
1670091015.079966; 491428; 41
1670091015.104966; 491453; 41
1670091015.129971; 491478; 41
1670091015.154971; 491503; 41
1670091015.179990; 491528; 41
1670091015.204971; 491553; 41
1670091015.229971; 491578; 41
1670091015.254971; 491603; 41
1670091015.279971; 491628; 41
1670091015.304971; 491653; 41
1670091015.329971; 491678; 41
1670091015.354971; 491703; 40
1670091015.380003; 491728; 40
1670091015.404971; 491753; 40
1670091015.429971; 491778; 40
1670091015.454971; 491803; 40
1670091015.479971; 491828; 40
1670091015.504971; 491853; 40
1670091015.529971; 491878; 40
1670091015.554971; 491903; 39
1670091015.579970; 491928; 39
1670091015.604971; 491953; 39
1670091015.629970; 491978; 39
1670091015.654965; 492003; 41
1670091015.679965; 492028; 41
1670091015.704965; 492053; 41
1670091015.729965; 492078; 41
1670091015.754965; 492103; 41
1670091015.779965; 492128; 40
1670091015.804970; 492153; 40
1670091015.829971; 492178; 40
1670091015.854971; 492203; 40
1670091015.879971; 492228; 44
1670091015.904971; 492253; 44
1670091015.929971; 492278; 44
1670091015.954971; 492303; 44
1670091015.979971; 492328; 41
1670091016.004965; 492353; 41
1670091016.029972; 492378; 41
1670091016.054972; 492403; 41
1670091016.079972; 492428; 40
1670091016.104972; 492453; 40
1670091016.129965; 492478; 40
1670091016.154965; 492503; 40
1670091016.179965; 492528; 51
1670091016.204965; 492553; 51
1670091016.229965; 492578; 51
1670091016.254965; 492603; 51
1670091016.279965; 492628; 50
1670091016.304965; 492653; 50
1670091016.329965; 492678; 50
1670091016.354965; 492703; 50
1670091016.379965; 492728; 39
1670091016.404977; 492753; 39
1670091016.429965; 492778; 39
1670091016.454965; 492803; 39
1670091016.479966; 492828; 37
1670091016.504965; 492853; 37
1670091016.529965; 492878; 37
1670091016.554965; 492903; 37
1670091016.579965; 492928; 37
1670091016.604965; 492953; 37
1670091016.629965; 492978; 37
1670091016.654965; 493003; 37
1670091016.679971; 493028; 36
1670091016.704965; 493053; 36
1670091016.729965; 493078; 36
1670091016.754965; 493103; 36
1670091016.779965; 493128; 35
1670091016.804965; 493153; 35
1670091016.829971; 493178; 35
1670091016.854971; 493203; 35
1670091016.879970; 493228; 35
1670091016.904971; 493253; 35
1670091016.929971; 493278; 35
1670091016.954971; 493303; 35
1670091016.979971; 493328; 35
1670091017.004971; 493353; 34
1670091017.029972; 493378; 34
1670091017.054972; 493403; 34
1670091017.079972; 493428; 34
1670091017.104972; 493453; 34
1670091017.129965; 493478; 34
1670091017.154965; 493503; 34
1670091017.179971; 493528; 34
1670091017.204965; 493553; 35
1670091017.229971; 493578; 35
1670091017.254971; 493603; 35
1670091017.279971; 493628; 35
1670091017.447917; 493795; 34
1670091017.471972; 493820; 34
1670091017.496971; 493845; 34
1670091017.521971; 493870; 34
1670091017.546965; 493895; 34
1670091017.571965; 493920; 34
1670091017.596965; 493945; 35
1670091017.621965; 493970; 35
1670091017.646965; 493995; 35
1670091017.671965; 494020; 35
1670091017.696965; 494045; 35
1670091017.721965; 494070; 35
1670091017.746965; 494095; 35
1670091017.771965; 494120; 35
1670091017.796965; 494145; 35
1670091017.821965; 494170; 36
1670091017.846970; 494195; 36
1670091017.871970; 494220; 36
1670091017.896971; 494245; 36
1670091017.921971; 494270; 35
1670091017.946971; 494295; 35
1670091017.971970; 494320; 35
1670091017.996971; 494345; 35
1670091018.021971; 494370; 36
1670091018.046972; 494395; 36
1670091018.071972; 494420; 36
1670091018.096972; 494445; 36
1670091018.121972; 494470; 37
1670091018.146965; 494495; 37
1670091018.171965; 494520; 37
1670091018.196965; 494545; 37
1670091018.221965; 494570; 35
1670091018.246959; 494595; 35
1670091018.271970; 494620; 35
1670091018.296970; 494645; 35
1670091018.321971; 494670; 35
1670091018.346970; 494695; 35
1670091018.371970; 494720; 35
1670091018.396971; 494745; 35
1670091018.421971; 494770; 35
1670091018.446971; 494795; 35
1670091018.471971; 494820; 35
1670091018.496971; 494845; 35
1670091018.521971; 494870; 35
1670091018.546971; 494895; 35
1670091018.571971; 494920; 35
1670091018.596971; 494945; 35
1670091018.621971; 494970; 35
1670091018.646965; 494995; 35
1670091018.671965; 495020; 35
1670091018.696965; 495045; 35
1670091018.721965; 495070; 35
1670091018.746965; 495095; 35
1670091018.771965; 495120; 35
1670091018.796965; 495145; 35
1670091018.821965; 495170; 35
1670091018.846965; 495195; 35
1670091018.871971; 495220; 35
1670091018.896971; 495245; 35
1670091018.921971; 495270; 35
1670091018.946971; 495295; 35
1670091018.971971; 495320; 35
1670091018.996971; 495345; 35
1670091019.021971; 495370; 35
1670091019.046966; 495395; 36
1670091019.071972; 495420; 36
1670091019.096972; 495445; 36
1670091019.121966; 495470; 36
1670091019.146971; 495495; 36
1670091019.171971; 495520; 36
1670091019.196965; 495545; 36
1670091019.221965; 495570; 36
1670091019.246965; 495595; 36
1670091019.271967; 495620; 36
1670091019.296971; 495645; 36
1670091019.321971; 495670; 36
1670091019.346971; 495695; 36
1670091019.371971; 495720; 36
1670091019.396975; 495745; 36
1670091019.421965; 495770; 36
1670091019.446965; 495795; 36
1670091019.471965; 495820; 36
1670091019.496965; 495845; 36
1670091019.521965; 495870; 36
1670091019.546965; 495895; 37
1670091019.571965; 495920; 37
1670091019.596965; 495945; 37
1670091019.621965; 495970; 37
1670091019.646971; 495995; 36
1670091019.671971; 496020; 36
1670091019.696965; 496045; 36
1670091019.721965; 496070; 36
1670091019.746965; 496095; 36
1670091019.771965; 496120; 36
1670091019.796965; 496145; 36
1670091019.821965; 496170; 36
1670091019.846965; 496195; 35
1670091019.871965; 496220; 35
1670091019.896971; 496245; 35
1670091019.921971; 496270; 35
1670091019.946971; 496295; 36
1670091019.971971; 496320; 36
1670091019.996971; 496345; 36
1670091020.021971; 496370; 36
1670091020.046966; 496395; 36
1670091020.071966; 496420; 36
1670091020.096974; 496445; 36
1670091020.121972; 496470; 36
1670091020.146971; 496495; 36
1670091020.171971; 496520; 36
1670091020.196965; 496545; 36
1670091020.221965; 496570; 36
1670091020.246965; 496595; 36
1670091020.271965; 496620; 35
1670091020.296967; 496645; 35
1670091020.321970; 496670; 35
1670091020.346970; 496695; 35
1670091020.371971; 496720; 35
1670091020.396971; 496745; 35
1670091020.421971; 496770; 35
1670091020.446971; 496795; 35
1670091020.471971; 496820; 35
1670091020.496971; 496845; 35
1670091020.521965; 496870; 35
1670091020.546971; 496895; 35
1670091020.571965; 496920; 35
1670091020.596965; 496945; 35
1670091020.621965; 496970; 35
1670091020.646971; 496995; 35
1670091020.671971; 497020; 35
1670091020.696971; 497045; 35
1670091020.721970; 497070; 35
1670091020.746979; 497095; 35
1670091020.771966; 497120; 36
1670091020.796965; 497145; 36
1670091020.821965; 497170; 36
1670091020.846965; 497195; 36
1670091020.871965; 497220; 37
1670091020.896965; 497245; 37
1670091020.921965; 497270; 37
1670091020.946965; 497295; 37
1670091020.971971; 497320; 38
1670091020.996971; 497345; 38
1670091021.021971; 497370; 38
1670091021.046966; 497395; 38
1670091021.071967; 497420; 38
1670091021.096967; 497445; 38
1670091021.121967; 497470; 38
1670091021.146971; 497495; 38
1670091021.171971; 497520; 38
1670091021.196965; 497545; 38
1670091021.221966; 497570; 38
1670091021.246971; 497595; 38
1670091021.271971; 497620; 38
1670091021.296971; 497645; 39
1670091021.321965; 497670; 39
1670091021.346965; 497695; 39
1670091021.371965; 497720; 39
1670091021.396965; 497745; 39
1670091021.421965; 497770; 39
1670091021.446965; 497795; 39
1670091021.471965; 497820; 39
1670091021.496965; 497845; 37
1670091021.521965; 497870; 37
1670091021.546965; 497895; 37
1670091021.571965; 497920; 37
1670091021.596965; 497945; 36
1670091021.621965; 497970; 36
1670091021.646965; 497995; 36
1670091021.671965; 498020; 36
1670091021.696965; 498045; 37
1670091021.721965; 498070; 37
1670091021.746965; 498095; 37
1670091021.771965; 498120; 37
1670091021.796965; 498145; 37
1670091021.821965; 498170; 37
1670091021.846965; 498195; 37
1670091021.871965; 498220; 37
1670091021.896965; 498245; 38
1670091021.921965; 498270; 38
1670091021.946971; 498295; 38
1670091021.971971; 498320; 38
1670091021.996971; 498345; 39
1670091022.021971; 498370; 39
1670091022.046966; 498395; 39
1670091022.071966; 498420; 39
1670091022.096972; 498445; 38
1670091022.121972; 498470; 38
1670091022.146970; 498495; 38
1670091022.171971; 498520; 38
1670091022.196965; 498545; 38
1670091022.221965; 498570; 38
1670091022.246965; 498595; 38
1670091022.271971; 498620; 38
1670091022.296971; 498645; 38
1670091022.321965; 498670; 38
1670091022.346970; 498695; 38
1670091022.371971; 498720; 38
1670091022.396971; 498745; 38
1670091022.421971; 498770; 39
1670091022.446970; 498795; 39
1670091022.471971; 498820; 39
1670091022.496971; 498845; 39
1670091022.521971; 498870; 38
1670091022.546971; 498895; 38
1670091022.571965; 498920; 38
1670091022.596965; 498945; 38
1670091022.621965; 498970; 39
1670091022.646965; 498995; 39
1670091022.671965; 499020; 39
1670091022.696970; 499045; 39
1670091022.721971; 499070; 39
1670091022.746971; 499095; 39
1670091022.771971; 499120; 39
1670091022.796970; 499145; 39
1670091022.821971; 499170; 40
1670091022.846971; 499195; 40
1670091022.871965; 499220; 40
1670091022.896965; 499245; 40
1670091022.921965; 499270; 42
1670091022.946965; 499295; 42
1670091022.971965; 499320; 42
1670091022.996965; 499345; 42
1670091023.021965; 499370; 41
1670091023.046972; 499395; 41
1670091023.071972; 499420; 41
1670091023.096972; 499445; 41
1670091023.121967; 499470; 41
1670091023.146971; 499495; 41
1670091023.171965; 499520; 41
1670091023.196971; 499545; 41
1670091023.221970; 499570; 43
1670091023.246970; 499595; 43
1670091023.271971; 499620; 43
1670091023.296971; 499645; 43
1670091023.321971; 499670; 42
1670091023.346971; 499695; 42
1670091023.371971; 499720; 42
1670091023.396971; 499745; 42
1670091023.421970; 499770; 42
1670091023.446971; 499795; 42
1670091023.471971; 499820; 42
1670091023.496971; 499845; 42
1670091023.521970; 499870; 42
1670091023.546971; 499895; 42
1670091023.571975; 499920; 42
1670091023.596965; 499945; 42
1670091023.621965; 499970; 42
1670091023.646965; 499995; 41
1670091023.671971; 500020; 41
1670091023.696965; 500045; 41
1670091023.721965; 500070; 41
1670091023.746965; 500095; 42
1670091023.771966; 500120; 42
1670091023.796965; 500145; 42
1670091023.821965; 500170; 42
1670091023.846965; 500195; 43
1670091023.871965; 500220; 43
1670091023.896965; 500245; 43
1670091023.921965; 500270; 43
1670091023.946965; 500295; 43
1670091023.971965; 500320; 43
1670091023.996971; 500345; 43
1670091024.021971; 500370; 43
1670091024.046980; 500395; 44
1670091024.071973; 500420; 44
1670091024.096972; 500445; 44
1670091024.121972; 500470; 44
1670091024.146965; 500495; 44
1670091024.171965; 500520; 44
1670091024.196965; 500545; 44
1670091024.221965; 500570; 44
1670091024.246965; 500595; 43
1670091024.271965; 500620; 43
1670091024.296965; 500645; 43
1670091024.321966; 500670; 43
1670091024.346965; 500695; 42
1670091024.371966; 500720; 42
1670091024.396965; 500745; 42
1670091024.421971; 500770; 42
1670091024.446965; 500795; 41
1670091024.471965; 500820; 41
1670091024.496965; 500845; 41
1670091024.521965; 500870; 41
1670091024.546965; 500895; 41
1670091024.571965; 500920; 41
1670091024.596967; 500945; 41
1670091024.621965; 500970; 41
1670091024.646965; 500995; 41
1670091024.671965; 501020; 41
1670091024.696971; 501045; 41
1670091024.721965; 501070; 41
1670091024.746965; 501095; 41
1670091024.771965; 501120; 42
1670091024.796965; 501145; 42
1670091024.821965; 501170; 42
1670091024.846965; 501195; 42
1670091024.871965; 501220; 43
1670091024.896965; 501245; 43
1670091024.921965; 501270; 43
1670091024.946965; 501295; 43
1670091024.971965; 501320; 43
1670091024.996965; 501345; 43
1670091025.021965; 501370; 43
1670091025.046972; 501395; 43
1670091025.071972; 501420; 44
1670091025.096972; 501445; 44
1670091025.121972; 501470; 44
1670091025.146965; 501495; 44
1670091025.171965; 501520; 43
1670091025.196970; 501545; 43
1670091025.221966; 501570; 43
1670091025.246965; 501595; 43
1670091025.271965; 501620; 42
1670091025.296965; 501645; 42
1670091025.321970; 501670; 42
1670091025.346971; 501695; 42
1670091025.371971; 501720; 42
1670091025.396971; 501745; 42
1670091025.421971; 501770; 42
1670091025.446970; 501795; 42
1670091025.471971; 501820; 43
1670091025.496971; 501845; 43
1670091025.521971; 501870; 43
1670091025.546971; 501895; 43
1670091025.571965; 501920; 46
1670091025.596965; 501945; 46
1670091025.621965; 501970; 46
1670091025.646965; 501995; 46
1670091025.671965; 502020; 48
1670091025.696965; 502045; 48
1670091025.721965; 502070; 48
1670091025.746965; 502095; 48
1670091025.771965; 502120; 49
1670091025.796965; 502145; 49
1670091025.821965; 502170; 49
1670091025.846966; 502195; 49
1670091025.871965; 502220; 49
1670091025.896965; 502245; 46
1670091025.921965; 502270; 46
1670091025.946965; 502295; 46
1670091025.971965; 502320; 46
1670091025.996965; 502345; 41
1670091026.021965; 502370; 41
1670091026.046967; 502395; 41
1670091026.071966; 502420; 41
1670091026.096966; 502445; 41
1670091026.121966; 502470; 41
1670091026.146971; 502495; 41
1670091026.171971; 502520; 41
1670091026.196965; 502545; 41
1670091026.221965; 502570; 41
1670091026.246970; 502595; 41
1670091026.271971; 502620; 41
1670091026.296971; 502645; 41
1670091026.321971; 502670; 41
1670091026.346970; 502695; 41
1670091026.371965; 502720; 41
1670091026.396965; 502745; 43
1670091026.421966; 502770; 43
1670091026.446971; 502795; 43
1670091026.471971; 502820; 43
1670091026.496971; 502845; 44
1670091026.521971; 502870; 44
1670091026.546971; 502895; 44
1670091026.571970; 502920; 44
1670091026.596970; 502945; 44
1670091026.621971; 502970; 44
1670091026.646971; 502995; 44
1670091026.671971; 503020; 44
1670091026.696965; 503045; 45
1670091026.721971; 503070; 45
1670091026.746971; 503095; 45
1670091026.771965; 503120; 45
1670091026.796965; 503145; 44
1670091026.821965; 503170; 44
1670091026.846965; 503195; 44
1670091026.871965; 503220; 44
1670091026.896965; 503245; 44
1670091026.921965; 503270; 44
1670091026.946965; 503295; 44
1670091026.971965; 503320; 44
1670091026.996965; 503345; 44
1670091027.021965; 503370; 44
1670091027.046972; 503395; 44
1670091027.071967; 503420; 44
1670091027.096966; 503445; 44
1670091027.121966; 503470; 46
1670091027.146970; 503495; 46
1670091027.171971; 503520; 46
1670091027.196965; 503545; 46
1670091027.221965; 503570; 47
1670091027.246965; 503595; 47
1670091027.271965; 503620; 47
1670091027.296965; 503645; 47
1670091027.321965; 503670; 48
1670091027.346979; 503695; 48
1670091027.371967; 503720; 48
1670091027.396965; 503745; 48
1670091027.421965; 503770; 45
1670091027.446965; 503795; 45
1670091027.471971; 503820; 45
1670091027.496971; 503845; 45
1670091027.521971; 503870; 43
1670091027.546971; 503895; 43
1670091027.571974; 503920; 43
1670091027.596965; 503945; 43
1670091027.621971; 503970; 43
1670091027.646971; 503995; 43
1670091027.671970; 504020; 43
1670091027.696965; 504045; 43
1670091027.721965; 504070; 42
1670091027.746965; 504095; 42
1670091027.771966; 504120; 42
1670091027.796971; 504145; 42
1670091027.821971; 504170; 40
1670091027.846971; 504195; 40
1670091027.871971; 504220; 40
1670091027.896965; 504245; 40
1670091027.921965; 504270; 40
1670091027.946970; 504295; 40
1670091027.971971; 504320; 40
1670091027.996971; 504345; 40
1670091028.021971; 504370; 41
1670091028.046966; 504395; 41
1670091028.071966; 504420; 41
1670091028.096972; 504445; 41
1670091028.121972; 504470; 41
1670091028.146966; 504495; 41
1670091028.171965; 504520; 41
1670091028.196970; 504545; 41
1670091028.221971; 504570; 41
1670091028.246971; 504595; 41
1670091028.271971; 504620; 41
1670091028.296965; 504645; 41
1670091028.321965; 504670; 41
1670091028.346965; 504695; 41
1670091028.371965; 504720; 41
1670091028.396965; 504745; 41
1670091028.421965; 504770; 41
1670091028.446965; 504795; 40
1670091028.471965; 504820; 40
1670091028.496965; 504845; 40
1670091028.521965; 504870; 40
1670091028.546965; 504895; 39
1670091028.571965; 504920; 39
1670091028.596965; 504945; 39
1670091028.621965; 504970; 39
1670091028.646965; 504995; 40
1670091028.671965; 505020; 40
1670091028.696965; 505045; 40
1670091028.721965; 505070; 40
1670091028.746965; 505095; 42
1670091028.771965; 505120; 42
1670091028.796965; 505145; 42
1670091028.821965; 505170; 42
1670091028.846966; 505195; 42
1670091028.871965; 505220; 42
1670091028.896966; 505245; 42
1670091028.921965; 505270; 42
1670091028.946965; 505295; 42
1670091028.971965; 505320; 42
1670091028.996965; 505345; 42
1670091029.021965; 505370; 42
1670091029.046972; 505395; 41
1670091029.071972; 505420; 41
1670091029.096972; 505445; 41
1670091029.121966; 505470; 41
1670091029.146965; 505495; 42
1670091029.171970; 505520; 42
1670091029.196971; 505545; 42
1670091029.221965; 505570; 42
1670091029.246965; 505595; 43
1670091029.271965; 505620; 43
1670091029.296965; 505645; 43
1670091029.321965; 505670; 43
1670091029.346965; 505695; 43
1670091029.371971; 505720; 46
1670091029.396971; 505745; 46
1670091029.421971; 505770; 46
1670091029.446971; 505795; 46
1670091029.471971; 505820; 46
1670091029.496971; 505845; 46
1670091029.521971; 505870; 46
1670091029.546971; 505895; 46
1670091029.571971; 505920; 45
1670091029.596971; 505945; 45
1670091029.621970; 505970; 45
1670091029.646971; 505995; 45
1670091029.671971; 506020; 42
1670091029.696965; 506045; 42
1670091029.721965; 506070; 42
1670091029.746965; 506095; 42
1670091029.771965; 506120; 43
1670091029.796965; 506145; 43
1670091029.821965; 506170; 43
1670091029.846965; 506195; 43
1670091029.871965; 506220; 44
1670091029.896966; 506245; 44
1670091029.921969; 506270; 44
1670091029.946971; 506295; 44
1670091029.971971; 506320; 43
1670091029.996971; 506345; 43
1670091030.021971; 506370; 43
1670091030.046972; 506395; 43
1670091030.071972; 506420; 43
1670091030.096972; 506445; 43
1670091030.121972; 506470; 43
1670091030.146971; 506495; 43
1670091030.171970; 506520; 43
1670091030.196971; 506545; 43
1670091030.221971; 506570; 43
1670091030.246965; 506595; 43
1670091030.271965; 506620; 43
1670091030.296965; 506645; 43
1670091030.321965; 506670; 43
1670091030.346965; 506695; 43
1670091030.371965; 506720; 43
1670091030.396965; 506745; 43
1670091030.421965; 506770; 43
1670091030.446965; 506795; 43
1670091030.471966; 506820; 42
1670091030.496965; 506845; 42
1670091030.521965; 506870; 42
1670091030.546965; 506895; 42
1670091030.571965; 506920; 42
1670091030.596965; 506945; 43
1670091030.621965; 506970; 43
1670091030.646979; 506995; 43
1670091030.671966; 507020; 43
1670091030.696965; 507045; 45
1670091030.721965; 507070; 45
1670091030.746969; 507095; 45
1670091030.771970; 507120; 45
1670091030.796971; 507145; 48
1670091030.821971; 507170; 48
1670091030.846971; 507195; 48
1670091030.871971; 507220; 48
1670091030.896971; 507245; 53
1670091030.921971; 507270; 53
1670091030.946965; 507295; 53
1670091030.971965; 507320; 53
1670091030.996964; 507345; 42
1670091031.021965; 507370; 42
1670091031.046972; 507395; 42
1670091031.071972; 507420; 42
1670091031.096972; 507445; 42
1670091031.121972; 507470; 42
1670091031.146965; 507495; 42
1670091031.171965; 507520; 42
1670091031.196971; 507545; 43
1670091031.221971; 507570; 43
1670091031.246971; 507595; 43
1670091031.271971; 507620; 43
1670091031.296971; 507645; 43
1670091031.321971; 507670; 43
1670091031.346970; 507695; 43
1670091031.371970; 507720; 43
1670091031.396971; 507745; 43
1670091031.421971; 507770; 43
1670091031.446971; 507795; 43
1670091031.471970; 507820; 43
1670091031.496971; 507845; 43
1670091031.521965; 507870; 43
1670091031.546965; 507895; 43
1670091031.571971; 507920; 43
1670091031.596971; 507945; 43
1670091031.621971; 507970; 43
1670091031.646971; 507995; 43
1670091031.671971; 508020; 43
1670091031.696965; 508045; 43
1670091031.721965; 508070; 43
1670091031.746965; 508095; 43
1670091031.771971; 508120; 43
1670091031.796971; 508145; 43
1670091031.821971; 508170; 43
1670091031.846971; 508195; 43
1670091031.871971; 508220; 43
1670091031.896970; 508245; 43
1670091031.921971; 508270; 42
1670091031.946971; 508295; 42
1670091031.971971; 508320; 42
1670091031.996971; 508345; 42
1670091032.021984; 508370; 38
1670091032.046972; 508395; 38
1670091032.071972; 508420; 38
1670091032.096972; 508445; 38
1670091032.121972; 508470; 36
1670091032.146971; 508495; 36
1670091032.171971; 508520; 36
1670091032.196971; 508545; 36
1670091032.221971; 508570; 35
1670091032.246971; 508595; 35
1670091032.271971; 508620; 35
1670091032.296965; 508645; 35
1670091032.321965; 508670; 34
1670091032.346965; 508695; 34
1670091032.371965; 508720; 34
1670091032.396971; 508745; 34
1670091032.421971; 508770; 35
1670091032.446971; 508795; 35
1670091032.471971; 508820; 35
1670091032.496971; 508845; 35
1670091032.521971; 508870; 36
1670091032.546971; 508895; 36
1670091032.571971; 508920; 36
1670091032.596965; 508945; 36
1670091032.621965; 508970; 35
1670091032.646965; 508995; 35
1670091032.671965; 509020; 35
1670091032.696965; 509045; 35
1670091032.721965; 509070; 34
1670091032.746965; 509095; 34
1670091032.771965; 509120; 34
1670091032.796971; 509145; 34
1670091032.821971; 509170; 34
1670091032.846970; 509195; 34
1670091032.871971; 509220; 34
1670091032.896971; 509245; 34
1670091032.921971; 509270; 34
1670091032.946971; 509295; 34
1670091032.971971; 509320; 34
1670091032.996966; 509345; 34
1670091033.021965; 509370; 34
1670091033.046972; 509395; 34
1670091033.071972; 509420; 34
1670091033.096970; 509445; 34
1670091033.121966; 509470; 34
1670091033.146971; 509495; 35
1670091033.171971; 509520; 35
1670091033.196971; 509545; 35
1670091033.221965; 509570; 35
1670091033.246965; 509595; 39
1670091033.271965; 509620; 39
1670091033.296965; 509645; 39
1670091033.321965; 509670; 39
1670091033.346965; 509695; 39
1670091033.371965; 509720; 39
1670091033.396965; 509745; 39
1670091033.421965; 509770; 39
1670091033.446965; 509795; 45
1670091033.471965; 509820; 45
1670091033.496965; 509845; 45
1670091033.521966; 509870; 45
1670091033.546965; 509895; 46
1670091033.571965; 509920; 46
1670091033.596965; 509945; 46
1670091033.621970; 509970; 46
1670091033.646971; 509995; 36
1670091033.671971; 510020; 36
1670091033.696965; 510045; 36
1670091033.721965; 510070; 36
1670091033.746965; 510095; 35
1670091033.771965; 510120; 35
1670091033.796965; 510145; 35
1670091033.821965; 510170; 35
1670091033.846965; 510195; 34
1670091033.871971; 510220; 34
1670091033.896971; 510245; 34
1670091033.921971; 510270; 34
1670091033.946974; 510295; 34
1670091033.971972; 510320; 34
1670091033.996965; 510345; 34
1670091034.021989; 510370; 34
1670091034.046966; 510395; 34
1670091034.071966; 510420; 34
1670091034.096966; 510445; 34
1670091034.121972; 510470; 34
1670091034.146965; 510495; 34
1670091034.171965; 510520; 34
1670091034.196965; 510545; 34
1670091034.221988; 510570; 34
1670091034.246965; 510595; 34
1670091034.271965; 510620; 34
1670091034.296965; 510645; 34
1670091034.321965; 510670; 34
1670091034.346965; 510695; 34
1670091034.371965; 510720; 34
1670091034.396966; 510745; 34
1670091034.421965; 510770; 34
1670091034.446965; 510795; 34
1670091034.471971; 510820; 34
1670091034.496970; 510845; 34
1670091034.521971; 510870; 34
1670091034.546971; 510895; 34
1670091034.571971; 510920; 34
1670091034.596971; 510945; 34
1670091034.621971; 510970; 34
1670091034.646971; 510995; 34
1670091034.671970; 511020; 34
1670091034.696965; 511045; 34
1670091034.721965; 511070; 34
1670091034.746971; 511095; 34
1670091034.771971; 511120; 34
1670091034.796971; 511145; 34
1670091034.821971; 511170; 34
1670091034.846971; 511195; 34
1670091034.871971; 511220; 34
1670091034.896971; 511245; 34
1670091034.921971; 511270; 34
1670091034.946965; 511295; 34
1670091034.971965; 511320; 34
1670091034.996971; 511345; 34
1670091035.021971; 511370; 34
1670091035.047015; 511395; 34
1670091035.071967; 511420; 34
1670091035.096967; 511445; 34
1670091035.121966; 511470; 34
1670091035.146971; 511495; 34
1670091035.171971; 511520; 34
1670091035.196965; 511545; 34
1670091035.221965; 511570; 34
1670091035.246972; 511595; 34
1670091035.271971; 511620; 34
1670091035.296970; 511645; 34
1670091035.321971; 511670; 34
1670091035.346971; 511695; 34
1670091035.371971; 511720; 34
1670091035.396971; 511745; 34
1670091035.421971; 511770; 34
1670091035.446971; 511795; 34
1670091035.471965; 511820; 34
1670091035.496965; 511845; 34
1670091035.521965; 511870; 34
1670091035.546966; 511895; 34
1670091035.571965; 511920; 34
1670091035.596965; 511945; 34
1670091035.621965; 511970; 34
1670091035.646965; 511995; 34
1670091035.671965; 512020; 34
1670091035.696971; 512045; 34
1670091035.721965; 512070; 34
1670091035.746965; 512095; 34
1670091035.771965; 512120; 34
1670091035.796965; 512145; 34
1670091035.821965; 512170; 34
1670091035.846965; 512195; 34
1670091035.871966; 512220; 34
1670091035.896965; 512245; 34
1670091035.921965; 512270; 34
1670091035.946965; 512295; 34
1670091035.971965; 512320; 34
1670091035.996966; 512345; 34
1670091036.021965; 512370; 34
1670091036.046972; 512395; 34
1670091036.071974; 512420; 34
1670091036.096972; 512445; 34
1670091036.121972; 512470; 34
1670091036.146966; 512495; 34
1670091036.171965; 512520; 34
1670091036.196970; 512545; 34
1670091036.221971; 512570; 34
1670091036.246971; 512595; 34
1670091036.271965; 512620; 34
1670091036.296971; 512645; 34
1670091036.321971; 512670; 34
1670091036.346971; 512695; 34
1670091036.371971; 512720; 34
1670091036.396971; 512745; 34
1670091036.421971; 512770; 34
1670091036.446971; 512795; 34
1670091036.471971; 512820; 34
1670091036.496971; 512845; 34
1670091036.521971; 512870; 34
1670091036.546965; 512895; 34
1670091036.571965; 512920; 34
1670091036.596965; 512945; 34
1670091036.621965; 512970; 34
1670091036.646965; 512995; 34
1670091036.671965; 513020; 34
1670091036.696971; 513045; 34
1670091036.721971; 513070; 34
1670091036.746971; 513095; 34
1670091036.771971; 513120; 34
1670091036.796971; 513145; 34
1670091036.821971; 513170; 34
1670091036.846971; 513195; 34
1670091036.871971; 513220; 34
1670091036.896971; 513245; 34
1670091036.921971; 513270; 34
1670091036.946971; 513295; 34
1670091036.971971; 513320; 34
1670091036.996971; 513345; 34
1670091037.021971; 513370; 34
1670091037.046966; 513395; 34
1670091037.071966; 513420; 34
1670091037.096972; 513445; 34
1670091037.121972; 513470; 34
1670091037.146965; 513495; 34
1670091037.171971; 513520; 34
1670091037.196965; 513545; 34
1670091037.221965; 513570; 34
1670091037.246979; 513595; 34
1670091037.271967; 513620; 34
1670091037.296970; 513645; 34
1670091037.321971; 513670; 34
1670091037.346964; 513695; 34
1670091037.371965; 513720; 34
1670091037.396965; 513745; 34
1670091037.421965; 513770; 34
1670091037.446965; 513795; 34
1670091037.471965; 513820; 34
1670091037.496965; 513845; 34
1670091037.521966; 513870; 34
1670091037.546965; 513895; 34
1670091037.571965; 513920; 34
1670091037.596965; 513945; 34
1670091037.621965; 513970; 34
1670091037.646965; 513995; 34
1670091037.671965; 514020; 34
1670091037.696965; 514045; 34
1670091037.721971; 514070; 34
1670091037.746971; 514095; 34
1670091037.771965; 514120; 34
1670091037.796965; 514145; 34
1670091037.821965; 514170; 34
1670091037.846965; 514195; 34
1670091037.871965; 514220; 34
1670091037.896965; 514245; 34
1670091037.921971; 514270; 34
1670091037.946971; 514295; 34
1670091037.971971; 514320; 34
1670091037.996971; 514345; 34
1670091038.021971; 514370; 34
1670091038.046966; 514395; 34
1670091038.071966; 514420; 34
1670091038.096966; 514445; 34
1670091038.121972; 514470; 34
1670091038.146965; 514495; 34
1670091038.171965; 514520; 34
1670091038.196971; 514545; 34
1670091038.221971; 514570; 34
1670091038.246971; 514595; 34
1670091038.271971; 514620; 34
1670091038.296971; 514645; 34
1670091038.321965; 514670; 34
1670091038.346966; 514695; 34
1670091038.371965; 514720; 34
1670091038.396966; 514745; 34
1670091038.421965; 514770; 34
1670091038.446965; 514795; 34
1670091038.471965; 514820; 34
1670091038.496965; 514845; 34
1670091038.521966; 514870; 34
1670091038.546971; 514895; 34
1670091038.571971; 514920; 34
1670091038.596971; 514945; 34
1670091038.621971; 514970; 34
1670091038.646971; 514995; 34
1670091038.671971; 515020; 34
1670091038.696965; 515045; 34
1670091038.721965; 515070; 34
1670091038.746965; 515095; 34
1670091038.771965; 515120; 34
1670091038.796965; 515145; 34
1670091038.821965; 515170; 34
1670091038.846965; 515195; 34
1670091038.871965; 515220; 34
1670091038.896965; 515245; 34
1670091038.921965; 515270; 34
1670091038.946971; 515295; 34
1670091038.971971; 515320; 34
1670091038.996971; 515345; 34
1670091039.021971; 515370; 34
1670091039.046966; 515395; 34
1670091039.071966; 515420; 34
1670091039.096966; 515445; 34
1670091039.121966; 515470; 34
1670091039.146965; 515495; 34
1670091039.171965; 515520; 34
1670091039.196965; 515545; 34
1670091039.221965; 515570; 34
1670091039.246965; 515595; 34
1670091039.271965; 515620; 34
1670091039.296965; 515645; 34
1670091039.321965; 515670; 34
1670091039.346986; 515695; 34
1670091039.371965; 515720; 34
1670091039.396965; 515745; 34
1670091039.421965; 515770; 34
1670091039.446965; 515795; 34
1670091039.471965; 515820; 34
1670091039.496965; 515845; 34
1670091039.521965; 515870; 34
1670091039.547006; 515895; 34
1670091039.571971; 515920; 34
1670091039.596971; 515945; 34
1670091039.621971; 515970; 34
1670091039.646971; 515995; 34
1670091039.671971; 516020; 34
1670091039.696965; 516045; 34
1670091039.721965; 516070; 34
1670091039.746965; 516095; 34
1670091039.771965; 516120; 34
1670091039.796965; 516145; 34
1670091039.821965; 516170; 34
1670091039.846965; 516195; 34
1670091039.871965; 516220; 34
1670091039.896965; 516245; 34
1670091039.921965; 516270; 34
1670091039.946965; 516295; 34
1670091039.971971; 516320; 34
1670091039.996971; 516345; 34
1670091040.021971; 516370; 34
1670091040.046966; 516395; 34
1670091040.071966; 516420; 34
1670091040.096966; 516445; 34
1670091040.121967; 516470; 34
1670091040.146971; 516495; 34
1670091040.171965; 516520; 34
1670091040.196971; 516545; 34
1670091040.221971; 516570; 34
1670091040.246971; 516595; 34
1670091040.271970; 516620; 34
1670091040.296970; 516645; 34
1670091040.321970; 516670; 34
1670091040.346971; 516695; 34
1670091040.372007; 516720; 34
1670091040.396971; 516745; 34
1670091040.421970; 516770; 34
1670091040.446971; 516795; 34
1670091040.471971; 516820; 34
1670091040.496971; 516845; 34
1670091040.521970; 516870; 34
1670091040.546971; 516895; 34
1670091040.571980; 516920; 34
1670091040.596972; 516945; 34
1670091040.621974; 516970; 34
1670091040.646970; 516995; 34
1670091040.671971; 517020; 34
1670091040.696965; 517045; 34
1670091040.721965; 517070; 34
1670091040.746965; 517095; 34
1670091040.771965; 517120; 34
1670091040.796965; 517145; 34
1670091040.821965; 517170; 34
1670091040.846965; 517195; 34
1670091040.871965; 517220; 34
1670091040.896965; 517245; 34
1670091040.921965; 517270; 34
1670091040.946965; 517295; 34
1670091040.971965; 517320; 34
1670091040.996965; 517345; 34
1670091041.021965; 517370; 34
1670091041.046966; 517395; 34
1670091041.071966; 517420; 34
1670091041.096966; 517445; 34
1670091041.121966; 517470; 34
1670091041.146971; 517495; 34
1670091041.171971; 517520; 34
1670091041.196965; 517545; 34
1670091041.221965; 517570; 34
1670091041.246965; 517595; 34
1670091041.271965; 517620; 34
1670091041.296965; 517645; 34
1670091041.321965; 517670; 34
1670091041.346966; 517695; 34
1670091041.371965; 517720; 34
1670091041.396965; 517745; 34
1670091041.421965; 517770; 34
1670091041.446971; 517795; 34
1670091041.471971; 517820; 34
1670091041.496970; 517845; 34
1670091041.521971; 517870; 34
1670091041.546971; 517895; 34
1670091041.571971; 517920; 34
1670091041.596970; 517945; 34
1670091041.621971; 517970; 34
1670091041.646971; 517995; 34
1670091041.671971; 518020; 34
1670091041.696965; 518045; 34
1670091041.721965; 518070; 34
1670091041.746965; 518095; 34
1670091041.771965; 518120; 34
1670091041.796965; 518145; 34
1670091041.821971; 518170; 34
1670091041.846971; 518195; 34
1670091041.871971; 518220; 34
1670091041.896971; 518245; 34
1670091041.921971; 518270; 34
1670091041.946971; 518295; 34
1670091041.971971; 518320; 34
1670091041.996971; 518345; 34
1670091042.021965; 518370; 34
1670091042.046972; 518395; 34
1670091042.071972; 518420; 34
1670091042.096972; 518445; 34
1670091042.121972; 518470; 35
1670091042.146965; 518495; 35
1670091042.171965; 518520; 35
1670091042.196965; 518545; 35
1670091042.221971; 518570; 35
1670091042.246971; 518595; 34
1670091042.271965; 518620; 34
1670091042.296965; 518645; 34
1670091042.321965; 518670; 34
1670091042.346965; 518695; 34
1670091042.371965; 518720; 34
1670091042.396965; 518745; 34
1670091042.421965; 518770; 34
1670091042.446965; 518795; 34
1670091042.471965; 518820; 34
1670091042.496965; 518845; 34
1670091042.521965; 518870; 34
1670091042.546965; 518895; 34
1670091042.571965; 518920; 34
1670091042.596965; 518945; 34
1670091042.621970; 518970; 34
1670091042.646971; 518995; 33
1670091042.671965; 519020; 33
1670091042.696965; 519045; 33
1670091042.721965; 519070; 33
1670091042.746965; 519095; 31
1670091042.771965; 519120; 31
1670091042.796965; 519145; 31
1670091042.821965; 519170; 31
1670091042.846971; 519195; 30
1670091042.871971; 519220; 30
1670091042.896971; 519245; 30
1670091042.921971; 519270; 30
1670091042.946971; 519295; 28
1670091042.971971; 519320; 28
1670091042.996971; 519345; 28
1670091043.021971; 519370; 28
1670091043.046972; 519395; 26
1670091043.071972; 519420; 26
1670091043.096966; 519445; 26
1670091043.121966; 519470; 26
1670091043.146971; 519495; 25
1670091043.171971; 519520; 25
1670091043.196965; 519545; 25
1670091043.221965; 519570; 25
1670091043.246965; 519595; 22
1670091043.271965; 519620; 22
1670091043.296965; 519645; 22
1670091043.321965; 519670; 22
1670091043.346965; 519695; 22
1670091043.371965; 519720; 22
1670091043.396965; 519745; 22
1670091043.421965; 519770; 22
1670091043.446971; 519795; 22
1670091043.471971; 519820; 18
1670091043.496971; 519845; 18
1670091043.521971; 519870; 18
1670091043.546971; 519895; 18
1670091043.571971; 519920; 16
1670091043.596971; 519945; 16
1670091043.621970; 519970; 16
1670091043.646965; 519995; 16
1670091043.671965; 520020; 16
1670091043.696965; 520045; 16
1670091043.721965; 520070; 16
1670091043.746965; 520095; 16
1670091043.771965; 520120; 15
1670091043.796965; 520145; 15
1670091043.821965; 520170; 15
1670091043.846965; 520195; 15
1670091043.871973; 520220; 15
1670091043.896972; 520245; 15
1670091043.921971; 520270; 15
1670091043.946971; 520295; 15
1670091043.971971; 520320; 15
1670091043.996971; 520345; 15
1670091044.021971; 520370; 15
1670091044.046966; 520395; 15
1670091044.071972; 520420; 15
1670091044.096972; 520445; 15
1670091044.121972; 520470; 15
1670091044.146965; 520495; 15
1670091044.171965; 520520; 15
1670091044.196965; 520545; 15
1670091044.221965; 520570; 15
1670091044.246965; 520595; 15
1670091044.271971; 520620; 15
1670091044.296971; 520645; 15
1670091044.321971; 520670; 15
1670091044.346970; 520695; 15
1670091044.371970; 520720; 15
1670091044.396971; 520745; 15
1670091044.421971; 520770; 15
1670091044.446970; 520795; 15
1670091044.471965; 520820; 15
1670091044.496965; 520845; 15
1670091044.521965; 520870; 15
1670091044.546965; 520895; 15
1670091044.571965; 520920; 15
1670091044.596965; 520945; 15
1670091044.621965; 520970; 15
1670091044.646965; 520995; 15
1670091044.671989; 521020; 15
1670091044.696965; 521045; 15
1670091044.721971; 521070; 15
1670091044.746971; 521095; 15
1670091044.771970; 521120; 15
1670091044.796971; 521145; 16
1670091044.821970; 521170; 16
1670091044.846971; 521195; 16
1670091044.871988; 521220; 16
1670091044.896965; 521245; 16
1670091044.921965; 521270; 16
1670091044.946966; 521295; 16
1670091044.971965; 521320; 16
1670091044.996965; 521345; 16
1670091045.021965; 521370; 16
1670091045.046972; 521395; 16
1670091045.071972; 521420; 16
1670091045.096967; 521445; 16
1670091045.121966; 521470; 16
1670091045.146971; 521495; 16
1670091045.171971; 521520; 16
1670091045.196965; 521545; 16
1670091045.221965; 521570; 16
1670091045.246965; 521595; 16
1670091045.271965; 521620; 16
1670091045.296965; 521645; 16
1670091045.321965; 521670; 16
1670091045.346965; 521695; 16
1670091045.371965; 521720; 16
1670091045.396965; 521745; 16
1670091045.421965; 521770; 16
1670091045.446965; 521795; 16
1670091045.471965; 521820; 16
1670091045.496970; 521845; 17
1670091045.521970; 521870; 17
1670091045.546971; 521895; 17
1670091045.571971; 521920; 17
1670091045.596971; 521945; 17
1670091045.621971; 521970; 17
1670091045.646970; 521995; 17
1670091045.671971; 522020; 17
1670091045.696983; 522045; 17
1670091045.721965; 522070; 18
1670091045.746965; 522095; 18
1670091045.771965; 522120; 18
1670091045.796965; 522145; 18
1670091045.821965; 522170; 19
1670091045.846965; 522195; 19
1670091045.871965; 522220; 19
1670091045.896972; 522245; 19
1670091045.921965; 522270; 19
1670091045.946961; 522295; 19
1670091045.971965; 522320; 19
1670091045.996965; 522345; 19
1670091046.021965; 522370; 19
1670091046.046972; 522395; 19
1670091046.071972; 522420; 19
1670091046.096972; 522445; 19
1670091046.121972; 522470; 19
1670091046.146965; 522495; 19
1670091046.171965; 522520; 19
1670091046.196971; 522545; 19
1670091046.221970; 522570; 19
1670091046.246970; 522595; 19
1670091046.271970; 522620; 19
1670091046.296970; 522645; 19
1670091046.321970; 522670; 19
1670091046.346970; 522695; 19
1670091046.371971; 522720; 19
1670091046.396970; 522745; 19
1670091046.421970; 522770; 19
1670091046.446970; 522795; 19
1670091046.471970; 522820; 19
1670091046.496970; 522845; 19
1670091046.521965; 522870; 21
1670091046.546965; 522895; 21
1670091046.571965; 522920; 21
1670091046.596965; 522945; 21
1670091046.621965; 522970; 22
1670091046.646965; 522995; 22
1670091046.671965; 523020; 22
1670091046.696965; 523045; 22
1670091046.721970; 523070; 22
1670091046.746971; 523095; 22
1670091046.771971; 523120; 22
1670091046.796971; 523145; 22
1670091046.821971; 523170; 22
1670091046.846971; 523195; 21
1670091046.871970; 523220; 21
1670091046.896970; 523245; 21
1670091046.921970; 523270; 21
1670091046.946970; 523295; 21
1670091046.971971; 523320; 21
1670091046.996971; 523345; 21
1670091047.021970; 523370; 21
1670091047.046967; 523395; 21
1670091047.071966; 523420; 21
1670091047.096966; 523445; 21
1670091047.121966; 523470; 21
1670091047.146970; 523495; 22
1670091047.171979; 523520; 22
1670091047.196972; 523545; 22
1670091047.221965; 523570; 22
1670091047.246965; 523595; 24
1670091047.271965; 523620; 24
1670091047.296965; 523645; 24
1670091047.321965; 523670; 24
1670091047.346970; 523695; 25
1670091047.371970; 523720; 25
1670091047.396970; 523745; 25
1670091047.421970; 523770; 25
1670091047.446970; 523795; 25
1670091047.471970; 523820; 25
1670091047.496970; 523845; 25
1670091047.521970; 523870; 25
1670091047.546965; 523895; 25
1670091047.571965; 523920; 25
1670091047.596965; 523945; 25
1670091047.621965; 523970; 25
1670091047.646965; 523995; 25
1670091047.671965; 524020; 25
1670091047.696965; 524045; 25
1670091047.721965; 524070; 25
1670091047.746970; 524095; 26
1670091047.771965; 524120; 26
1670091047.796965; 524145; 26
1670091047.821965; 524170; 26
1670091047.846965; 524195; 27
1670091047.871965; 524220; 27
1670091047.896965; 524245; 27
1670091047.921965; 524270; 27
1670091047.946966; 524295; 27
1670091047.971966; 524320; 27
1670091047.996967; 524345; 27
1670091048.021970; 524370; 27
1670091048.046967; 524395; 27
1670091048.071967; 524420; 27
1670091048.096967; 524445; 27
1670091048.121971; 524470; 27
1670091048.146966; 524495; 27
1670091048.171966; 524520; 28
1670091048.196970; 524545; 28
1670091048.221970; 524570; 28
1670091048.246970; 524595; 28
1670091048.271970; 524620; 29
1670091048.296970; 524645; 29
1670091048.321970; 524670; 29
1670091048.346970; 524695; 29
1670091048.371970; 524720; 28
1670091048.396970; 524745; 28
1670091048.421970; 524770; 28
1670091048.446970; 524795; 28
1670091048.471970; 524820; 28
1670091048.496970; 524845; 28
1670091048.521970; 524870; 28
1670091048.546970; 524895; 28
1670091048.571970; 524920; 28
1670091048.596970; 524945; 28
1670091048.621970; 524970; 28
1670091048.646970; 524995; 28
1670091048.671970; 525020; 28
1670091048.696965; 525045; 28
1670091048.721965; 525070; 28
1670091048.746965; 525095; 28
1670091048.771965; 525120; 29
1670091048.796965; 525145; 29
1670091048.821970; 525170; 29
1670091048.846970; 525195; 29
1670091048.871970; 525220; 31
1670091048.896970; 525245; 31
1670091048.921970; 525270; 31
1670091048.946971; 525295; 31
1670091048.971965; 525320; 32
1670091048.996971; 525345; 32
1670091049.021971; 525370; 32
1670091049.046966; 525395; 32
1670091049.071966; 525420; 32
1670091049.096966; 525445; 32
1670091049.121966; 525470; 32
1670091049.146971; 525495; 32
1670091049.171970; 525520; 32
1670091049.196965; 525545; 32
1670091049.221965; 525570; 32
1670091049.246970; 525595; 32
1670091049.271970; 525620; 32
1670091049.296970; 525645; 31
1670091049.321970; 525670; 31
1670091049.346970; 525695; 31
1670091049.371970; 525720; 31
1670091049.396965; 525745; 31
1670091049.421965; 525770; 31
1670091049.446965; 525795; 31
1670091049.471965; 525820; 31
1670091049.496965; 525845; 32
1670091049.521965; 525870; 32
1670091049.546965; 525895; 32
1670091049.571965; 525920; 32
1670091049.596970; 525945; 34
1670091049.621970; 525970; 34
1670091049.646971; 525995; 34
1670091049.671971; 526020; 34
1670091049.696965; 526045; 35
1670091049.721965; 526070; 35
1670091049.746965; 526095; 35
1670091049.771965; 526120; 35
1670091049.796965; 526145; 36
1670091049.821965; 526170; 36
1670091049.846965; 526195; 36
1670091049.871965; 526220; 36
1670091049.896965; 526245; 37
1670091049.921965; 526270; 37
1670091049.946965; 526295; 37
1670091049.971965; 526320; 37
1670091049.997001; 526345; 38
1670091050.021965; 526370; 38
1670091050.046972; 526395; 38
1670091050.071972; 526420; 38
1670091050.096972; 526445; 37
1670091050.121972; 526470; 37
1670091050.146965; 526495; 37
1670091050.171965; 526520; 37
1670091050.196987; 526545; 39
1670091050.221971; 526570; 39
1670091050.246970; 526595; 39
1670091050.271970; 526620; 39
1670091050.296970; 526645; 39
1670091050.321970; 526670; 41
1670091050.346970; 526695; 41
1670091050.371970; 526720; 41
1670091050.396970; 526745; 41
1670091050.421965; 526770; 42
1670091050.446965; 526795; 42
1670091050.471979; 526820; 42
1670091050.496966; 526845; 42
1670091050.521965; 526870; 40
1670091050.546965; 526895; 40
1670091050.571965; 526920; 40
1670091050.596965; 526945; 40
1670091050.621965; 526970; 42
1670091050.646965; 526995; 42
1670091050.671965; 527020; 42
1670091050.696971; 527045; 42
1670091050.721970; 527070; 39
1670091050.746971; 527095; 39
1670091050.771970; 527120; 39
1670091050.796970; 527145; 39
1670091050.821970; 527170; 38
1670091050.846970; 527195; 38
1670091050.871971; 527220; 38
1670091050.896970; 527245; 38
1670091050.921971; 527270; 37
1670091050.946970; 527295; 37
1670091050.971970; 527320; 37
1670091050.996970; 527345; 37
1670091051.021979; 527370; 36
1670091051.046966; 527395; 36
1670091051.071966; 527420; 36
1670091051.096966; 527445; 36
1670091051.121966; 527470; 35
1670091051.146971; 527495; 35
1670091051.171970; 527520; 35
1670091051.196965; 527545; 35
1670091051.221972; 527570; 32
1670091051.246965; 527595; 32
1670091051.271961; 527620; 32
1670091051.296970; 527645; 32
1670091051.321970; 527670; 29
1670091051.346970; 527695; 29
1670091051.371970; 527720; 29
1670091051.396970; 527745; 29
1670091051.421970; 527770; 29
1670091051.446965; 527795; 29
1670091051.471965; 527820; 29
1670091051.496965; 527845; 29
1670091051.521965; 527870; 29
1670091051.546965; 527895; 29
1670091051.571965; 527920; 29
1670091051.596965; 527945; 29
1670091051.621965; 527970; 29
1670091051.646971; 527995; 27
1670091051.671971; 528020; 27
1670091051.696965; 528045; 27
1670091051.721965; 528070; 27
1670091051.746965; 528095; 27
1670091051.771965; 528120; 27
1670091051.796965; 528145; 27
1670091051.821965; 528170; 27
1670091051.846971; 528195; 26
1670091051.871971; 528220; 26
1670091051.896971; 528245; 26
1670091051.921970; 528270; 26
1670091051.946970; 528295; 26
1670091051.971970; 528320; 26
1670091051.996970; 528345; 26
1670091052.021970; 528370; 26
1670091052.046972; 528395; 26
1670091052.071972; 528420; 26
1670091052.096966; 528445; 26
1670091052.121966; 528470; 26
1670091052.146971; 528495; 29
1670091052.171970; 528520; 29
1670091052.196965; 528545; 29
1670091052.221965; 528570; 29
1670091052.246965; 528595; 28
1670091052.271965; 528620; 28
1670091052.296965; 528645; 28
1670091052.321965; 528670; 28
1670091052.346965; 528695; 27
1670091052.371965; 528720; 27
1670091052.396965; 528745; 27
1670091052.421965; 528770; 27
1670091052.446965; 528795; 26
1670091052.471970; 528820; 26
1670091052.496970; 528845; 26
1670091052.521970; 528870; 26
1670091052.546970; 528895; 25
1670091052.571970; 528920; 25
1670091052.596970; 528945; 25
1670091052.621970; 528970; 25
1670091052.646970; 528995; 25
1670091052.671965; 529020; 25
1670091052.696971; 529045; 25
1670091052.721970; 529070; 25
1670091052.746970; 529095; 25
1670091052.771970; 529120; 24
1670091052.796970; 529145; 24
1670091052.821970; 529170; 24
1670091052.846971; 529195; 24
1670091052.871965; 529220; 24
1670091052.896965; 529245; 24
1670091052.921970; 529270; 24
1670091052.946970; 529295; 24
1670091052.971970; 529320; 23
1670091052.996970; 529345; 23
1670091053.021970; 529370; 23
1670091053.046966; 529395; 23
1670091053.071971; 529420; 23
1670091053.096972; 529445; 23
1670091053.121972; 529470; 23
1670091053.146965; 529495; 23
1670091053.171965; 529520; 21
1670091053.196965; 529545; 21
1670091053.221965; 529570; 21
1670091053.246965; 529595; 21
1670091053.271965; 529620; 20
1670091053.296970; 529645; 20
1670091053.321971; 529670; 20
1670091053.346965; 529695; 20
1670091053.371965; 529720; 19
1670091053.396965; 529745; 19
1670091053.421965; 529770; 19
1670091053.446965; 529795; 19
1670091053.471965; 529820; 18
1670091053.496965; 529845; 18
1670091053.521965; 529870; 18
1670091053.546965; 529895; 18
1670091053.571965; 529920; 17
1670091053.596965; 529945; 17
1670091053.621965; 529970; 17
1670091053.646965; 529995; 17
1670091053.671965; 530020; 15
1670091053.696965; 530045; 15
1670091053.721965; 530070; 15
1670091053.746970; 530095; 15
1670091053.771973; 530120; 15
1670091053.796972; 530145; 15
1670091053.821965; 530170; 15
1670091053.846965; 530195; 15
1670091053.871965; 530220; 15
1670091053.896965; 530245; 15
1670091053.921965; 530270; 15
1670091053.946965; 530295; 15
1670091053.971965; 530320; 15
1670091053.996965; 530345; 15
1670091054.021965; 530370; 15
1670091054.046972; 530395; 15
1670091054.071972; 530420; 15
1670091054.096971; 530445; 15
1670091054.121972; 530470; 15
1670091054.146970; 530495; 15
1670091054.171970; 530520; 15
1670091054.196965; 530545; 15
1670091054.221965; 530570; 15
1670091054.246965; 530595; 15
1670091054.271965; 530620; 15
1670091054.296965; 530645; 14
1670091054.321965; 530670; 14
1670091054.346965; 530695; 14
1670091054.371965; 530720; 14
1670091054.396965; 530745; 15
1670091054.421965; 530770; 15
1670091054.446965; 530795; 15
1670091054.471965; 530820; 15
1670091054.496965; 530845; 15
1670091054.521965; 530870; 15
1670091054.546965; 530895; 15
1670091054.571965; 530920; 15
1670091054.596965; 530945; 15
1670091054.621965; 530970; 15
1670091054.646965; 530995; 15
1670091054.671965; 531020; 15
1670091054.696970; 531045; 15
1670091054.721970; 531070; 15
1670091054.746970; 531095; 15
1670091054.771970; 531120; 15
1670091054.796970; 531145; 15
1670091054.821971; 531170; 15
1670091054.846970; 531195; 15
1670091054.871970; 531220; 15
1670091054.896971; 531245; 15
1670091054.921970; 531270; 15
1670091054.946970; 531295; 15
1670091054.971970; 531320; 15
1670091054.996970; 531345; 15
1670091055.021970; 531370; 16
1670091055.046966; 531395; 16
1670091055.071966; 531420; 16
1670091055.096967; 531445; 16
1670091055.121972; 531470; 16
1670091055.146965; 531495; 16
1670091055.171965; 531520; 16
1670091055.196965; 531545; 16
1670091055.221965; 531570; 17
1670091055.246965; 531595; 17
1670091055.271965; 531620; 17
1670091055.296965; 531645; 17
1670091055.322000; 531670; 17
1670091055.346965; 531695; 17
1670091055.371970; 531720; 17
1670091055.396970; 531745; 17
1670091055.421970; 531770; 17
1670091055.446970; 531795; 17
1670091055.471970; 531820; 17
1670091055.496970; 531845; 17
1670091055.521998; 531870; 17
1670091055.546971; 531895; 17
1670091055.571970; 531920; 17
1670091055.596970; 531945; 17
1670091055.621970; 531970; 17
1670091055.646970; 531995; 17
1670091055.671970; 532020; 17
1670091055.696965; 532045; 17
1670091055.721965; 532070; 17
1670091055.746965; 532095; 17
1670091055.771965; 532120; 17
1670091055.796970; 532145; 17
1670091055.821970; 532170; 17
1670091055.846970; 532195; 17
1670091055.871970; 532220; 17
1670091055.896971; 532245; 17
1670091055.921970; 532270; 18
1670091055.946965; 532295; 18
1670091055.971965; 532320; 18
1670091055.996965; 532345; 18
1670091056.021965; 532370; 19
1670091056.046972; 532395; 19
1670091056.071972; 532420; 19
1670091056.096972; 532445; 19
1670091056.121972; 532470; 19
1670091056.146965; 532495; 19
1670091056.171965; 532520; 19
1670091056.196965; 532545; 19
1670091056.221965; 532570; 19
1670091056.246965; 532595; 19
1670091056.271965; 532620; 19
1670091056.296965; 532645; 19
1670091056.321965; 532670; 19
1670091056.346982; 532695; 19
1670091056.371965; 532720; 19
1670091056.396965; 532745; 19
1670091056.421965; 532770; 19
1670091056.446965; 532795; 19
1670091056.471965; 532820; 19
1670091056.496965; 532845; 19
1670091056.521965; 532870; 19
1670091056.546968; 532895; 19
1670091056.571965; 532920; 19
1670091056.596965; 532945; 19
1670091056.621965; 532970; 19
1670091056.646965; 532995; 19
1670091056.671965; 533020; 19
1670091056.696965; 533045; 19
1670091056.721965; 533070; 19
1670091056.746965; 533095; 20
1670091056.771971; 533120; 20
1670091056.796971; 533145; 20
1670091056.821970; 533170; 20
1670091056.846970; 533195; 21
1670091056.871970; 533220; 21
1670091056.896970; 533245; 21
1670091056.921970; 533270; 21
1670091056.946970; 533295; 21
1670091056.971970; 533320; 21
1670091056.996970; 533345; 21
1670091057.021970; 533370; 21
1670091057.046967; 533395; 21
1670091057.071980; 533420; 21
1670091057.096973; 533445; 21
1670091057.121972; 533470; 21
1670091057.146965; 533495; 21
1670091057.171970; 533520; 21
1670091057.196965; 533545; 21
1670091057.221965; 533570; 21
1670091057.246965; 533595; 21
1670091057.271965; 533620; 21
1670091057.296965; 533645; 21
1670091057.321965; 533670; 21
1670091057.346965; 533695; 21
1670091057.371970; 533720; 22
1670091057.396970; 533745; 22
1670091057.421965; 533770; 22
1670091057.446965; 533795; 22
1670091057.471965; 533820; 23
1670091057.496965; 533845; 23
1670091057.521965; 533870; 23
1670091057.546965; 533895; 23
1670091057.571970; 533920; 23
1670091057.596970; 533945; 23
1670091057.621970; 533970; 23
1670091057.646970; 533995; 23
1670091057.671970; 534020; 23
1670091057.696965; 534045; 23
1670091057.721965; 534070; 23
1670091057.746965; 534095; 23
1670091057.771965; 534120; 24
1670091057.796965; 534145; 24
1670091057.821965; 534170; 24
1670091057.846965; 534195; 24
1670091057.871965; 534220; 23
1670091057.896965; 534245; 23
1670091057.921965; 534270; 23
1670091057.946965; 534295; 23
1670091057.971965; 534320; 22
1670091057.996965; 534345; 22
1670091058.021965; 534370; 22
1670091058.046972; 534395; 22
1670091058.071972; 534420; 23
1670091058.096972; 534445; 23
1670091058.121972; 534470; 23
1670091058.146965; 534495; 23
1670091058.171965; 534520; 23
1670091058.196970; 534545; 23
1670091058.221970; 534570; 23
1670091058.246971; 534595; 23
1670091058.271970; 534620; 24
1670091058.296970; 534645; 24
1670091058.321970; 534670; 24
1670091058.346970; 534695; 24
1670091058.371970; 534720; 22
1670091058.396970; 534745; 22
1670091058.421970; 534770; 22
1670091058.446970; 534795; 22
1670091058.471970; 534820; 22
1670091058.496970; 534845; 22
1670091058.521970; 534870; 22
1670091058.546970; 534895; 22
1670091058.571970; 534920; 22
1670091058.596971; 534945; 22
1670091058.621970; 534970; 22
1670091058.646965; 534995; 22
1670091058.671965; 535020; 22
1670091058.696971; 535045; 22
1670091058.721970; 535070; 22
1670091058.746971; 535095; 22
1670091058.771971; 535120; 22
1670091058.796971; 535145; 23
1670091058.821970; 535170; 23
1670091058.846970; 535195; 23
1670091058.871970; 535220; 23
1670091058.896970; 535245; 23
1670091058.921970; 535270; 23
1670091058.946970; 535295; 23
1670091058.971970; 535320; 23
1670091058.996970; 535345; 23
1670091059.021965; 535370; 23
1670091059.046972; 535395; 23
1670091059.071967; 535420; 23
1670091059.096966; 535445; 21
1670091059.121966; 535470; 21
1670091059.146970; 535495; 21
1670091059.171970; 535520; 21
1670091059.196965; 535545; 21
1670091059.221965; 535570; 21
1670091059.246965; 535595; 21
1670091059.271965; 535620; 21
1670091059.296965; 535645; 21
1670091059.321965; 535670; 21
1670091059.346965; 535695; 21
1670091059.371965; 535720; 21
1670091059.396965; 535745; 21
1670091059.421965; 535770; 21
1670091059.446965; 535795; 21
1670091059.471965; 535820; 21
1670091059.496965; 535845; 22
1670091059.521965; 535870; 22
1670091059.546965; 535895; 22
1670091059.571965; 535920; 22
1670091059.596965; 535945; 23
1670091059.621970; 535970; 23
1670091059.646965; 535995; 23
1670091059.671965; 536020; 23
1670091059.696965; 536045; 23
1670091059.721965; 536070; 22
1670091059.746965; 536095; 22
1670091059.771965; 536120; 22
1670091059.796965; 536145; 22
1670091059.821965; 536170; 21
1670091059.846965; 536195; 21
1670091059.871965; 536220; 21
1670091059.896965; 536245; 21
1670091059.921965; 536270; 20
1670091059.946965; 536295; 20
1670091059.971965; 536320; 20
1670091059.996965; 536345; 20
1670091060.021965; 536370; 20
1670091060.046972; 536395; 20
1670091060.071972; 536420; 20
1670091060.096972; 536445; 20
1670091060.121972; 536470; 21
1670091060.146965; 536495; 21
1670091060.171965; 536520; 21
1670091060.196965; 536545; 21
1670091060.221965; 536570; 23
1670091060.246965; 536595; 23
1670091060.271965; 536620; 23
1670091060.296965; 536645; 23
1670091060.321965; 536670; 23
1670091060.346965; 536695; 23
1670091060.371979; 536720; 23
1670091060.396966; 536745; 23
1670091060.421965; 536770; 21
1670091060.446965; 536795; 21
1670091060.471965; 536820; 21
1670091060.496965; 536845; 21
1670091060.521965; 536870; 18
1670091060.546965; 536895; 18
1670091060.571965; 536920; 18
1670091060.596965; 536945; 18
1670091060.621965; 536970; 18
1670091060.646970; 536995; 18
1670091060.671971; 537020; 18
1670091060.696965; 537045; 18
1670091060.721965; 537070; 17
1670091060.746965; 537095; 17
1670091060.771965; 537120; 17
1670091060.796965; 537145; 17
1670091060.821965; 537170; 17
1670091060.847002; 537195; 16
1670091060.871970; 537220; 16
1670091060.896970; 537245; 16
1670091060.921970; 537270; 16
1670091060.946970; 537295; 16
1670091060.971971; 537320; 16
1670091060.996970; 537345; 16
1670091061.021970; 537370; 16
1670091061.046966; 537395; 17
1670091061.071972; 537420; 17
1670091061.096972; 537445; 17
1670091061.121972; 537470; 17
1670091061.146965; 537495; 17
1670091061.171965; 537520; 17
1670091061.196965; 537545; 17
1670091061.221965; 537570; 17
1670091061.246965; 537595; 17
1670091061.271970; 537620; 17
1670091061.296970; 537645; 17
1670091061.321970; 537670; 17
1670091061.346970; 537695; 18
1670091061.371970; 537720; 18
1670091061.396970; 537745; 18
1670091061.421970; 537770; 18
1670091061.446970; 537795; 18
1670091061.471971; 537820; 18
1670091061.496970; 537845; 18
1670091061.521965; 537870; 18
1670091061.546965; 537895; 18
1670091061.571965; 537920; 18
1670091061.596965; 537945; 18
1670091061.621965; 537970; 18
1670091061.646965; 537995; 18
1670091061.671971; 538020; 18
1670091061.696965; 538045; 18
1670091061.721965; 538070; 18
1670091061.746965; 538095; 18
1670091061.771965; 538120; 18
1670091061.796965; 538145; 18
1670091061.821965; 538170; 18
1670091061.846965; 538195; 18
1670091061.871972; 538220; 18
1670091061.896970; 538245; 18
1670091061.921989; 538270; 18
1670091061.946970; 538295; 18
1670091061.971970; 538320; 18
1670091061.996970; 538345; 18
1670091062.021970; 538370; 18
1670091062.046966; 538395; 18
1670091062.071966; 538420; 18
1670091062.096967; 538445; 18
1670091062.121966; 538470; 18
1670091062.146970; 538495; 18
1670091062.171970; 538520; 19
1670091062.196965; 538545; 19
1670091062.221965; 538570; 19
1670091062.246965; 538595; 19
1670091062.271965; 538620; 19
1670091062.296971; 538645; 19
1670091062.321970; 538670; 19
1670091062.346965; 538695; 19
1670091062.371965; 538720; 19
1670091062.396965; 538745; 19
1670091062.421965; 538770; 19
1670091062.446965; 538795; 19
1670091062.471965; 538820; 20
1670091062.496965; 538845; 20
1670091062.521965; 538870; 20
1670091062.546965; 538895; 20
1670091062.571965; 538920; 20
1670091062.596965; 538945; 20
1670091062.621965; 538970; 20
1670091062.646965; 538995; 20
1670091062.671965; 539020; 20
1670091062.696965; 539045; 20
1670091062.721965; 539070; 20
1670091062.746965; 539095; 20
1670091062.771965; 539120; 21
1670091062.796965; 539145; 21
1670091062.821965; 539170; 21
1670091062.846965; 539195; 21
1670091062.871965; 539220; 21
1670091062.896965; 539245; 21
1670091062.921971; 539270; 21
1670091062.946970; 539295; 21
1670091062.971970; 539320; 22
1670091062.996970; 539345; 22
1670091063.021970; 539370; 22
1670091063.046966; 539395; 22
1670091063.071966; 539420; 22
1670091063.096966; 539445; 22
1670091063.121966; 539470; 22
1670091063.146971; 539495; 22
1670091063.171970; 539520; 22
1670091063.196965; 539545; 22
1670091063.221965; 539570; 22
1670091063.246965; 539595; 22
1670091063.271965; 539620; 22
1670091063.296965; 539645; 24
1670091063.321965; 539670; 24
1670091063.346965; 539695; 24
1670091063.371965; 539720; 24
1670091063.396965; 539745; 23
1670091063.421965; 539770; 23
1670091063.446965; 539795; 23
1670091063.471965; 539820; 23
1670091063.496965; 539845; 24
1670091063.521970; 539870; 24
1670091063.546970; 539895; 24
1670091063.571970; 539920; 24
1670091063.596970; 539945; 24
1670091063.621970; 539970; 24
1670091063.646970; 539995; 24
1670091063.671979; 540020; 24
1670091063.696966; 540045; 24
1670091063.721965; 540070; 24
1670091063.746965; 540095; 24
1670091063.771965; 540120; 24
1670091063.796965; 540145; 24
1670091063.821965; 540170; 24
1670091063.846965; 540195; 24
1670091063.871965; 540220; 24
1670091063.896965; 540245; 24
1670091063.921970; 540270; 24
1670091063.946965; 540295; 24
1670091063.971965; 540320; 24
1670091063.996965; 540345; 25
1670091064.021965; 540370; 25
1670091064.046972; 540395; 25
1670091064.071972; 540420; 25
1670091064.096972; 540445; 25
1670091064.121972; 540470; 25
1670091064.146970; 540495; 25
1670091064.171970; 540520; 25
1670091064.196965; 540545; 25
1670091064.221965; 540570; 25
1670091064.246971; 540595; 25
1670091064.271971; 540620; 25
1670091064.296970; 540645; 25
1670091064.321970; 540670; 26
1670091064.346971; 540695; 26
1670091064.371970; 540720; 26
1670091064.396965; 540745; 26
1670091064.421965; 540770; 25
1670091064.446965; 540795; 25
1670091064.471965; 540820; 25
1670091064.496965; 540845; 25
1670091064.521965; 540870; 25
1670091064.546971; 540895; 25
1670091064.571971; 540920; 25
1670091064.596970; 540945; 25
1670091064.621970; 540970; 25
1670091064.646970; 540995; 25
1670091064.671970; 541020; 25
1670091064.696965; 541045; 25
1670091064.721965; 541070; 23
1670091064.746965; 541095; 23
1670091064.771965; 541120; 23
1670091064.796965; 541145; 23
1670091064.821965; 541170; 24
1670091064.846965; 541195; 24
1670091064.871965; 541220; 24
1670091064.896965; 541245; 24
1670091064.921965; 541270; 24
1670091064.946970; 541295; 24
1670091064.971965; 541320; 24
1670091064.996965; 541345; 24
1670091065.021965; 541370; 23
1670091065.046972; 541395; 23
1670091065.071972; 541420; 23
1670091065.096971; 541445; 23
1670091065.121972; 541470; 23
1670091065.146965; 541495; 23
1670091065.171970; 541520; 23
1670091065.196970; 541545; 23
1670091065.221970; 541570; 24
1670091065.246970; 541595; 24
1670091065.271970; 541620; 24
1670091065.296970; 541645; 24
1670091065.321970; 541670; 25
1670091065.346970; 541695; 25
1670091065.371970; 541720; 25
1670091065.396970; 541745; 25
1670091065.421970; 541770; 24
1670091065.446970; 541795; 24
1670091065.471970; 541820; 24
1670091065.496970; 541845; 24
1670091065.521970; 541870; 24
1670091065.546970; 541895; 24
1670091065.571971; 541920; 24
1670091065.596971; 541945; 24
1670091065.621971; 541970; 24
1670091065.646971; 541995; 25
1670091065.671971; 542020; 25
1670091065.696965; 542045; 25
1670091065.721965; 542070; 25
1670091065.746965; 542095; 25
1670091065.771965; 542120; 25
1670091065.796965; 542145; 25
1670091065.821965; 542170; 25
1670091065.846965; 542195; 24
1670091065.871965; 542220; 24
1670091065.896965; 542245; 24
1670091065.921965; 542270; 24
1670091065.946965; 542295; 23
1670091065.971970; 542320; 23
1670091065.996970; 542345; 23
1670091066.021970; 542370; 23
1670091066.046966; 542395; 22
1670091066.071966; 542420; 22
1670091066.096966; 542445; 22
1670091066.121966; 542470; 22
1670091066.146971; 542495; 22
1670091066.171989; 542520; 22
1670091066.196970; 542545; 22
1670091066.221970; 542570; 22
1670091066.246970; 542595; 26
1670091066.271970; 542620; 26
1670091066.296965; 542645; 26
1670091066.321965; 542670; 26
1670091066.346965; 542695; 26
1670091066.371965; 542720; 26
1670091066.396970; 542745; 26
1670091066.421970; 542770; 26
1670091066.446970; 542795; 25
1670091066.471970; 542820; 25
1670091066.496970; 542845; 25
1670091066.521970; 542870; 25
1670091066.546970; 542895; 22
1670091066.571970; 542920; 22
1670091066.596965; 542945; 22
1670091066.621965; 542970; 22
1670091066.646965; 542995; 22
1670091066.671965; 543020; 20
1670091066.696970; 543045; 20
1670091066.721970; 543070; 20
1670091066.746970; 543095; 20
1670091066.771970; 543120; 17
1670091066.796971; 543145; 17
1670091066.821971; 543170; 17
1670091066.846971; 543195; 17
1670091066.871971; 543220; 15
1670091066.896971; 543245; 15
1670091066.921971; 543270; 15
1670091066.946971; 543295; 15
1670091066.971971; 543320; 15
1670091066.996973; 543345; 15
1670091067.021972; 543370; 15
1670091067.046966; 543395; 15
1670091067.071966; 543420; 15
1670091067.096966; 543445; 15
1670091067.121966; 543470; 15
1670091067.146970; 543495; 15
1670091067.171970; 543520; 15
1670091067.196970; 543545; 15
1670091067.221970; 543570; 15
1670091067.246970; 543595; 15
1670091067.271965; 543620; 14
1670091067.296965; 543645; 14
1670091067.321965; 543670; 14
1670091067.346965; 543695; 14
1670091067.371965; 543720; 14
1670091067.396965; 543745; 14
1670091067.421970; 543770; 14
1670091067.446970; 543795; 14
1670091067.471970; 543820; 14
1670091067.496970; 543845; 14
1670091067.521970; 543870; 14
1670091067.546970; 543895; 14
1670091067.571970; 543920; 15
1670091067.596970; 543945; 15
1670091067.621965; 543970; 15
1670091067.646965; 543995; 15
1670091067.671965; 544020; 15
1670091067.696970; 544045; 15
1670091067.721971; 544070; 15
1670091067.746970; 544095; 15
1670091067.771970; 544120; 15
1670091067.796970; 544145; 14
1670091067.821971; 544170; 14
1670091067.846971; 544195; 14
1670091067.871971; 544220; 14
1670091067.896971; 544245; 14
1670091067.921971; 544270; 14
1670091067.946970; 544295; 14
1670091067.971971; 544320; 14
1670091067.996971; 544345; 15
1670091068.021970; 544370; 15
1670091068.046966; 544395; 15
1670091068.071971; 544420; 15
1670091068.096972; 544445; 14
1670091068.121972; 544470; 14
1670091068.146965; 544495; 14
1670091068.171965; 544520; 14
1670091068.196970; 544545; 14
1670091068.221965; 544570; 14
1670091068.246965; 544595; 14
1670091068.271965; 544620; 14
1670091068.296965; 544645; 14
1670091068.321965; 544670; 14
1670091068.346970; 544695; 14
1670091068.371970; 544720; 14
1670091068.396970; 544745; 14
1670091068.421970; 544770; 14
1670091068.446970; 544795; 14
1670091068.471970; 544820; 14
1670091068.496970; 544845; 15
1670091068.521970; 544870; 15
1670091068.546970; 544895; 15
1670091068.571970; 544920; 15
1670091068.596971; 544945; 14
1670091068.621970; 544970; 14
1670091068.646970; 544995; 14
1670091068.671970; 545020; 14
1670091068.696965; 545045; 14
1670091068.721965; 545070; 14
1670091068.746965; 545095; 14
1670091068.771965; 545120; 14
1670091068.796965; 545145; 14
1670091068.821965; 545170; 14
1670091068.846971; 545195; 14
1670091068.871970; 545220; 14
1670091068.896970; 545245; 14
1670091068.921970; 545270; 14
1670091068.946970; 545295; 14
1670091068.971970; 545320; 14
1670091068.996970; 545345; 14
1670091069.021970; 545370; 15
1670091069.046967; 545395; 15
1670091069.071966; 545420; 15
1670091069.096972; 545445; 15
1670091069.121972; 545470; 14
1670091069.146965; 545495; 14
1670091069.171965; 545520; 14
1670091069.196971; 545545; 14
1670091069.221971; 545570; 15
1670091069.246971; 545595; 15
1670091069.271970; 545620; 15
1670091069.296970; 545645; 15
1670091069.321970; 545670; 15
1670091069.346971; 545695; 15
1670091069.371970; 545720; 15
1670091069.396970; 545745; 15
1670091069.421970; 545770; 15
1670091069.446971; 545795; 15
1670091069.471965; 545820; 15
1670091069.496965; 545845; 15
1670091069.521965; 545870; 15
1670091069.546965; 545895; 15
1670091069.571965; 545920; 15
1670091069.596965; 545945; 15
1670091069.621970; 545970; 14
1670091069.646970; 545995; 14
1670091069.671970; 546020; 14
1670091069.696965; 546045; 14
1670091069.721965; 546070; 14
1670091069.746965; 546095; 14
1670091069.771965; 546120; 14
1670091069.796965; 546145; 14
1670091069.821965; 546170; 15
1670091069.846965; 546195; 15
1670091069.871970; 546220; 15
1670091069.896970; 546245; 15
1670091069.921970; 546270; 15
1670091069.946971; 546295; 15
1670091069.971971; 546320; 15
1670091069.996971; 546345; 15
1670091070.021971; 546370; 14
1670091070.046966; 546395; 14
1670091070.071972; 546420; 14
1670091070.096972; 546445; 14
1670091070.121972; 546470; 14
1670091070.146965; 546495; 14
1670091070.171965; 546520; 14
1670091070.196965; 546545; 14
1670091070.221965; 546570; 14
1670091070.246965; 546595; 14
1670091070.271965; 546620; 14
1670091070.296974; 546645; 14
1670091070.321972; 546670; 14
1670091070.346965; 546695; 15
1670091070.371956; 546720; 15
1670091070.396965; 546745; 15
1670091070.421965; 546770; 15
1670091070.446965; 546795; 15
1670091070.471970; 546820; 15
1670091070.496970; 546845; 15
1670091070.521970; 546870; 15
1670091070.546970; 546895; 14
1670091070.571970; 546920; 14
1670091070.596970; 546945; 14
1670091070.621970; 546970; 14
1670091070.646970; 546995; 14
1670091070.671970; 547020; 14
1670091070.696965; 547045; 14
1670091070.721965; 547070; 14
1670091070.746965; 547095; 15
1670091070.771965; 547120; 15
1670091070.796965; 547145; 15
1670091070.821965; 547170; 15
1670091070.846965; 547195; 15
1670091070.871965; 547220; 15
1670091070.896970; 547245; 15
1670091070.921970; 547270; 15
1670091070.946970; 547295; 14
1670091070.971970; 547320; 14
1670091070.996971; 547345; 14
1670091071.021971; 547370; 14
1670091071.046966; 547395; 14
1670091071.071966; 547420; 14
1670091071.096972; 547445; 14
1670091071.121972; 547470; 14
1670091071.146965; 547495; 14
1670091071.171965; 547520; 14
1670091071.196971; 547545; 14
1670091071.221970; 547570; 14
1670091071.246970; 547595; 14
1670091071.271970; 547620; 15
1670091071.296965; 547645; 15
1670091071.321965; 547670; 15
1670091071.346965; 547695; 15
1670091071.371965; 547720; 14
1670091071.396965; 547745; 14
1670091071.421965; 547770; 14
1670091071.446965; 547795; 14
1670091071.471965; 547820; 14
1670091071.496966; 547845; 14
1670091071.521965; 547870; 14
1670091071.546965; 547895; 14
1670091071.571965; 547920; 14
1670091071.596965; 547945; 14
1670091071.621965; 547970; 14
1670091071.646965; 547995; 14
1670091071.671965; 548020; 14
1670091071.696965; 548045; 14
1670091071.721971; 548070; 14
1670091071.746971; 548095; 14
1670091071.771971; 548120; 15
1670091071.796971; 548145; 15
1670091071.821971; 548170; 15
1670091071.846971; 548195; 15
1670091071.871971; 548220; 14
1670091071.896971; 548245; 14
1670091071.921965; 548270; 14
1670091071.946965; 548295; 14
1670091071.971965; 548320; 14
1670091071.996965; 548345; 14
1670091072.021965; 548370; 14
1670091072.046972; 548395; 14
1670091072.071972; 548420; 14
1670091072.096972; 548445; 14
1670091072.121967; 548470; 14
1670091072.146971; 548495; 14
1670091072.171970; 548520; 14
1670091072.196965; 548545; 14
1670091072.221965; 548570; 14
1670091072.246965; 548595; 14
1670091072.271965; 548620; 14
1670091072.296965; 548645; 14
1670091072.321971; 548670; 14
1670091072.346971; 548695; 14
1670091072.371971; 548720; 14
1670091072.396970; 548745; 14
1670091072.421971; 548770; 14
1670091072.446971; 548795; 14
1670091072.471971; 548820; 14
1670091072.496971; 548845; 14
1670091072.521978; 548870; 14
1670091072.546971; 548895; 14
1670091072.571971; 548920; 14
1670091072.596970; 548945; 14
1670091072.621971; 548970; 14
1670091072.646970; 548995; 14
1670091072.671971; 549020; 14
1670091072.696965; 549045; 14
1670091072.721965; 549070; 14
1670091072.746965; 549095; 14
1670091072.771965; 549120; 14
1670091072.796965; 549145; 14
1670091072.821965; 549170; 14
1670091072.846965; 549195; 14
1670091072.871965; 549220; 14
1670091072.896965; 549245; 14
1670091072.921966; 549270; 14
1670091072.946965; 549295; 14
1670091072.971965; 549320; 14
1670091072.996965; 549345; 14
1670091073.021965; 549370; 14
1670091073.046972; 549395; 14
1670091073.071972; 549420; 14
1670091073.096972; 549445; 14
1670091073.121972; 549470; 14
1670091073.146965; 549495; 14
1670091073.171965; 549520; 14
1670091073.196965; 549545; 14
1670091073.221965; 549570; 14
1670091073.246965; 549595; 14
1670091073.271965; 549620; 14
1670091073.296965; 549645; 14
1670091073.321965; 549670; 14
1670091073.346965; 549695; 14
1670091073.371965; 549720; 14
1670091073.396965; 549745; 14
1670091073.421965; 549770; 14
1670091073.446965; 549795; 14
1670091073.471965; 549820; 14
1670091073.496965; 549845; 14
1670091073.521965; 549870; 14
1670091073.546971; 549895; 14
1670091073.571971; 549920; 14
1670091073.596979; 549945; 14
1670091073.621966; 549970; 14
1670091073.646965; 549995; 14
1670091073.671965; 550020; 14
1670091073.696965; 550045; 14
1670091073.721965; 550070; 14
1670091073.746965; 550095; 14
1670091073.771971; 550120; 14
1670091073.796971; 550145; 14
1670091073.821971; 550170; 14
1670091073.846971; 550195; 14
1670091073.871971; 550220; 14
1670091073.896971; 550245; 14
1670091073.921971; 550270; 14
1670091073.946971; 550295; 14
1670091073.971965; 550320; 14
