1670091074.735509; 551083; 14
1670091074.759968; 551108; 14
1670091074.784965; 551133; 14
1670091074.809965; 551158; 14
1670091074.834965; 551183; 14
1670091074.859965; 551208; 14
1670091074.884965; 551233; 14
1670091074.909965; 551258; 14
1670091074.934965; 551283; 14
1670091074.959965; 551308; 14
1670091074.984986; 551333; 14
1670091075.009965; 551358; 14
1670091075.034980; 551383; 15
1670091075.059966; 551408; 15
1670091075.084966; 551433; 15
1670091075.109966; 551458; 15
1670091075.134965; 551483; 14
1670091075.159965; 551508; 14
1670091075.184965; 551533; 14
1670091075.209970; 551558; 14
1670091075.234971; 551583; 14
1670091075.259970; 551608; 14
1670091075.284971; 551633; 14
1670091075.309970; 551658; 14
1670091075.334970; 551683; 14
1670091075.359970; 551708; 14
1670091075.384971; 551733; 14
1670091075.409970; 551758; 14
1670091075.434971; 551783; 14
1670091075.459971; 551808; 15
1670091075.484971; 551833; 15
1670091075.509970; 551858; 15
1670091075.534971; 551883; 15
1670091075.559971; 551908; 14
1670091075.584971; 551933; 14
1670091075.609970; 551958; 14
1670091075.634971; 551983; 14
1670091075.659971; 552008; 14
1670091075.684971; 552033; 14
1670091075.709971; 552058; 14
1670091075.734971; 552083; 14
1670091075.759965; 552108; 14
1670091075.784965; 552133; 14
1670091075.809965; 552158; 14
1670091075.834965; 552183; 14
1670091075.859965; 552208; 14
1670091075.884965; 552233; 14
1670091075.909965; 552258; 14
1670091075.934965; 552283; 14
1670091075.959965; 552308; 15
1670091075.984965; 552333; 15
1670091076.009965; 552358; 15
1670091076.034972; 552383; 15
1670091076.059966; 552408; 14
1670091076.084966; 552433; 14
1670091076.109966; 552458; 14
1670091076.134965; 552483; 14
1670091076.159965; 552508; 14
1670091076.184965; 552533; 14
1670091076.209965; 552558; 14
1670091076.234965; 552583; 14
1670091076.259965; 552608; 15
1670091076.284965; 552633; 15
1670091076.309989; 552658; 15
1670091076.334971; 552683; 15
1670091076.359971; 552708; 15
1670091076.384971; 552733; 15
1670091076.409971; 552758; 15
1670091076.434970; 552783; 15
1670091076.459970; 552808; 15
1670091076.484970; 552833; 15
1670091076.509970; 552858; 15
1670091076.534971; 552883; 15
1670091076.559971; 552908; 15
1670091076.584970; 552933; 15
1670091076.609971; 552958; 15
1670091076.634971; 552983; 15
1670091076.659971; 553008; 15
1670091076.684970; 553033; 15
1670091076.709971; 553058; 15
1670091076.734971; 553083; 15
1670091076.759971; 553108; 15
1670091076.784971; 553133; 15
1670091076.809971; 553158; 15
1670091076.834970; 553183; 15
1670091076.859970; 553208; 15
1670091076.884970; 553233; 15
1670091076.909971; 553258; 15
1670091076.934965; 553283; 15
1670091076.959965; 553308; 15
1670091076.984965; 553333; 15
1670091077.009965; 553358; 15
1670091077.034972; 553383; 15
1670091077.059972; 553408; 15
1670091077.084972; 553433; 16
1670091077.109972; 553458; 16
1670091077.134965; 553483; 16
1670091077.159965; 553508; 16
1670091077.184965; 553533; 17
1670091077.209965; 553558; 17
1670091077.234965; 553583; 17
1670091077.259965; 553608; 17
1670091077.284965; 553633; 18
1670091077.309965; 553658; 18
1670091077.334965; 553683; 18
1670091077.359965; 553708; 18
1670091077.384965; 553733; 17
1670091077.409965; 553758; 17
1670091077.434965; 553783; 17
1670091077.459965; 553808; 17
1670091077.484965; 553833; 17
1670091077.509965; 553858; 17
1670091077.534965; 553883; 17
1670091077.559965; 553908; 17
1670091077.584965; 553933; 17
1670091077.609966; 553958; 17
1670091077.634965; 553983; 17
1670091077.659971; 554008; 17
1670091077.684970; 554033; 18
1670091077.709971; 554058; 18
1670091077.734971; 554083; 18
1670091077.759971; 554108; 18
1670091077.784971; 554133; 18
1670091077.809971; 554158; 18
1670091077.834971; 554183; 18
1670091077.859965; 554208; 18
1670091077.884965; 554233; 18
1670091077.909965; 554258; 18
1670091077.934965; 554283; 18
1670091077.959965; 554308; 18
1670091077.984965; 554333; 18
1670091078.009965; 554358; 18
1670091078.034972; 554383; 18
1670091078.205889; 554553; 20
1670091078.229972; 554578; 20
1670091078.254980; 554603; 20
1670091078.279965; 554628; 20
1670091078.304965; 554653; 20
1670091078.329965; 554678; 20
1670091078.354965; 554703; 20
1670091078.379965; 554728; 20
1670091078.404965; 554753; 20
1670091078.429965; 554778; 20
1670091078.454965; 554803; 20
1670091078.479971; 554828; 20
1670091078.504971; 554853; 21
1670091078.529971; 554878; 21
1670091078.554971; 554903; 21
1670091078.579971; 554928; 21
1670091078.604971; 554953; 22
1670091078.629971; 554978; 22
1670091078.654971; 555003; 22
1670091078.679971; 555028; 22
1670091078.704965; 555053; 22
1670091078.729965; 555078; 22
1670091078.754965; 555103; 22
1670091078.779965; 555128; 22
1670091078.804965; 555153; 22
1670091078.829965; 555178; 22
1670091078.854965; 555203; 22
1670091078.879965; 555228; 22
1670091078.904965; 555253; 22
1670091078.929965; 555278; 22
1670091078.954965; 555303; 22
1670091078.979965; 555328; 22
1670091079.004965; 555353; 22
1670091079.029972; 555378; 22
1670091079.054972; 555403; 22
1670091079.079972; 555428; 22
1670091079.104972; 555453; 22
1670091079.129965; 555478; 22
1670091079.154965; 555503; 22
1670091079.179965; 555528; 22
1670091079.204965; 555553; 22
1670091079.229969; 555578; 22
1670091079.254971; 555603; 22
1670091079.279979; 555628; 22
1670091079.304971; 555653; 22
1670091079.329971; 555678; 22
1670091079.354971; 555703; 22
1670091079.379971; 555728; 22
1670091079.404971; 555753; 22
1670091079.429971; 555778; 22
1670091079.454971; 555803; 22
1670091079.479971; 555828; 22
1670091079.504971; 555853; 22
1670091079.529971; 555878; 23
1670091079.554971; 555903; 23
1670091079.579971; 555928; 23
1670091079.604971; 555953; 23
1670091079.629971; 555978; 23
1670091079.654971; 556003; 23
1670091079.679971; 556028; 23
1670091079.704971; 556053; 23
1670091079.729971; 556078; 23
1670091079.754971; 556103; 23
1670091079.779971; 556128; 23
1670091079.804965; 556153; 23
1670091079.829965; 556178; 23
1670091079.854965; 556203; 23
1670091079.879966; 556228; 23
1670091079.904965; 556253; 23
1670091079.929965; 556278; 23
1670091079.954965; 556303; 23
1670091079.979965; 556328; 23
1670091080.004965; 556353; 23
1670091080.029972; 556378; 23
1670091080.054972; 556403; 25
1670091080.079972; 556428; 25
1670091080.104966; 556453; 25
1670091080.129965; 556478; 25
1670091080.154970; 556503; 27
1670091080.179971; 556528; 27
1670091080.204971; 556553; 27
1670091080.229965; 556578; 27
1670091080.254965; 556603; 26
1670091080.279965; 556628; 26
1670091080.304965; 556653; 26
1670091080.329965; 556678; 26
1670091080.354965; 556703; 25
1670091080.379971; 556728; 25
1670091080.404971; 556753; 25
1670091080.429965; 556778; 25
1670091080.454965; 556803; 24
1670091080.479966; 556828; 24
1670091080.504965; 556853; 24
1670091080.529971; 556878; 24
1670091080.554971; 556903; 25
1670091080.579971; 556928; 25
1670091080.604971; 556953; 25
1670091080.629971; 556978; 25
1670091080.654971; 557003; 25
1670091080.679970; 557028; 25
1670091080.704965; 557053; 25
1670091080.729965; 557078; 25
1670091080.754965; 557103; 26
1670091080.779965; 557128; 26
1670091080.804971; 557153; 26
1670091080.829970; 557178; 26
1670091080.854970; 557203; 27
1670091080.879971; 557228; 27
1670091080.904971; 557253; 27
1670091080.929971; 557278; 27
1670091080.954971; 557303; 28
1670091080.979971; 557328; 28
1670091081.004971; 557353; 28
1670091081.029967; 557378; 28
1670091081.054966; 557403; 28
1670091081.079966; 557428; 32
1670091081.104966; 557453; 32
1670091081.129971; 557478; 32
1670091081.154971; 557503; 32
1670091081.179965; 557528; 35
1670091081.204971; 557553; 35
1670091081.229971; 557578; 35
1670091081.254971; 557603; 35
1670091081.279970; 557628; 31
1670091081.304970; 557653; 31
1670091081.329970; 557678; 31
1670091081.354970; 557703; 31
1670091081.379971; 557728; 17
1670091081.404971; 557753; 17
1670091081.429972; 557778; 17
1670091081.454971; 557803; 17
1670091081.479971; 557828; 16
1670091081.504979; 557853; 16
1670091081.529966; 557878; 16
1670091081.554965; 557903; 16
1670091081.579965; 557928; 15
1670091081.604965; 557953; 15
1670091081.629965; 557978; 15
1670091081.654971; 558003; 15
1670091081.679971; 558028; 14
1670091081.704965; 558053; 14
1670091081.729965; 558078; 14
1670091081.754965; 558103; 14
1670091081.779965; 558128; 14
1670091081.804965; 558153; 14
1670091081.829965; 558178; 14
1670091081.854965; 558203; 14
1670091081.879965; 558228; 14
1670091081.904965; 558253; 14
1670091081.929965; 558278; 14
1670091081.954965; 558303; 14
1670091081.979965; 558328; 14
1670091082.004965; 558353; 14
1670091082.029972; 558378; 14
1670091082.054972; 558403; 14
1670091082.079966; 558428; 14
1670091082.104972; 558453; 14
1670091082.129965; 558478; 14
1670091082.154966; 558503; 14
1670091082.179965; 558528; 14
1670091082.204971; 558553; 14
1670091082.229971; 558578; 14
1670091082.254965; 558603; 14
1670091082.279965; 558628; 14
1670091082.304965; 558653; 14
1670091082.329965; 558678; 14
1670091082.354970; 558703; 14
1670091082.379970; 558728; 14
1670091082.404971; 558753; 14
1670091082.429971; 558778; 14
1670091082.454971; 558803; 14
1670091082.479971; 558828; 14
1670091082.504971; 558853; 14
1670091082.529971; 558878; 14
1670091082.554971; 558903; 14
1670091082.579965; 558928; 14
1670091082.604965; 558953; 14
1670091082.629965; 558978; 14
1670091082.654965; 559003; 14
1670091082.679971; 559028; 14
1670091082.704965; 559053; 14
1670091082.729965; 559078; 14
1670091082.754965; 559103; 14
1670091082.779970; 559128; 14
1670091082.804971; 559153; 14
1670091082.829971; 559178; 14
1670091082.854971; 559203; 14
1670091082.879965; 559228; 14
1670091082.904965; 559253; 14
1670091082.929965; 559278; 14
1670091082.954965; 559303; 14
1670091082.979971; 559328; 14
1670091083.004971; 559353; 14
1670091083.029966; 559378; 14
1670091083.054967; 559403; 14
1670091083.079966; 559428; 14
1670091083.104966; 559453; 14
1670091083.129965; 559478; 14
1670091083.154965; 559503; 14
1670091083.179965; 559528; 14
1670091083.204965; 559553; 14
1670091083.229965; 559578; 14
1670091083.254965; 559603; 14
1670091083.279965; 559628; 14
1670091083.304965; 559653; 14
1670091083.329965; 559678; 14
1670091083.354965; 559703; 14
1670091083.379974; 559728; 14
1670091083.404971; 559753; 14
1670091083.429971; 559778; 14
1670091083.454971; 559803; 14
1670091083.479971; 559828; 14
1670091083.504971; 559853; 14
1670091083.529971; 559878; 14
1670091083.554971; 559903; 14
1670091083.579981; 559928; 14
1670091083.604965; 559953; 14
1670091083.629965; 559978; 14
1670091083.654965; 560003; 14
1670091083.679965; 560028; 14
1670091083.704971; 560053; 14
1670091083.729971; 560078; 14
1670091083.754971; 560103; 14
1670091083.779971; 560128; 14
1670091083.804965; 560153; 14
1670091083.829965; 560178; 14
1670091083.854965; 560203; 14
1670091083.879965; 560228; 14
1670091083.904965; 560253; 14
1670091083.929965; 560278; 14
1670091083.954965; 560303; 14
1670091083.979965; 560328; 14
1670091084.004971; 560353; 14
1670091084.029967; 560378; 14
1670091084.054966; 560403; 14
1670091084.079967; 560428; 14
1670091084.104967; 560453; 14
1670091084.129971; 560478; 14
1670091084.154971; 560503; 14
1670091084.179971; 560528; 14
1670091084.204965; 560553; 14
1670091084.229965; 560578; 14
1670091084.254965; 560603; 14
1670091084.279965; 560628; 14
1670091084.304965; 560653; 14
1670091084.329965; 560678; 14
1670091084.354965; 560703; 14
1670091084.379965; 560728; 14
1670091084.404986; 560753; 14
1670091084.429971; 560778; 14
1670091084.454971; 560803; 14
1670091084.479971; 560828; 14
1670091084.504971; 560853; 14
1670091084.529971; 560878; 14
1670091084.554971; 560903; 14
1670091084.579971; 560928; 14
1670091084.604973; 560953; 14
1670091084.629965; 560978; 14
1670091084.654965; 561003; 14
1670091084.679965; 561028; 14
1670091084.704971; 561053; 14
1670091084.729971; 561078; 14
1670091084.754971; 561103; 14
1670091084.779971; 561128; 14
1670091084.804974; 561153; 14
1670091084.829972; 561178; 14
1670091084.854965; 561203; 14
1670091084.879966; 561228; 14
1670091084.904965; 561253; 14
1670091084.929965; 561278; 14
1670091084.954965; 561303; 14
1670091084.979965; 561328; 14
1670091085.004965; 561353; 14
1670091085.029966; 561378; 14
1670091085.054966; 561403; 14
1670091085.079966; 561428; 14
1670091085.104966; 561453; 14
1670091085.129971; 561478; 14
1670091085.154971; 561503; 14
1670091085.179966; 561528; 14
1670091085.204966; 561553; 14
1670091085.229971; 561578; 14
1670091085.254971; 561603; 14
1670091085.279971; 561628; 14
1670091085.304971; 561653; 14
1670091085.329971; 561678; 14
1670091085.354971; 561703; 14
1670091085.379971; 561728; 14
1670091085.404971; 561753; 14
1670091085.429971; 561778; 14
1670091085.454971; 561803; 14
1670091085.479971; 561828; 14
1670091085.504971; 561853; 14
1670091085.529971; 561878; 14
1670091085.554971; 561903; 14
1670091085.579971; 561928; 14
1670091085.604971; 561953; 14
1670091085.629971; 561978; 14
1670091085.654971; 562003; 14
1670091085.679971; 562028; 14
1670091085.704965; 562053; 14
1670091085.729965; 562078; 14
1670091085.754965; 562103; 14
1670091085.779965; 562128; 14
1670091085.804965; 562153; 14
1670091085.829965; 562178; 14
1670091085.854971; 562203; 14
1670091085.879971; 562228; 14
1670091085.904971; 562253; 14
1670091085.929971; 562278; 14
1670091085.954971; 562303; 14
1670091085.979971; 562328; 14
1670091086.004971; 562353; 14
1670091086.029966; 562378; 14
1670091086.054967; 562403; 14
1670091086.079967; 562428; 14
1670091086.104972; 562453; 14
1670091086.129965; 562478; 14
1670091086.154965; 562503; 14
1670091086.179965; 562528; 14
1670091086.204971; 562553; 14
1670091086.229971; 562578; 14
1670091086.254965; 562603; 14
1670091086.279965; 562628; 14
1670091086.304965; 562653; 14
1670091086.329965; 562678; 14
1670091086.354965; 562703; 14
1670091086.379965; 562728; 14
1670091086.404965; 562753; 14
1670091086.429965; 562778; 14
1670091086.454965; 562803; 14
1670091086.479965; 562828; 14
1670091086.504965; 562853; 14
1670091086.529965; 562878; 14
1670091086.554965; 562903; 14
1670091086.579965; 562928; 14
1670091086.604965; 562953; 14
1670091086.629965; 562978; 14
1670091086.654965; 563003; 14
1670091086.679965; 563028; 14
1670091086.704971; 563053; 14
1670091086.729971; 563078; 14
1670091086.754997; 563103; 14
1670091086.779971; 563128; 14
1670091086.804971; 563153; 14
1670091086.829971; 563178; 14
1670091086.854971; 563203; 14
1670091086.879965; 563228; 14
1670091086.904965; 563253; 14
1670091086.929965; 563278; 14
1670091086.954965; 563303; 14
1670091086.979966; 563328; 14
1670091087.004965; 563353; 14
1670091087.029972; 563378; 14
1670091087.054967; 563403; 14
1670091087.079972; 563428; 14
1670091087.104972; 563453; 14
1670091087.129965; 563478; 14
1670091087.154965; 563503; 14
1670091087.179965; 563528; 14
1670091087.204965; 563553; 14
1670091087.229965; 563578; 14
1670091087.254965; 563603; 14
1670091087.279965; 563628; 14
1670091087.304965; 563653; 14
1670091087.329965; 563678; 14
1670091087.354965; 563703; 14
1670091087.379965; 563728; 14
1670091087.404965; 563753; 14
1670091087.429971; 563778; 14
1670091087.454966; 563803; 14
1670091087.479971; 563828; 14
1670091087.504971; 563853; 14
1670091087.529971; 563878; 14
1670091087.554971; 563903; 14
1670091087.579971; 563928; 14
1670091087.604971; 563953; 14
1670091087.629971; 563978; 14
1670091087.654971; 564003; 14
1670091087.679971; 564028; 14
1670091087.704965; 564053; 14
1670091087.729965; 564078; 14
1670091087.754965; 564103; 14
1670091087.779972; 564128; 14
1670091087.804965; 564153; 14
1670091087.829965; 564178; 14
1670091087.854965; 564203; 14
1670091087.879965; 564228; 14
1670091087.904971; 564253; 14
1670091087.929971; 564278; 14
1670091087.954971; 564303; 14
1670091087.979971; 564328; 14
1670091088.004971; 564353; 14
1670091088.029967; 564378; 14
1670091088.054967; 564403; 14
1670091088.079966; 564428; 14
1670091088.104980; 564453; 14
1670091088.129966; 564478; 14
1670091088.154965; 564503; 14
1670091088.179965; 564528; 14
1670091088.204971; 564553; 14
1670091088.229971; 564578; 14
1670091088.254971; 564603; 14
1670091088.279971; 564628; 14
1670091088.304970; 564653; 14
1670091088.329971; 564678; 14
1670091088.354971; 564703; 14
1670091088.379971; 564728; 14
1670091088.404971; 564753; 14
1670091088.429971; 564778; 14
1670091088.454971; 564803; 14
1670091088.479971; 564828; 14
1670091088.504971; 564853; 14
1670091088.529971; 564878; 14
1670091088.554971; 564903; 14
1670091088.579971; 564928; 14
1670091088.604971; 564953; 14
1670091088.629971; 564978; 14
1670091088.654971; 565003; 14
1670091088.679971; 565028; 14
1670091088.704971; 565053; 14
1670091088.729971; 565078; 14
1670091088.754971; 565103; 14
1670091088.779971; 565128; 14
1670091088.804971; 565153; 14
1670091088.829971; 565178; 14
1670091088.854969; 565203; 14
1670091088.879971; 565228; 14
1670091088.904981; 565253; 14
1670091088.929965; 565278; 14
1670091088.954965; 565303; 14
1670091088.979965; 565328; 14
1670091089.004965; 565353; 14
1670091089.029972; 565378; 14
1670091089.054972; 565403; 14
1670091089.079972; 565428; 14
1670091089.104972; 565453; 14
1670091089.129965; 565478; 14
1670091089.154965; 565503; 14
1670091089.179965; 565528; 14
1670091089.204970; 565553; 14
1670091089.229971; 565578; 14
1670091089.254971; 565603; 14
1670091089.279971; 565628; 14
1670091089.304971; 565653; 14
1670091089.329971; 565678; 14
1670091089.354971; 565703; 14
1670091089.379971; 565728; 14
1670091089.404971; 565753; 14
1670091089.429971; 565778; 14
1670091089.454971; 565803; 14
1670091089.479971; 565828; 14
1670091089.504971; 565853; 14
1670091089.529971; 565878; 14
1670091089.554971; 565903; 14
1670091089.579970; 565928; 14
1670091089.604971; 565953; 14
1670091089.629965; 565978; 14
1670091089.654965; 566003; 14
1670091089.679965; 566028; 14
1670091089.704965; 566053; 14
1670091089.729965; 566078; 14
1670091089.754965; 566103; 14
1670091089.779965; 566128; 14
1670091089.804965; 566153; 14
1670091089.829965; 566178; 14
1670091089.854971; 566203; 14
1670091089.879967; 566228; 14
1670091089.904971; 566253; 14
1670091089.929964; 566278; 14
1670091089.954965; 566303; 14
1670091089.979965; 566328; 14
1670091090.004965; 566353; 14
1670091090.029972; 566378; 14
1670091090.054972; 566403; 14
1670091090.079972; 566428; 14
1670091090.104972; 566453; 14
1670091090.129965; 566478; 14
1670091090.154971; 566503; 14
1670091090.179971; 566528; 14
1670091090.204965; 566553; 14
1670091090.229965; 566578; 14
1670091090.254965; 566603; 14
1670091090.279965; 566628; 14
1670091090.304965; 566653; 14
1670091090.329966; 566678; 14
1670091090.354965; 566703; 14
1670091090.379965; 566728; 14
1670091090.404965; 566753; 14
1670091090.429965; 566778; 14
1670091090.454965; 566803; 14
1670091090.479966; 566828; 14
1670091090.504965; 566853; 14
1670091090.529965; 566878; 14
1670091090.554971; 566903; 14
1670091090.579971; 566928; 14
1670091090.604971; 566953; 14
1670091090.629971; 566978; 14
1670091090.654971; 567003; 14
1670091090.679971; 567028; 14
1670091090.704965; 567053; 14
1670091090.729965; 567078; 14
1670091090.754971; 567103; 14
1670091090.779971; 567128; 14
1670091090.804965; 567153; 14
1670091090.829965; 567178; 14
1670091090.854965; 567203; 14
1670091090.879965; 567228; 14
1670091090.904965; 567253; 14
1670091090.929965; 567278; 14
1670091090.954965; 567303; 14
1670091090.979965; 567328; 14
1670091091.004965; 567353; 14
1670091091.029972; 567378; 14
1670091091.054972; 567403; 14
1670091091.079966; 567428; 14
1670091091.104966; 567453; 14
1670091091.129965; 567478; 14
1670091091.154965; 567503; 14
1670091091.179965; 567528; 14
1670091091.204971; 567553; 14
1670091091.229971; 567578; 14
1670091091.254971; 567603; 14
1670091091.279971; 567628; 14
1670091091.304971; 567653; 14
1670091091.329971; 567678; 14
1670091091.354970; 567703; 14
1670091091.379971; 567728; 14
1670091091.404979; 567753; 14
1670091091.429966; 567778; 14
1670091091.454966; 567803; 14
1670091091.479965; 567828; 14
1670091091.504965; 567853; 14
1670091091.529965; 567878; 14
1670091091.554965; 567903; 14
1670091091.579971; 567928; 14
1670091091.604971; 567953; 14
1670091091.629971; 567978; 14
1670091091.654971; 568003; 14
1670091091.679971; 568028; 14
1670091091.704965; 568053; 14
1670091091.729965; 568078; 14
1670091091.754965; 568103; 14
1670091091.779971; 568128; 14
1670091091.804971; 568153; 14
1670091091.829971; 568178; 14
1670091091.854971; 568203; 14
1670091091.879971; 568228; 14
1670091091.904971; 568253; 14
1670091091.929971; 568278; 14
1670091091.954971; 568303; 14
1670091091.979971; 568328; 14
1670091092.004971; 568353; 14
1670091092.029966; 568378; 14
1670091092.054966; 568403; 14
1670091092.079972; 568428; 14
1670091092.104967; 568453; 14
1670091092.129965; 568478; 14
1670091092.154965; 568503; 14
1670091092.179965; 568528; 14
1670091092.204965; 568553; 14
1670091092.229965; 568578; 14
1670091092.254965; 568603; 14
1670091092.279965; 568628; 14
1670091092.304965; 568653; 14
1670091092.329965; 568678; 14
1670091092.354971; 568703; 14
1670091092.379971; 568728; 14
1670091092.404965; 568753; 14
1670091092.429965; 568778; 14
1670091092.454965; 568803; 14
1670091092.479965; 568828; 14
1670091092.504965; 568853; 14
1670091092.529965; 568878; 14
1670091092.554965; 568903; 14
1670091092.579965; 568928; 14
1670091092.604965; 568953; 14
1670091092.629965; 568978; 14
1670091092.654965; 569003; 14
1670091092.679965; 569028; 14
1670091092.704971; 569053; 14
1670091092.729971; 569078; 14
1670091092.754971; 569103; 14
1670091092.779971; 569128; 14
1670091092.804965; 569153; 14
1670091092.829965; 569178; 14
1670091092.854965; 569203; 14
1670091092.879965; 569228; 14
1670091092.904965; 569253; 14
1670091092.929965; 569278; 14
1670091092.954965; 569303; 14
1670091092.979965; 569328; 14
1670091093.004965; 569353; 14
1670091093.029972; 569378; 14
1670091093.054972; 569403; 14
1670091093.079972; 569428; 14
1670091093.104972; 569453; 14
1670091093.129965; 569478; 14
1670091093.154965; 569503; 14
1670091093.179965; 569528; 14
1670091093.204971; 569553; 14
1670091093.229971; 569578; 14
1670091093.254971; 569603; 14
1670091093.279971; 569628; 14
1670091093.304971; 569653; 14
1670091093.329971; 569678; 14
1670091093.354971; 569703; 14
1670091093.379971; 569728; 14
1670091093.404971; 569753; 14
1670091093.429971; 569778; 14
1670091093.454971; 569803; 14
1670091093.479971; 569828; 14
1670091093.504971; 569853; 14
1670091093.529971; 569878; 14
1670091093.554971; 569903; 14
1670091093.579971; 569928; 14
1670091093.604971; 569953; 14
1670091093.629971; 569978; 14
1670091093.654971; 570003; 14
1670091093.679971; 570028; 14
1670091093.704965; 570053; 14
1670091093.729965; 570078; 14
1670091093.754965; 570103; 14
1670091093.779970; 570128; 14
1670091093.804971; 570153; 14
1670091093.829965; 570178; 14
1670091093.854965; 570203; 14
1670091093.879965; 570228; 14
1670091093.904965; 570253; 14
1670091093.929965; 570278; 14
1670091093.954965; 570303; 14
1670091093.979965; 570328; 14
1670091094.004965; 570353; 14
1670091094.029972; 570378; 14
1670091094.054972; 570403; 14
1670091094.079972; 570428; 14
1670091094.104972; 570453; 14
1670091094.129965; 570478; 14
1670091094.154965; 570503; 14
1670091094.179965; 570528; 14
1670091094.204971; 570553; 14
1670091094.230007; 570578; 14
1670091094.254971; 570603; 14
1670091094.279971; 570628; 14
1670091094.304965; 570653; 14
1670091094.329965; 570678; 14
1670091094.354965; 570703; 14
1670091094.379965; 570728; 14
1670091094.404965; 570753; 14
1670091094.429965; 570778; 14
1670091094.454965; 570803; 14
1670091094.479965; 570828; 14
1670091094.504965; 570853; 14
1670091094.529965; 570878; 14
1670091094.554965; 570903; 14
1670091094.579965; 570928; 14
1670091094.604965; 570953; 14
1670091094.629965; 570978; 14
1670091094.654965; 571003; 14
1670091094.679965; 571028; 14
1670091094.704979; 571053; 14
1670091094.729967; 571078; 14
1670091094.754965; 571103; 14
1670091094.779965; 571128; 14
1670091094.804965; 571153; 14
1670091094.829965; 571178; 14
1670091094.854965; 571203; 14
1670091094.879965; 571228; 14
1670091094.904965; 571253; 14
1670091094.929965; 571278; 14
1670091094.954965; 571303; 14
1670091094.979965; 571328; 14
1670091095.004966; 571353; 14
1670091095.029972; 571378; 14
1670091095.055018; 571403; 14
1670091095.079972; 571428; 14
1670091095.104972; 571453; 14
1670091095.129965; 571478; 14
1670091095.154965; 571503; 14
1670091095.179965; 571528; 14
1670091095.204965; 571553; 14
1670091095.229965; 571578; 14
1670091095.254965; 571603; 14
1670091095.279966; 571628; 14
1670091095.304965; 571653; 14
1670091095.329966; 571678; 14
1670091095.354965; 571703; 14
1670091095.379965; 571728; 14
1670091095.404965; 571753; 14
1670091095.429965; 571778; 14
1670091095.454965; 571803; 14
1670091095.479965; 571828; 14
1670091095.504965; 571853; 14
1670091095.529965; 571878; 14
1670091095.554965; 571903; 14
1670091095.579965; 571928; 14
1670091095.604965; 571953; 14
1670091095.629965; 571978; 14
1670091095.654965; 572003; 14
1670091095.679971; 572028; 14
1670091095.704965; 572053; 14
1670091095.729971; 572078; 14
1670091095.754971; 572103; 14
1670091095.779971; 572128; 14
1670091095.804971; 572153; 14
1670091095.829971; 572178; 14
1670091095.854971; 572203; 14
1670091095.879965; 572228; 14
1670091095.904965; 572253; 14
1670091095.929965; 572278; 14
1670091095.954965; 572303; 14
1670091095.979966; 572328; 14
1670091096.004965; 572353; 14
1670091096.029972; 572378; 14
1670091096.054972; 572403; 14
1670091096.079973; 572428; 14
1670091096.104972; 572453; 14
1670091096.129970; 572478; 14
1670091096.154971; 572503; 14
1670091096.179971; 572528; 14
1670091096.204965; 572553; 14
1670091096.229965; 572578; 14
1670091096.254965; 572603; 14
1670091096.279971; 572628; 14
1670091096.304965; 572653; 14
1670091096.329965; 572678; 14
1670091096.354965; 572703; 14
1670091096.379965; 572728; 14
1670091096.404965; 572753; 14
1670091096.429965; 572778; 14
1670091096.454965; 572803; 14
1670091096.479965; 572828; 14
1670091096.504971; 572853; 14
1670091096.529971; 572878; 14
1670091096.554965; 572903; 14
1670091096.579965; 572928; 14
1670091096.604965; 572953; 14
1670091096.629965; 572978; 14
1670091096.654965; 573003; 14
1670091096.679965; 573028; 14
1670091096.704965; 573053; 14
1670091096.729965; 573078; 14
1670091096.754965; 573103; 14
1670091096.779965; 573128; 14
1670091096.804965; 573153; 14
1670091096.829965; 573178; 14
1670091096.854965; 573203; 14
1670091096.879965; 573228; 14
1670091096.904971; 573253; 14
1670091096.929971; 573278; 14
1670091096.954965; 573303; 14
1670091096.979965; 573328; 14
1670091097.004965; 573353; 14
1670091097.029972; 573378; 14
1670091097.054972; 573403; 14
1670091097.079972; 573428; 14
1670091097.104966; 573453; 14
1670091097.129965; 573478; 14
1670091097.154965; 573503; 14
1670091097.179965; 573528; 14
1670091097.204971; 573553; 14
1670091097.229970; 573578; 14
1670091097.254970; 573603; 14
1670091097.279971; 573628; 14
1670091097.304965; 573653; 14
1670091097.329971; 573678; 14
1670091097.354968; 573703; 14
1670091097.379971; 573728; 14
1670091097.404971; 573753; 14
1670091097.429971; 573778; 14
1670091097.454970; 573803; 14
1670091097.479971; 573828; 14
1670091097.504971; 573853; 14
1670091097.529965; 573878; 14
1670091097.554965; 573903; 14
1670091097.579965; 573928; 14
1670091097.604965; 573953; 14
1670091097.629965; 573978; 14
1670091097.654965; 574003; 14
1670091097.679965; 574028; 14
1670091097.704965; 574053; 14
1670091097.729965; 574078; 14
1670091097.754965; 574103; 14
1670091097.779971; 574128; 14
1670091097.804971; 574153; 14
1670091097.829971; 574178; 14
1670091097.854971; 574203; 14
1670091097.879971; 574228; 14
1670091097.904971; 574253; 14
1670091097.929971; 574278; 14
1670091097.954971; 574303; 14
1670091097.979971; 574328; 14
1670091098.004979; 574353; 14
1670091098.029973; 574378; 14
1670091098.054972; 574403; 14
1670091098.079972; 574428; 14
1670091098.104972; 574453; 14
1670091098.129968; 574478; 14
1670091098.154970; 574503; 14
1670091098.179981; 574528; 14
1670091098.204965; 574553; 14
1670091098.229965; 574578; 14
1670091098.254966; 574603; 14
1670091098.279965; 574628; 14
1670091098.304965; 574653; 14
1670091098.329965; 574678; 14
1670091098.354965; 574703; 14
1670091098.379965; 574728; 14
1670091098.404965; 574753; 14
1670091098.429973; 574778; 14
1670091098.454965; 574803; 14
1670091098.479965; 574828; 14
1670091098.504965; 574853; 14
1670091098.529965; 574878; 14
1670091098.554971; 574903; 14
1670091098.579971; 574928; 14
1670091098.604971; 574953; 14
1670091098.629971; 574978; 14
1670091098.654971; 575003; 14
1670091098.679971; 575028; 14
1670091098.704965; 575053; 14
1670091098.729965; 575078; 14
1670091098.754965; 575103; 14
1670091098.779965; 575128; 14
1670091098.804965; 575153; 14
1670091098.829966; 575178; 14
1670091098.854966; 575203; 14
1670091098.879965; 575228; 14
1670091098.904965; 575253; 14
1670091098.929965; 575278; 14
1670091098.954970; 575303; 14
1670091098.979971; 575328; 14
1670091099.004971; 575353; 14
1670091099.029966; 575378; 14
1670091099.054966; 575403; 14
1670091099.079966; 575428; 14
1670091099.104966; 575453; 14
1670091099.129965; 575478; 14
1670091099.154965; 575503; 14
1670091099.179965; 575528; 14
1670091099.204971; 575553; 14
1670091099.229971; 575578; 14
1670091099.254971; 575603; 14
1670091099.279971; 575628; 14
1670091099.304971; 575653; 14
1670091099.329971; 575678; 14
1670091099.354983; 575703; 14
1670091099.379971; 575728; 14
1670091099.404971; 575753; 14
1670091099.429971; 575778; 14
1670091099.454971; 575803; 14
1670091099.479971; 575828; 14
1670091099.504971; 575853; 14
1670091099.529971; 575878; 14
1670091099.554991; 575903; 14
1670091099.579965; 575928; 14
1670091099.604965; 575953; 14
1670091099.629965; 575978; 14
1670091099.654965; 576003; 14
1670091099.679965; 576028; 14
1670091099.704971; 576053; 14
1670091099.729971; 576078; 14
1670091099.754971; 576103; 14
1670091099.779971; 576128; 14
1670091099.804971; 576153; 14
1670091099.829971; 576178; 14
1670091099.854971; 576203; 14
1670091099.879971; 576228; 14
1670091099.904971; 576253; 14
1670091099.929971; 576278; 14
1670091099.954971; 576303; 14
1670091099.979965; 576328; 14
1670091100.004965; 576353; 14
1670091100.029967; 576378; 14
1670091100.054967; 576403; 14
1670091100.079966; 576428; 14
1670091100.104966; 576453; 14
1670091100.129965; 576478; 14
1670091100.154965; 576503; 14
1670091100.179971; 576528; 14
1670091100.204965; 576553; 14
1670091100.229965; 576578; 14
1670091100.254965; 576603; 14
1670091100.279965; 576628; 14
1670091100.304965; 576653; 14
1670091100.329965; 576678; 14
1670091100.354965; 576703; 14
1670091100.379987; 576728; 14
1670091100.404971; 576753; 14
1670091100.429965; 576778; 14
1670091100.454965; 576803; 14
1670091100.479965; 576828; 14
1670091100.504965; 576853; 14
1670091100.529965; 576878; 14
1670091100.554965; 576903; 14
1670091100.579966; 576928; 14
1670091100.604971; 576953; 14
1670091100.629971; 576978; 14
1670091100.654970; 577003; 14
1670091100.679971; 577028; 14
1670091100.704965; 577053; 14
1670091100.729965; 577078; 14
1670091100.754965; 577103; 14
1670091100.779965; 577128; 14
1670091100.804965; 577153; 14
1670091100.829965; 577178; 14
1670091100.854971; 577203; 14
1670091100.879971; 577228; 14
1670091100.904970; 577253; 14
1670091100.929971; 577278; 14
1670091100.954971; 577303; 14
1670091100.979971; 577328; 14
1670091101.004971; 577353; 14
1670091101.029966; 577378; 14
1670091101.054966; 577403; 14
1670091101.079966; 577428; 14
1670091101.104967; 577453; 14
1670091101.129965; 577478; 14
1670091101.154965; 577503; 14
1670091101.179965; 577528; 14
1670091101.204965; 577553; 14
1670091101.229965; 577578; 14
1670091101.254971; 577603; 14
1670091101.279970; 577628; 14
1670091101.304970; 577653; 14
1670091101.329979; 577678; 14
1670091101.354966; 577703; 14
1670091101.379965; 577728; 14
1670091101.404966; 577753; 14
1670091101.429965; 577778; 14
1670091101.454966; 577803; 14
1670091101.479965; 577828; 14
1670091101.504965; 577853; 14
1670091101.529965; 577878; 14
1670091101.554965; 577903; 14
1670091101.579965; 577928; 14
1670091101.604965; 577953; 14
1670091101.629971; 577978; 14
1670091101.654971; 578003; 14
1670091101.679965; 578028; 14
1670091101.704965; 578053; 14
1670091101.729965; 578078; 14
1670091101.754965; 578103; 14
1670091101.779965; 578128; 14
1670091101.804965; 578153; 14
1670091101.829971; 578178; 14
1670091101.854970; 578203; 14
1670091101.879971; 578228; 14
1670091101.904971; 578253; 14
1670091101.929971; 578278; 14
1670091101.954970; 578303; 14
1670091101.979971; 578328; 14
1670091102.004971; 578353; 14
1670091102.029972; 578378; 14
1670091102.054972; 578403; 14
1670091102.079972; 578428; 14
1670091102.104972; 578453; 14
1670091102.129965; 578478; 14
1670091102.154965; 578503; 14
1670091102.179965; 578528; 14
1670091102.204970; 578553; 14
1670091102.229970; 578578; 14
1670091102.254970; 578603; 14
1670091102.279971; 578628; 14
1670091102.304971; 578653; 14
1670091102.329970; 578678; 14
1670091102.354971; 578703; 14
1670091102.379971; 578728; 14
1670091102.404970; 578753; 14
1670091102.429965; 578778; 14
1670091102.454965; 578803; 14
1670091102.479971; 578828; 14
1670091102.504971; 578853; 14
1670091102.529971; 578878; 14
1670091102.554971; 578903; 14
1670091102.579971; 578928; 14
1670091102.604970; 578953; 14
1670091102.629970; 578978; 14
1670091102.654965; 579003; 14
1670091102.679965; 579028; 14
1670091102.704971; 579053; 14
1670091102.729971; 579078; 14
1670091102.754970; 579103; 14
1670091102.779971; 579128; 14
1670091102.804971; 579153; 14
1670091102.829971; 579178; 14
1670091102.854965; 579203; 14
1670091102.879965; 579228; 14
1670091102.904965; 579253; 14
1670091102.929965; 579278; 14
1670091102.954965; 579303; 14
1670091102.979965; 579328; 14
1670091103.004965; 579353; 14
1670091103.029972; 579378; 14
1670091103.054972; 579403; 14
1670091103.079972; 579428; 14
1670091103.104972; 579453; 14
1670091103.129965; 579478; 14
1670091103.154965; 579503; 14
1670091103.179965; 579528; 14
1670091103.204970; 579553; 14
1670091103.229971; 579578; 14
1670091103.254970; 579603; 14
1670091103.279971; 579628; 14
1670091103.304970; 579653; 14
1670091103.329971; 579678; 14
1670091103.354971; 579703; 14
1670091103.379971; 579728; 14
1670091103.404971; 579753; 14
1670091103.429970; 579778; 14
1670091103.454965; 579803; 14
1670091103.479965; 579828; 14
1670091103.504965; 579853; 14
1670091103.529965; 579878; 14
1670091103.554965; 579903; 14
1670091103.579965; 579928; 14
1670091103.604965; 579953; 14
1670091103.629965; 579978; 14
1670091103.654965; 580003; 14
1670091103.679971; 580028; 14
1670091103.704966; 580053; 14
1670091103.729965; 580078; 14
1670091103.754965; 580103; 14
1670091103.779965; 580128; 14
1670091103.804965; 580153; 14
1670091103.829965; 580178; 14
1670091103.854965; 580203; 14
1670091103.879965; 580228; 14
1670091103.904965; 580253; 14
1670091103.929965; 580278; 14
1670091103.954965; 580303; 14
1670091103.979965; 580328; 14
1670091104.004965; 580353; 14
1670091104.029972; 580378; 14
1670091104.054972; 580403; 14
1670091104.079972; 580428; 14
1670091104.104972; 580453; 14
1670091104.129971; 580478; 14
1670091104.154971; 580503; 14
1670091104.179971; 580528; 14
1670091104.204965; 580553; 14
1670091104.229965; 580578; 14
1670091104.254965; 580603; 14
1670091104.279971; 580628; 14
1670091104.304971; 580653; 14
1670091104.329971; 580678; 14
1670091104.354970; 580703; 14
1670091104.379971; 580728; 14
1670091104.404971; 580753; 14
1670091104.429971; 580778; 14
1670091104.454971; 580803; 14
1670091104.479965; 580828; 14
1670091104.504965; 580853; 14
1670091104.529971; 580878; 14
1670091104.554971; 580903; 14
1670091104.579970; 580928; 14
1670091104.604971; 580953; 14
1670091104.629979; 580978; 14
1670091104.654966; 581003; 14
1670091104.679997; 581028; 14
1670091104.704965; 581053; 14
1670091104.729965; 581078; 14
1670091104.754965; 581103; 14
1670091104.779965; 581128; 14
1670091104.804965; 581153; 14
1670091104.829965; 581178; 14
1670091104.854965; 581203; 14
1670091104.879987; 581228; 14
1670091104.904971; 581253; 14
1670091104.929971; 581278; 14
1670091104.954971; 581303; 14
1670091104.979971; 581328; 14
1670091105.004970; 581353; 14
1670091105.029966; 581378; 14
1670091105.054966; 581403; 14
1670091105.079966; 581428; 14
1670091105.104966; 581453; 14
1670091105.129965; 581478; 14
1670091105.154965; 581503; 14
1670091105.179965; 581528; 14
1670091105.204971; 581553; 14
1670091105.229970; 581578; 14
1670091105.254970; 581603; 14
1670091105.279971; 581628; 14
1670091105.304970; 581653; 14
1670091105.329970; 581678; 14
1670091105.354965; 581703; 14
1670091105.379965; 581728; 14
1670091105.404965; 581753; 14
1670091105.429965; 581778; 14
1670091105.454965; 581803; 14
1670091105.479965; 581828; 14
1670091105.504971; 581853; 14
1670091105.529970; 581878; 14
1670091105.554970; 581903; 14
1670091105.579970; 581928; 14
1670091105.604971; 581953; 14
1670091105.629970; 581978; 14
1670091105.654971; 582003; 14
1670091105.679971; 582028; 14
1670091105.704988; 582053; 14
1670091105.729971; 582078; 14
1670091105.754970; 582103; 14
1670091105.779970; 582128; 14
1670091105.804970; 582153; 14
1670091105.829970; 582178; 14
1670091105.854970; 582203; 14
1670091105.879970; 582228; 14
1670091105.904965; 582253; 14
1670091105.929971; 582278; 14
1670091105.954971; 582303; 14
1670091105.979971; 582328; 14
1670091106.004970; 582353; 14
1670091106.029966; 582378; 14
1670091106.054966; 582403; 14
1670091106.079966; 582428; 14
1670091106.104966; 582453; 14
1670091106.129965; 582478; 14
1670091106.154965; 582503; 14
1670091106.179971; 582528; 14
1670091106.204965; 582553; 14
1670091106.229965; 582578; 14
1670091106.254965; 582603; 14
1670091106.279965; 582628; 14
1670091106.304965; 582653; 14
1670091106.329965; 582678; 14
1670091106.354965; 582703; 14
1670091106.379965; 582728; 14
1670091106.404965; 582753; 14
1670091106.429965; 582778; 14
1670091106.454965; 582803; 14
1670091106.479965; 582828; 14
1670091106.504965; 582853; 14
1670091106.529970; 582878; 14
1670091106.554970; 582903; 14
1670091106.579965; 582928; 14
1670091106.604965; 582953; 14
1670091106.629965; 582978; 14
1670091106.654965; 583003; 14
1670091106.679965; 583028; 14
1670091106.704971; 583053; 14
1670091106.729971; 583078; 14
1670091106.754965; 583103; 14
1670091106.779965; 583128; 14
1670091106.804965; 583153; 14
1670091106.829965; 583178; 14
1670091106.854965; 583203; 14
1670091106.879965; 583228; 14
1670091106.904965; 583253; 14
1670091106.929970; 583278; 14
1670091106.954965; 583303; 14
1670091106.979979; 583328; 14
1670091107.004970; 583353; 14
1670091107.029966; 583378; 14
1670091107.054966; 583403; 14
1670091107.079967; 583428; 14
1670091107.104967; 583453; 14
1670091107.129971; 583478; 14
1670091107.154971; 583503; 14
1670091107.179970; 583528; 14
1670091107.204965; 583553; 14
1670091107.229965; 583578; 14
1670091107.254965; 583603; 14
1670091107.279965; 583628; 14
1670091107.304965; 583653; 14
1670091107.329965; 583678; 14
1670091107.354965; 583703; 14
1670091107.379965; 583728; 14
1670091107.404971; 583753; 14
1670091107.429970; 583778; 14
1670091107.454970; 583803; 14
1670091107.479970; 583828; 14
1670091107.504970; 583853; 14
1670091107.529970; 583878; 14
1670091107.554970; 583903; 14
1670091107.579970; 583928; 14
1670091107.604970; 583953; 14
1670091107.629971; 583978; 14
1670091107.654970; 584003; 14
1670091107.679970; 584028; 14
1670091107.704965; 584053; 14
1670091107.729965; 584078; 14
1670091107.754965; 584103; 14
1670091107.779965; 584128; 14
1670091107.804965; 584153; 14
1670091107.829965; 584178; 14
1670091107.854965; 584203; 14
1670091107.879965; 584228; 14
1670091107.904965; 584253; 14
1670091107.929979; 584278; 14
1670091107.954971; 584303; 14
1670091107.979970; 584328; 14
1670091108.004970; 584353; 14
1670091108.029966; 584378; 14
1670091108.054967; 584403; 14
1670091108.079966; 584428; 14
1670091108.104966; 584453; 14
1670091108.129965; 584478; 14
1670091108.154965; 584503; 14
1670091108.179971; 584528; 14
1670091108.204965; 584553; 14
1670091108.229971; 584578; 14
1670091108.254970; 584603; 14
1670091108.279970; 584628; 14
1670091108.304970; 584653; 14
1670091108.329971; 584678; 14
1670091108.354970; 584703; 14
1670091108.379965; 584728; 14
1670091108.404965; 584753; 14
1670091108.429965; 584778; 14
1670091108.454965; 584803; 14
1670091108.479965; 584828; 14
1670091108.504965; 584853; 14
1670091108.529965; 584878; 14
1670091108.554965; 584903; 14
1670091108.579965; 584928; 14
1670091108.604965; 584953; 14
1670091108.629965; 584978; 14
1670091108.654965; 585003; 14
1670091108.679965; 585028; 14
1670091108.704971; 585053; 14
1670091108.729971; 585078; 14
1670091108.754970; 585103; 14
1670091108.779971; 585128; 14
1670091108.804970; 585153; 14
1670091108.829970; 585178; 14
1670091108.854970; 585203; 14
1670091108.879970; 585228; 14
1670091108.904971; 585253; 14
1670091108.929970; 585278; 14
1670091108.954970; 585303; 14
1670091108.979970; 585328; 14
1670091109.004965; 585353; 14
1670091109.029972; 585378; 14
1670091109.054972; 585403; 14
1670091109.079972; 585428; 15
1670091109.104972; 585453; 15
1670091109.129965; 585478; 15
1670091109.154965; 585503; 15
1670091109.179965; 585528; 15
1670091109.204970; 585553; 15
1670091109.229970; 585578; 15
1670091109.254970; 585603; 15
1670091109.279970; 585628; 14
1670091109.304971; 585653; 14
1670091109.329971; 585678; 14
1670091109.354970; 585703; 14
1670091109.379970; 585728; 14
1670091109.404965; 585753; 14
1670091109.429965; 585778; 14
1670091109.454965; 585803; 14
1670091109.479965; 585828; 15
1670091109.504965; 585853; 15
1670091109.529965; 585878; 15
1670091109.554965; 585903; 15
1670091109.579965; 585928; 15
1670091109.604965; 585953; 15
1670091109.629965; 585978; 15
1670091109.654965; 586003; 15
1670091109.679965; 586028; 14
1670091109.704965; 586053; 14
1670091109.729965; 586078; 14
1670091109.754965; 586103; 14
1670091109.779965; 586128; 14
1670091109.804965; 586153; 14
1670091109.829965; 586178; 14
1670091109.854965; 586203; 14
1670091109.879965; 586228; 15
1670091109.904965; 586253; 15
1670091109.929965; 586278; 15
1670091109.954965; 586303; 15
1670091109.979965; 586328; 15
1670091110.004967; 586353; 15
1670091110.029966; 586378; 15
1670091110.054966; 586403; 15
1670091110.079966; 586428; 15
1670091110.104966; 586453; 15
1670091110.129965; 586478; 15
1670091110.154965; 586503; 15
1670091110.179965; 586528; 15
1670091110.204993; 586553; 14
1670091110.229965; 586578; 14
1670091110.254965; 586603; 14
1670091110.279965; 586628; 14
1670091110.304965; 586653; 14
1670091110.329965; 586678; 14
1670091110.354965; 586703; 14
1670091110.379965; 586728; 14
1670091110.404965; 586753; 15
1670091110.429970; 586778; 15
1670091110.454970; 586803; 15
1670091110.479970; 586828; 15
1670091110.504970; 586853; 15
1670091110.529971; 586878; 15
1670091110.554970; 586903; 15
1670091110.579970; 586928; 15
1670091110.604970; 586953; 14
1670091110.629970; 586978; 14
1670091110.654970; 587003; 14
1670091110.679970; 587028; 14
1670091110.704965; 587053; 14
1670091110.729965; 587078; 14
1670091110.754965; 587103; 14
1670091110.779965; 587128; 14
1670091110.804965; 587153; 15
1670091110.829965; 587178; 15
1670091110.854965; 587203; 15
1670091110.879971; 587228; 15
1670091110.904970; 587253; 15
1670091110.929970; 587278; 15
1670091110.954970; 587303; 15
1670091110.979970; 587328; 15
1670091111.004970; 587353; 15
1670091111.029974; 587378; 15
1670091111.054972; 587403; 15
1670091111.079972; 587428; 15
1670091111.104972; 587453; 14
1670091111.129965; 587478; 14
1670091111.154965; 587503; 14
1670091111.179965; 587528; 14
1670091111.204970; 587553; 14
1670091111.229975; 587578; 14
1670091111.254972; 587603; 14
1670091111.279965; 587628; 14
1670091111.304965; 587653; 14
1670091111.329965; 587678; 15
1670091111.354965; 587703; 15
1670091111.379965; 587728; 15
1670091111.404965; 587753; 15
1670091111.429965; 587778; 15
1670091111.454965; 587803; 15
1670091111.479965; 587828; 15
1670091111.504965; 587853; 15
1670091111.529965; 587878; 15
1670091111.554965; 587903; 15
1670091111.579965; 587928; 15
1670091111.604965; 587953; 15
1670091111.629965; 587978; 14
1670091111.654971; 588003; 14
1670091111.679970; 588028; 14
1670091111.704965; 588053; 14
1670091111.729965; 588078; 15
1670091111.754965; 588103; 15
1670091111.779965; 588128; 15
1670091111.804965; 588153; 15
1670091111.829965; 588178; 15
1670091111.854965; 588203; 15
1670091111.879965; 588228; 15
1670091111.904965; 588253; 15
1670091111.929965; 588278; 15
1670091111.954965; 588303; 15
1670091111.979965; 588328; 15
1670091112.004965; 588353; 15
1670091112.029972; 588378; 14
1670091112.054972; 588403; 14
1670091112.079972; 588428; 14
1670091112.104966; 588453; 14
1670091112.129965; 588478; 15
1670091112.154965; 588503; 15
1670091112.179965; 588528; 15
1670091112.204965; 588553; 15
1670091112.229965; 588578; 16
1670091112.254965; 588603; 16
1670091112.279970; 588628; 16
1670091112.304970; 588653; 16
1670091112.329970; 588678; 16
1670091112.354970; 588703; 16
1670091112.379970; 588728; 16
1670091112.404971; 588753; 16
1670091112.429970; 588778; 16
1670091112.454970; 588803; 16
1670091112.479970; 588828; 16
1670091112.504971; 588853; 16
1670091112.529971; 588878; 16
1670091112.554970; 588903; 15
1670091112.579970; 588928; 15
1670091112.604970; 588953; 15
1670091112.629970; 588978; 15
1670091112.654970; 589003; 15
1670091112.679970; 589028; 15
1670091112.704965; 589053; 15
1670091112.729965; 589078; 15
1670091112.754965; 589103; 15
1670091112.779965; 589128; 15
1670091112.804965; 589153; 15
1670091112.829965; 589178; 15
1670091112.854965; 589203; 15
1670091112.879965; 589228; 15
1670091112.904965; 589253; 15
1670091112.929970; 589278; 15
1670091112.954970; 589303; 15
1670091112.979970; 589328; 15
1670091113.004970; 589353; 15
1670091113.029966; 589378; 15
1670091113.054966; 589403; 15
1670091113.079972; 589428; 15
1670091113.104972; 589453; 15
1670091113.129965; 589478; 15
1670091113.154965; 589503; 15
1670091113.179965; 589528; 15
1670091113.204971; 589553; 15
1670091113.229970; 589578; 15
1670091113.254970; 589603; 15
1670091113.279970; 589628; 15
1670091113.304970; 589653; 15
1670091113.329965; 589678; 15
1670091113.354965; 589703; 15
1670091113.379965; 589728; 15
1670091113.404965; 589753; 15
1670091113.429965; 589778; 15
1670091113.454965; 589803; 15
1670091113.479965; 589828; 15
1670091113.504970; 589853; 15
1670091113.529970; 589878; 15
1670091113.554970; 589903; 15
1670091113.579970; 589928; 15
1670091113.604970; 589953; 15
1670091113.629970; 589978; 15
1670091113.654970; 590003; 15
1670091113.679970; 590028; 15
1670091113.704966; 590053; 15
1670091113.729966; 590078; 15
1670091113.754970; 590103; 15
1670091113.779970; 590128; 15
1670091113.804970; 590153; 15
1670091113.829970; 590178; 15
1670091113.854970; 590203; 15
1670091113.879970; 590228; 14
1670091113.904971; 590253; 14
1670091113.929971; 590278; 14
1670091113.954971; 590303; 14
1670091113.979971; 590328; 15
1670091114.004970; 590353; 15
1670091114.029966; 590378; 15
1670091114.054966; 590403; 15
1670091114.079966; 590428; 15
1670091114.104966; 590453; 15
1670091114.129965; 590478; 15
1670091114.154971; 590503; 15
1670091114.179970; 590528; 15
1670091114.204965; 590553; 15
1670091114.229965; 590578; 15
1670091114.254965; 590603; 15
1670091114.279965; 590628; 14
1670091114.304965; 590653; 14
1670091114.329965; 590678; 14
1670091114.354965; 590703; 14
1670091114.379965; 590728; 14
1670091114.404965; 590753; 14
1670091114.429965; 590778; 14
1670091114.454965; 590803; 14
1670091114.479965; 590828; 14
1670091114.504965; 590853; 14
1670091114.529979; 590878; 14
1670091114.554966; 590903; 14
1670091114.579965; 590928; 14
1670091114.604965; 590953; 14
1670091114.629965; 590978; 14
1670091114.654965; 591003; 14
1670091114.679965; 591028; 14
1670091114.704965; 591053; 14
1670091114.729965; 591078; 14
1670091114.754965; 591103; 14
1670091114.779965; 591128; 14
1670091114.804965; 591153; 14
1670091114.829965; 591178; 14
1670091114.854965; 591203; 14
1670091114.879965; 591228; 14
1670091114.904965; 591253; 14
1670091114.929965; 591278; 14
1670091114.954965; 591303; 14
1670091114.979965; 591328; 14
1670091115.004965; 591353; 14
1670091115.029972; 591378; 14
1670091115.054972; 591403; 14
1670091115.079972; 591428; 14
1670091115.104972; 591453; 14
1670091115.129970; 591478; 14
1670091115.154970; 591503; 14
1670091115.179970; 591528; 14
1670091115.204965; 591553; 14
1670091115.229965; 591578; 14
1670091115.254965; 591603; 14
1670091115.279965; 591628; 14
1670091115.304965; 591653; 14
1670091115.329965; 591678; 14
1670091115.354965; 591703; 14
1670091115.379965; 591728; 14
1670091115.404965; 591753; 14
1670091115.429965; 591778; 14
1670091115.454965; 591803; 14
1670091115.479965; 591828; 14
1670091115.504965; 591853; 14
1670091115.529997; 591878; 14
1670091115.554971; 591903; 14
1670091115.579970; 591928; 14
1670091115.604970; 591953; 14
1670091115.629970; 591978; 14
1670091115.654970; 592003; 14
1670091115.679970; 592028; 14
1670091115.704965; 592053; 14
1670091115.729965; 592078; 14
1670091115.754965; 592103; 14
1670091115.779965; 592128; 14
1670091115.804970; 592153; 14
1670091115.829970; 592178; 14
1670091115.854970; 592203; 14
1670091115.879970; 592228; 14
1670091115.904970; 592253; 14
1670091115.929970; 592278; 14
1670091115.954965; 592303; 14
1670091115.979965; 592328; 14
1670091116.004965; 592353; 14
1670091116.029972; 592378; 14
1670091116.054972; 592403; 14
1670091116.079972; 592428; 14
1670091116.104972; 592453; 14
1670091116.129965; 592478; 14
1670091116.154970; 592503; 14
1670091116.179970; 592528; 14
1670091116.204965; 592553; 14
1670091116.229965; 592578; 14
1670091116.254965; 592603; 14
1670091116.279965; 592628; 14
1670091116.304965; 592653; 14
1670091116.329965; 592678; 14
1670091116.354984; 592703; 14
1670091116.379965; 592728; 14
1670091116.404965; 592753; 14
1670091116.429965; 592778; 14
1670091116.454965; 592803; 14
1670091116.479965; 592828; 14
1670091116.504965; 592853; 14
1670091116.529965; 592878; 14
1670091116.554973; 592903; 14
1670091116.579965; 592928; 14
1670091116.604974; 592953; 14
1670091116.629965; 592978; 14
1670091116.654965; 593003; 14
1670091116.679965; 593028; 14
1670091116.704970; 593053; 14
1670091116.729970; 593078; 14
1670091116.754970; 593103; 14
1670091116.779965; 593128; 14
1670091116.804965; 593153; 14
1670091116.829965; 593178; 14
1670091116.854965; 593203; 14
1670091116.879965; 593228; 14
1670091116.904965; 593253; 14
1670091116.929965; 593278; 14
1670091116.954965; 593303; 14
1670091116.979965; 593328; 14
1670091117.004965; 593353; 14
1670091117.029971; 593378; 14
1670091117.054972; 593403; 14
1670091117.079972; 593428; 14
1670091117.104972; 593453; 14
1670091117.129965; 593478; 14
1670091117.154965; 593503; 14
1670091117.179965; 593528; 14
1670091117.204965; 593553; 14
1670091117.229965; 593578; 14
1670091117.254965; 593603; 14
1670091117.279965; 593628; 14
1670091117.304965; 593653; 14
1670091117.329965; 593678; 14
1670091117.354965; 593703; 14
1670091117.379965; 593728; 14
1670091117.404965; 593753; 14
1670091117.429965; 593778; 14
1670091117.454965; 593803; 14
1670091117.479965; 593828; 14
1670091117.504965; 593853; 14
1670091117.529965; 593878; 14
1670091117.554965; 593903; 14
1670091117.579971; 593928; 14
1670091117.604965; 593953; 14
1670091117.629965; 593978; 14
1670091117.654965; 594003; 14
1670091117.679965; 594028; 14
1670091117.704965; 594053; 14
1670091117.729965; 594078; 14
1670091117.754965; 594103; 14
1670091117.779965; 594128; 14
1670091117.804970; 594153; 14
1670091117.829979; 594178; 14
1670091117.854972; 594203; 14
1670091117.879965; 594228; 14
1670091117.904965; 594253; 14
1670091117.929965; 594278; 14
1670091117.954965; 594303; 14
1670091117.979965; 594328; 14
1670091118.004971; 594353; 14
1670091118.029967; 594378; 14
1670091118.054966; 594403; 14
1670091118.079966; 594428; 14
1670091118.104967; 594453; 14
1670091118.129965; 594478; 14
1670091118.154965; 594503; 14
1670091118.179965; 594528; 14
1670091118.204965; 594553; 14
1670091118.229965; 594578; 14
1670091118.254965; 594603; 14
1670091118.279965; 594628; 14
1670091118.304965; 594653; 14
1670091118.329965; 594678; 14
1670091118.354965; 594703; 14
1670091118.379965; 594728; 14
1670091118.404970; 594753; 14
1670091118.429970; 594778; 14
1670091118.454970; 594803; 14
1670091118.479971; 594828; 14
1670091118.504970; 594853; 14
1670091118.529970; 594878; 14
1670091118.554970; 594903; 14
1670091118.579970; 594928; 14
1670091118.604965; 594953; 14
1670091118.629970; 594978; 14
1670091118.654965; 595003; 14
1670091118.679965; 595028; 14
1670091118.704965; 595053; 14
1670091118.729965; 595078; 14
1670091118.754965; 595103; 14
1670091118.779965; 595128; 14
1670091118.804965; 595153; 14
1670091118.829970; 595178; 14
1670091118.854970; 595203; 14
1670091118.879970; 595228; 14
1670091118.904970; 595253; 14
1670091118.929970; 595278; 14
1670091118.954971; 595303; 14
1670091118.979970; 595328; 14
1670091119.004970; 595353; 14
1670091119.029967; 595378; 14
1670091119.054967; 595403; 14
1670091119.079972; 595428; 14
1670091119.104972; 595453; 14
1670091119.129965; 595478; 14
1670091119.154965; 595503; 14
1670091119.179965; 595528; 14
1670091119.204970; 595553; 14
1670091119.229965; 595578; 14
1670091119.254965; 595603; 14
1670091119.279965; 595628; 14
1670091119.304965; 595653; 14
1670091119.329965; 595678; 14
1670091119.354965; 595703; 14
1670091119.379965; 595728; 14
1670091119.404965; 595753; 14
1670091119.429970; 595778; 14
1670091119.454970; 595803; 14
1670091119.479970; 595828; 14
1670091119.504970; 595853; 14
1670091119.529970; 595878; 14
1670091119.554970; 595903; 14
1670091119.579970; 595928; 14
1670091119.604970; 595953; 14
1670091119.629965; 595978; 14
1670091119.654970; 596003; 14
1670091119.679970; 596028; 14
1670091119.704965; 596053; 14
1670091119.729965; 596078; 14
1670091119.754965; 596103; 14
1670091119.779965; 596128; 14
1670091119.804965; 596153; 14
1670091119.829965; 596178; 14
1670091119.854970; 596203; 14
1670091119.879970; 596228; 14
1670091119.904971; 596253; 14
1670091119.929970; 596278; 14
1670091119.954970; 596303; 14
1670091119.979970; 596328; 14
1670091120.004970; 596353; 14
1670091120.029966; 596378; 14
1670091120.054971; 596403; 14
1670091120.079972; 596428; 14
1670091120.104967; 596453; 14
1670091120.129965; 596478; 14
1670091120.154965; 596503; 14
1670091120.179965; 596528; 14
1670091120.204971; 596553; 14
1670091120.229970; 596578; 14
1670091120.254965; 596603; 14
1670091120.279965; 596628; 14
1670091120.304965; 596653; 13
1670091120.329965; 596678; 13
1670091120.354965; 596703; 13
1670091120.379965; 596728; 13
1670091120.404965; 596753; 14
1670091120.429965; 596778; 14
1670091120.454971; 596803; 14
1670091120.479971; 596828; 14
1670091120.504970; 596853; 14
1670091120.529970; 596878; 14
1670091120.554970; 596903; 14
1670091120.579970; 596928; 14
1670091120.604970; 596953; 14
1670091120.629970; 596978; 14
1670091120.654989; 597003; 14
1670091120.679970; 597028; 14
1670091120.704970; 597053; 14
1670091120.729970; 597078; 13
1670091120.754970; 597103; 13
1670091120.779970; 597128; 13
1670091120.804970; 597153; 13
1670091120.829970; 597178; 14
1670091120.855005; 597203; 14
1670091120.879965; 597228; 14
1670091120.904965; 597253; 14
1670091120.929965; 597278; 14
1670091120.954965; 597303; 14
1670091120.979965; 597328; 14
1670091121.004965; 597353; 14
1670091121.029972; 597378; 14
1670091121.054972; 597403; 14
1670091121.079972; 597428; 14
1670091121.104972; 597453; 14
1670091121.129979; 597478; 14
1670091121.154966; 597503; 14
1670091121.179965; 597528; 14
1670091121.204971; 597553; 14
1670091121.229970; 597578; 13
1670091121.254970; 597603; 13
1670091121.279965; 597628; 13
1670091121.304965; 597653; 13
1670091121.329965; 597678; 14
1670091121.354965; 597703; 14
1670091121.379965; 597728; 14
1670091121.404965; 597753; 14
1670091121.429965; 597778; 14
1670091121.454965; 597803; 14
1670091121.479965; 597828; 14
1670091121.504965; 597853; 14
1670091121.529965; 597878; 14
1670091121.554965; 597903; 14
1670091121.579965; 597928; 14
1670091121.604965; 597953; 14
1670091121.629965; 597978; 13
1670091121.654965; 598003; 13
1670091121.679967; 598028; 13
1670091121.704971; 598053; 13
1670091121.729970; 598078; 14
1670091121.754970; 598103; 14
1670091121.779970; 598128; 14
1670091121.804970; 598153; 14
1670091121.829970; 598178; 14
1670091121.854970; 598203; 14
1670091121.879969; 598228; 14
1670091121.904965; 598253; 14
1670091121.929964; 598278; 14
1670091121.954965; 598303; 14
1670091121.979965; 598328; 14
1670091122.004965; 598353; 14
1670091122.029972; 598378; 14
1670091122.054972; 598403; 14
1670091122.079972; 598428; 14
1670091122.104967; 598453; 14
1670091122.129970; 598478; 14
1670091122.154970; 598503; 13
1670091122.179970; 598528; 13
1670091122.204965; 598553; 13
1670091122.229965; 598578; 13
1670091122.254965; 598603; 14
1670091122.279965; 598628; 14
1670091122.304970; 598653; 14
1670091122.329970; 598678; 14
1670091122.354965; 598703; 14
1670091122.379965; 598728; 14
1670091122.404965; 598753; 14
1670091122.429965; 598778; 14
1670091122.454965; 598803; 14
1670091122.479965; 598828; 14
1670091122.504970; 598853; 14
1670091122.529970; 598878; 14
1670091122.554970; 598903; 13
1670091122.579970; 598928; 13
1670091122.604970; 598953; 13
1670091122.629970; 598978; 13
1670091122.654970; 599003; 13
1670091122.679970; 599028; 13
1670091122.704970; 599053; 13
1670091122.729970; 599078; 13
1670091122.754965; 599103; 14
1670091122.779965; 599128; 14
1670091122.804965; 599153; 14
1670091122.829965; 599178; 14
1670091122.854965; 599203; 14
1670091122.879965; 599228; 14
1670091122.904965; 599253; 14
1670091122.929965; 599278; 14
1670091122.954965; 599303; 14
1670091122.979965; 599328; 14
1670091123.004965; 599353; 14
1670091123.029972; 599378; 14
1670091123.054972; 599403; 14
1670091123.079972; 599428; 14
1670091123.104972; 599453; 14
1670091123.129965; 599478; 14
1670091123.154965; 599503; 14
1670091123.179965; 599528; 14
1670091123.204970; 599553; 14
1670091123.229970; 599578; 14
1670091123.254970; 599603; 14
1670091123.279970; 599628; 14
1670091123.304970; 599653; 14
1670091123.329965; 599678; 14
1670091123.354965; 599703; 14
1670091123.379965; 599728; 14
1670091123.404965; 599753; 14
1670091123.429965; 599778; 14
1670091123.454965; 599803; 14
1670091123.479965; 599828; 13
1670091123.504965; 599853; 13
1670091123.529970; 599878; 13
1670091123.554970; 599903; 13
1670091123.579971; 599928; 13
1670091123.604970; 599953; 13
1670091123.629970; 599978; 13
1670091123.654970; 600003; 13
1670091123.679970; 600028; 14
1670091123.704965; 600053; 14
1670091123.729970; 600078; 14
1670091123.754970; 600103; 14
1670091123.779970; 600128; 14
1670091123.804970; 600153; 14
1670091123.829970; 600178; 14
1670091123.854970; 600203; 14
1670091123.879970; 600228; 14
1670091123.904970; 600253; 14
1670091123.929970; 600278; 14
1670091123.954965; 600303; 14
1670091123.979965; 600328; 13
1670091124.004965; 600353; 13
1670091124.029972; 600378; 13
1670091124.054972; 600403; 13
1670091124.079972; 600428; 13
1670091124.104972; 600453; 14
1670091124.129965; 600478; 14
1670091124.154970; 600503; 14
1670091124.179970; 600528; 14
1670091124.204965; 600553; 14
1670091124.229965; 600578; 14
1670091124.254971; 600603; 14
1670091124.279970; 600628; 14
1670091124.304970; 600653; 14
1670091124.329970; 600678; 14
1670091124.354970; 600703; 14
1670091124.379970; 600728; 14
1670091124.404971; 600753; 13
1670091124.429979; 600778; 13
1670091124.454966; 600803; 13
1670091124.479965; 600828; 13
1670091124.504965; 600853; 14
1670091124.529965; 600878; 14
1670091124.554971; 600903; 14
1670091124.579970; 600928; 14
1670091124.604971; 600953; 14
1670091124.629970; 600978; 14
1670091124.654971; 601003; 14
1670091124.679970; 601028; 14
1670091124.704965; 601053; 14
1670091124.729965; 601078; 14
1670091124.754965; 601103; 14
1670091124.779965; 601128; 14
1670091124.804965; 601153; 14
1670091124.829965; 601178; 14
1670091124.854965; 601203; 14
1670091124.879965; 601228; 14
1670091124.904965; 601253; 13
1670091124.929965; 601278; 13
1670091124.954970; 601303; 13
1670091124.979970; 601328; 13
1670091125.004970; 601353; 13
1670091125.029966; 601378; 13
1670091125.054966; 601403; 13
1670091125.079966; 601428; 13
1670091125.104966; 601453; 14
1670091125.129965; 601478; 14
1670091125.154969; 601503; 14
1670091125.179970; 601528; 14
1670091125.204970; 601553; 14
1670091125.229970; 601578; 14
1670091125.254970; 601603; 14
1670091125.279970; 601628; 14
1670091125.304970; 601653; 14
1670091125.329970; 601678; 13
1670091125.354970; 601703; 13
1670091125.379970; 601728; 13
1670091125.404970; 601753; 13
1670091125.429970; 601778; 13
1670091125.454970; 601803; 13
1670091125.479970; 601828; 13
1670091125.504970; 601853; 13
1670091125.529970; 601878; 14
1670091125.554970; 601903; 14
1670091125.579965; 601928; 14
1670091125.604965; 601953; 14
1670091125.629965; 601978; 14
1670091125.654965; 602003; 14
1670091125.679965; 602028; 14
1670091125.704971; 602053; 14
1670091125.729971; 602078; 13
1670091125.754971; 602103; 13
1670091125.779970; 602128; 13
1670091125.804970; 602153; 13
1670091125.829970; 602178; 13
1670091125.854970; 602203; 13
1670091125.879971; 602228; 13
1670091125.904970; 602253; 13
1670091125.929970; 602278; 13
1670091125.954970; 602303; 13
1670091125.979970; 602328; 13
1670091126.004970; 602353; 13
1670091126.029966; 602378; 14
1670091126.054966; 602403; 14
1670091126.079966; 602428; 14
1670091126.104966; 602453; 14
1670091126.129965; 602478; 14
1670091126.154965; 602503; 14
1670091126.179966; 602528; 14
1670091126.204965; 602553; 14
1670091126.229965; 602578; 13
1670091126.254965; 602603; 13
1670091126.279965; 602628; 13
1670091126.304965; 602653; 13
1670091126.329965; 602678; 13
1670091126.354965; 602703; 13
1670091126.379965; 602728; 13
1670091126.404970; 602753; 13
1670091126.429970; 602778; 13
1670091126.454970; 602803; 13
1670091126.479970; 602828; 13
1670091126.504970; 602853; 13
1670091126.529970; 602878; 13
1670091126.554970; 602903; 14
1670091126.579970; 602928; 14
1670091126.604965; 602953; 14
1670091126.629965; 602978; 14
1670091126.654965; 603003; 13
1670091126.679965; 603028; 13
1670091126.704971; 603053; 13
1670091126.729971; 603078; 13
1670091126.754971; 603103; 13
1670091126.779971; 603128; 13
1670091126.804970; 603153; 13
1670091126.829970; 603178; 13
1670091126.854970; 603203; 13
1670091126.879970; 603228; 13
1670091126.904971; 603253; 13
1670091126.929971; 603278; 13
1670091126.954971; 603303; 14
1670091126.979970; 603328; 14
1670091127.004965; 603353; 14
1670091127.029972; 603378; 14
1670091127.054972; 603403; 14
1670091127.079972; 603428; 14
1670091127.104972; 603453; 14
1670091127.129965; 603478; 14
1670091127.154971; 603503; 13
1670091127.179970; 603528; 13
1670091127.204973; 603553; 13
1670091127.229965; 603578; 13
1670091127.254965; 603603; 13
1670091127.279965; 603628; 13
1670091127.304965; 603653; 13
1670091127.329965; 603678; 13
1670091127.354965; 603703; 13
1670091127.379965; 603728; 13
1670091127.404965; 603753; 13
1670091127.429971; 603778; 13
1670091127.454971; 603803; 13
1670091127.479971; 603828; 13
1670091127.504971; 603853; 13
1670091127.529971; 603878; 13
1670091127.554971; 603903; 13
1670091127.579971; 603928; 13
1670091127.604971; 603953; 13
1670091127.629970; 603978; 13
1670091127.654970; 604003; 13
1670091127.679970; 604028; 13
1670091127.704965; 604053; 13
1670091127.729965; 604078; 13
1670091127.754979; 604103; 13
1670091127.779966; 604128; 13
1670091127.804965; 604153; 13
1670091127.829970; 604178; 13
1670091127.854970; 604203; 13
1670091127.879971; 604228; 13
1670091127.904971; 604253; 13
1670091127.929970; 604278; 13
1670091127.954970; 604303; 13
1670091127.979970; 604328; 13
1670091128.004970; 604353; 13
1670091128.029966; 604378; 13
1670091128.054966; 604403; 13
1670091128.079966; 604428; 13
1670091128.104967; 604453; 13
1670091128.129971; 604478; 13
1670091128.154971; 604503; 13
1670091128.179970; 604528; 13
1670091128.204970; 604553; 13
1670091128.229965; 604578; 13
1670091128.254965; 604603; 13
1670091128.279965; 604628; 13
1670091128.304965; 604653; 13
1670091128.329965; 604678; 13
1670091128.354965; 604703; 13
1670091128.379965; 604728; 13
1670091128.404965; 604753; 13
1670091128.429965; 604778; 13
1670091128.454965; 604803; 13
1670091128.479965; 604828; 13
1670091128.504965; 604853; 13
1670091128.529965; 604878; 13
1670091128.554965; 604903; 13
1670091128.579965; 604928; 13
1670091128.604965; 604953; 13
1670091128.629965; 604978; 13
1670091128.654971; 605003; 13
1670091128.679971; 605028; 13
1670091128.704971; 605053; 13
1670091128.729971; 605078; 13
1670091128.754971; 605103; 13
1670091128.779971; 605128; 13
1670091128.804971; 605153; 13
1670091128.829971; 605178; 13
1670091128.854970; 605203; 13
1670091128.879970; 605228; 13
1670091128.904971; 605253; 13
1670091128.929971; 605278; 13
1670091128.954970; 605303; 13
1670091128.979971; 605328; 13
1670091129.004967; 605353; 13
1670091129.029966; 605378; 13
1670091129.054966; 605403; 13
1670091129.079966; 605428; 13
1670091129.104967; 605453; 13
1670091129.129971; 605478; 13
1670091129.154970; 605503; 13
1670091129.179970; 605528; 13
1670091129.204971; 605553; 13
1670091129.229970; 605578; 13
1670091129.254971; 605603; 13
1670091129.279971; 605628; 13
1670091129.304971; 605653; 13
1670091129.329970; 605678; 13
1670091129.354970; 605703; 13
1670091129.379971; 605728; 13
1670091129.404971; 605753; 13
1670091129.429971; 605778; 13
1670091129.454970; 605803; 13
1670091129.479965; 605828; 13
1670091129.504965; 605853; 13
1670091129.529965; 605878; 13
1670091129.554965; 605903; 13
1670091129.579965; 605928; 13
1670091129.604965; 605953; 13
1670091129.629965; 605978; 13
1670091129.654965; 606003; 13
1670091129.679971; 606028; 13
1670091129.704965; 606053; 13
1670091129.729965; 606078; 13
1670091129.754965; 606103; 13
1670091129.779965; 606128; 13
1670091129.804965; 606153; 13
1670091129.829965; 606178; 13
1670091129.854966; 606203; 13
1670091129.879971; 606228; 13
1670091129.904971; 606253; 13
1670091129.929971; 606278; 13
1670091129.954971; 606303; 13
1670091129.979971; 606328; 13
1670091130.004971; 606353; 13
1670091130.029967; 606378; 13
1670091130.054967; 606403; 13
1670091130.079966; 606428; 13
1670091130.104966; 606453; 13
1670091130.129965; 606478; 13
1670091130.154965; 606503; 13
1670091130.179965; 606528; 13
1670091130.204970; 606553; 13
1670091130.229970; 606578; 13
1670091130.254970; 606603; 13
1670091130.279970; 606628; 13
1670091130.304970; 606653; 13
1670091130.329970; 606678; 13
1670091130.354970; 606703; 13
1670091130.379972; 606728; 13
1670091130.404965; 606753; 13
1670091130.429965; 606778; 13
1670091130.454965; 606803; 13
1670091130.479985; 606828; 13
1670091130.504971; 606853; 13
1670091130.529971; 606878; 13
1670091130.554971; 606903; 13
1670091130.579971; 606928; 13
1670091130.604971; 606953; 13
1670091130.629970; 606978; 13
1670091130.654965; 607003; 13
1670091130.679965; 607028; 13
1670091130.704965; 607053; 13
1670091130.729965; 607078; 13
1670091130.754965; 607103; 13
1670091130.779965; 607128; 13
1670091130.804965; 607153; 13
1670091130.829965; 607178; 13
1670091130.854965; 607203; 13
1670091130.879965; 607228; 13
1670091130.904970; 607253; 13
1670091130.929971; 607278; 13
1670091130.954971; 607303; 13
1670091130.979971; 607328; 13
1670091131.004971; 607353; 13
1670091131.029967; 607378; 13
1670091131.054980; 607403; 13
1670091131.079973; 607428; 13
1670091131.104966; 607453; 13
1670091131.129965; 607478; 13
1670091131.154965; 607503; 13
1670091131.179965; 607528; 13
1670091131.204965; 607553; 13
1670091131.229965; 607578; 13
1670091131.254965; 607603; 13
1670091131.279965; 607628; 13
1670091131.304971; 607653; 13
1670091131.329970; 607678; 13
1670091131.354971; 607703; 13
1670091131.379971; 607728; 13
1670091131.404971; 607753; 13
1670091131.429970; 607778; 13
1670091131.454971; 607803; 13
1670091131.479971; 607828; 13
1670091131.504978; 607853; 13
1670091131.529971; 607878; 13
1670091131.554971; 607903; 13
1670091131.579971; 607928; 13
1670091131.604971; 607953; 13
1670091131.629965; 607978; 13
1670091131.654965; 608003; 13
1670091131.679965; 608028; 13
1670091131.704965; 608053; 13
1670091131.729965; 608078; 13
1670091131.754965; 608103; 13
1670091131.779965; 608128; 13
1670091131.804965; 608153; 13
1670091131.829965; 608178; 13
1670091131.854965; 608203; 13
1670091131.879965; 608228; 13
1670091131.904965; 608253; 13
1670091131.929965; 608278; 13
1670091131.954965; 608303; 13
1670091131.979965; 608328; 13
1670091132.004965; 608353; 13
1670091132.029972; 608378; 13
1670091132.054972; 608403; 13
1670091132.079972; 608428; 13
1670091132.104972; 608453; 13
1670091132.129965; 608478; 13
1670091132.154965; 608503; 13
1670091132.179965; 608528; 13
1670091132.204965; 608553; 13
1670091132.229971; 608578; 13
1670091132.254971; 608603; 13
1670091132.279971; 608628; 13
1670091132.304971; 608653; 13
1670091132.329970; 608678; 13
1670091132.354970; 608703; 13
1670091132.379970; 608728; 13
1670091132.404970; 608753; 13
1670091132.429970; 608778; 13
1670091132.454970; 608803; 13
1670091132.479971; 608828; 13
1670091132.504971; 608853; 13
1670091132.529972; 608878; 13
1670091132.554965; 608903; 13
1670091132.579965; 608928; 13
1670091132.604965; 608953; 13
1670091132.629965; 608978; 13
1670091132.654965; 609003; 13
1670091132.679965; 609028; 13
1670091132.704971; 609053; 13
1670091132.729971; 609078; 13
1670091132.754965; 609103; 13
1670091132.779965; 609128; 13
1670091132.804965; 609153; 13
1670091132.829965; 609178; 13
1670091132.854971; 609203; 13
1670091132.879971; 609228; 13
1670091132.904971; 609253; 13
1670091132.929971; 609278; 13
1670091132.954971; 609303; 13
1670091132.979971; 609328; 13
1670091133.004970; 609353; 13
1670091133.029967; 609378; 13
1670091133.054967; 609403; 13
1670091133.079966; 609428; 13
1670091133.104972; 609453; 13
1670091133.129965; 609478; 13
1670091133.154965; 609503; 13
1670091133.179965; 609528; 13
1670091133.204971; 609553; 13
1670091133.229971; 609578; 13
1670091133.254970; 609603; 13
1670091133.279971; 609628; 13
1670091133.304971; 609653; 13
1670091133.329970; 609678; 13
1670091133.354965; 609703; 13
1670091133.379966; 609728; 13
1670091133.404965; 609753; 13
1670091133.429965; 609778; 13
1670091133.454965; 609803; 13
1670091133.479965; 609828; 13
1670091133.504965; 609853; 13
1670091133.529965; 609878; 13
1670091133.554965; 609903; 13
1670091133.579965; 609928; 13
1670091133.604974; 609953; 13
1670091133.629965; 609978; 13
1670091133.654965; 610003; 13
1670091133.679965; 610028; 13
1670091133.704965; 610053; 13
1670091133.729965; 610078; 13
1670091133.754971; 610103; 13
1670091133.779971; 610128; 13
1670091133.804971; 610153; 13
1670091133.829970; 610178; 13
1670091133.854970; 610203; 13
1670091133.879971; 610228; 13
1670091133.904971; 610253; 13
1670091133.929971; 610278; 13
1670091133.954971; 610303; 13
1670091133.979965; 610328; 13
1670091134.004965; 610353; 13
1670091134.029972; 610378; 13
1670091134.054972; 610403; 13
1670091134.079972; 610428; 13
1670091134.104972; 610453; 13
1670091134.129970; 610478; 13
1670091134.154970; 610503; 13
1670091134.179970; 610528; 13
1670091134.204965; 610553; 13
1670091134.229965; 610578; 13
1670091134.254965; 610603; 13
1670091134.279966; 610628; 13
1670091134.304965; 610653; 13
1670091134.329965; 610678; 13
1670091134.354974; 610703; 13
1670091134.379966; 610728; 13
1670091134.404965; 610753; 13
1670091134.429965; 610778; 13
1670091134.454965; 610803; 13
1670091134.479965; 610828; 13
1670091134.504965; 610853; 13
1670091134.529965; 610878; 13
1670091134.554965; 610903; 13
1670091134.579970; 610928; 13
1670091134.604971; 610953; 13
1670091134.629973; 610978; 13
1670091134.654965; 611003; 13
1670091134.679965; 611028; 13
1670091134.704965; 611053; 13
1670091134.729965; 611078; 13
