1670089777.263211; 185936; 18
1670089777.287677; 185961; 18
1670089777.312675; 185986; 18
1670089777.337675; 186011; 18
1670089777.362671; 186036; 18
1670089777.387689; 186061; 18
1670089777.412676; 186086; 18
1670089777.437674; 186111; 18
1670089777.462674; 186136; 18
1670089777.487679; 186161; 18
1670089777.512672; 186186; 18
1670089777.537675; 186211; 18
1670089777.562670; 186236; 18
1670089777.587679; 186261; 18
1670089777.612676; 186286; 18
1670089777.637674; 186311; 18
1670089777.662674; 186336; 18
1670089777.687675; 186361; 18
1670089777.712676; 186386; 18
1670089777.737675; 186411; 18
1670089777.762675; 186436; 18
1670089777.918877; 186592; 18
1670089777.943672; 186617; 18
1670089777.968671; 186642; 18
1670089777.993675; 186667; 18
1670089778.018675; 186692; 18
1670089778.043677; 186717; 18
1670089778.068676; 186742; 18
1670089778.093676; 186767; 18
1670089778.118680; 186792; 18
1670089778.143672; 186817; 18
1670089778.168675; 186842; 18
1670089778.193674; 186867; 18
1670089778.218674; 186892; 18
1670089778.243679; 186917; 18
1670089778.268676; 186942; 18
1670089778.293674; 186967; 18
1670089778.318674; 186992; 18
1670089778.343679; 187017; 18
1670089778.368672; 187042; 18
1670089778.393675; 187067; 18
1670089778.418675; 187092; 18
1670089778.443679; 187117; 18
1670089778.468676; 187142; 18
1670089778.493674; 187167; 18
1670089778.518674; 187192; 18
1670089778.543679; 187217; 18
1670089778.568676; 187242; 18
1670089778.593671; 187267; 18
1670089778.618674; 187292; 18
1670089778.643679; 187317; 18
1670089778.668676; 187342; 18
1670089778.693675; 187367; 18
1670089778.718675; 187392; 18
1670089778.743679; 187417; 18
1670089778.768676; 187442; 18
1670089778.793671; 187467; 18
1670089778.818675; 187492; 18
1670089778.843679; 187517; 18
1670089778.868674; 187542; 18
1670089778.893674; 187567; 18
1670089778.918674; 187592; 18
1670089778.943679; 187617; 18
1670089778.968676; 187642; 18
1670089778.993671; 187667; 18
1670089779.018675; 187692; 18
1670089779.043676; 187717; 18
1670089779.068680; 187742; 18
1670089779.093677; 187767; 18
1670089779.118676; 187792; 18
1670089779.143670; 187817; 19
1670089779.168679; 187842; 19
1670089779.193676; 187867; 19
1670089779.218674; 187892; 19
1670089779.243674; 187917; 19
1670089779.268679; 187942; 19
1670089779.293676; 187967; 19
1670089779.318675; 187992; 19
1670089779.343675; 188017; 19
1670089779.368681; 188042; 19
1670089779.393676; 188067; 19
1670089779.418675; 188092; 19
1670089779.443675; 188117; 20
1670089779.468675; 188142; 20
1670089779.493676; 188167; 20
1670089779.518674; 188192; 20
1670089779.543674; 188217; 20
1670089779.568679; 188242; 20
1670089779.593676; 188267; 20
1670089779.618671; 188292; 20
1670089779.643675; 188317; 21
1670089779.668679; 188342; 21
1670089779.693676; 188367; 21
1670089779.718671; 188392; 21
1670089779.743675; 188417; 21
1670089779.768678; 188442; 21
1670089779.793677; 188467; 21
1670089779.818675; 188492; 21
1670089779.843675; 188517; 20
1670089779.868673; 188542; 20
1670089779.893675; 188567; 20
1670089779.918676; 188592; 20
1670089779.943674; 188617; 20
1670089779.968674; 188642; 20
1670089779.993679; 188667; 20
1670089780.018672; 188692; 20
1670089780.043676; 188717; 21
1670089780.068672; 188742; 21
1670089780.093676; 188767; 21
1670089780.118673; 188792; 21
1670089780.143675; 188817; 21
1670089780.168675; 188842; 21
1670089780.193675; 188867; 21
1670089780.218676; 188892; 21
1670089780.243674; 188917; 21
1670089780.268674; 188942; 21
1670089780.293679; 188967; 21
1670089780.318676; 188992; 21
1670089780.343674; 189017; 21
1670089780.368672; 189042; 21
1670089780.393683; 189067; 21
1670089780.418676; 189092; 21
1670089780.443674; 189117; 21
1670089780.468675; 189142; 21
1670089780.493679; 189167; 21
1670089780.518676; 189192; 21
1670089780.543675; 189217; 21
1670089780.568675; 189242; 22
1670089780.593678; 189267; 22
1670089780.618677; 189292; 22
1670089780.643670; 189317; 22
1670089780.668670; 189342; 22
1670089780.693670; 189367; 22
1670089780.718679; 189392; 22
1670089780.743672; 189417; 22
1670089780.768674; 189442; 21
1670089780.793675; 189467; 21
1670089780.818679; 189492; 21
1670089780.843676; 189517; 21
1670089780.868671; 189542; 21
1670089780.893675; 189567; 21
1670089780.918679; 189592; 21
1670089780.943676; 189617; 21
1670089780.968670; 189642; 21
1670089780.993671; 189667; 21
1670089781.018679; 189692; 21
1670089781.043677; 189717; 21
1670089781.068676; 189742; 21
1670089781.093676; 189767; 21
1670089781.118680; 189792; 21
1670089781.143672; 189817; 21
1670089781.168675; 189842; 20
1670089781.193674; 189867; 20
1670089781.218679; 189892; 20
1670089781.243676; 189917; 20
1670089781.268674; 189942; 19
1670089781.293674; 189967; 19
1670089781.318679; 189992; 19
1670089781.343676; 190017; 19
1670089781.368671; 190042; 20
1670089781.393675; 190067; 20
1670089781.418675; 190092; 20
1670089781.443679; 190117; 20
1670089781.468676; 190142; 20
1670089781.493675; 190167; 20
1670089781.518674; 190192; 20
1670089781.543679; 190217; 20
1670089781.568676; 190242; 20
1670089781.593675; 190267; 20
1670089781.618675; 190292; 20
1670089781.643679; 190317; 20
1670089781.668676; 190342; 20
1670089781.693674; 190367; 19
1670089781.718674; 190392; 19
1670089781.743679; 190417; 19
1670089781.768676; 190442; 19
1670089781.793674; 190467; 19
1670089781.818675; 190492; 19
1670089781.843675; 190517; 19
1670089781.868679; 190542; 19
1670089781.893671; 190567; 20
1670089781.918675; 190592; 20
1670089781.943675; 190617; 20
1670089781.968676; 190642; 20
1670089781.993675; 190667; 20
1670089782.018670; 190692; 20
1670089782.043684; 190717; 20
1670089782.068677; 190742; 20
1670089782.093676; 190767; 20
1670089782.118676; 190792; 20
1670089782.143679; 190817; 20
1670089782.168676; 190842; 20
1670089782.193675; 190867; 23
1670089782.218675; 190892; 23
1670089782.243675; 190917; 23
1670089782.268675; 190942; 23
1670089782.293672; 190967; 25
1670089782.318675; 190992; 25
1670089782.343675; 191017; 25
1670089782.368681; 191042; 25
1670089782.393676; 191067; 25
1670089782.418674; 191092; 25
1670089782.443674; 191117; 25
1670089782.468679; 191142; 25
1670089782.493676; 191167; 25
1670089782.518674; 191192; 25
1670089782.543674; 191217; 25
1670089782.568679; 191242; 25
1670089782.593676; 191267; 25
1670089782.618674; 191292; 24
1670089782.643674; 191317; 24
1670089782.668680; 191342; 24
1670089782.693676; 191367; 24
1670089782.718674; 191392; 25
1670089782.743674; 191417; 25
1670089782.768679; 191442; 25
1670089782.793676; 191467; 25
1670089782.818675; 191492; 25
1670089782.843674; 191517; 25
1670089782.868684; 191542; 25
1670089782.893676; 191567; 25
1670089782.918675; 191592; 25
1670089782.943675; 191617; 25
1670089782.968674; 191642; 25
1670089782.993677; 191667; 25
1670089783.018671; 191692; 25
1670089783.043676; 191717; 25
1670089783.068676; 191742; 25
1670089783.093680; 191767; 25
1670089783.118677; 191792; 25
1670089783.143670; 191817; 25
1670089783.168671; 191842; 25
1670089783.193679; 191867; 25
1670089783.218676; 191892; 26
1670089783.243674; 191917; 26
1670089783.268674; 191942; 26
1670089783.293683; 191967; 26
1670089783.318676; 191992; 26
1670089783.343674; 192017; 26
1670089783.368670; 192042; 26
1670089783.393675; 192067; 26
1670089783.418672; 192092; 26
1670089783.443675; 192117; 26
1670089783.468675; 192142; 26
1670089783.493679; 192167; 26
1670089783.518676; 192192; 26
1670089783.543675; 192217; 26
1670089783.568675; 192242; 26
1670089783.593675; 192267; 26
1670089783.618676; 192292; 26
1670089783.643674; 192317; 26
1670089783.668674; 192342; 26
1670089783.693683; 192367; 26
1670089783.718676; 192392; 27
1670089783.743674; 192417; 27
1670089783.768674; 192442; 27
1670089783.793674; 192467; 27
1670089783.818677; 192492; 27
1670089783.843675; 192517; 27
1670089783.868671; 192542; 27
1670089783.893675; 192567; 27
1670089783.918679; 192592; 27
1670089783.943676; 192617; 27
1670089783.968674; 192642; 27
1670089783.993674; 192667; 27
1670089784.018679; 192692; 27
1670089784.043673; 192717; 28
1670089784.068672; 192742; 28
1670089784.093672; 192767; 28
1670089784.118684; 192792; 28
1670089784.143672; 192817; 27
1670089784.168675; 192842; 27
1670089784.193675; 192867; 27
1670089784.218679; 192892; 27
1670089784.243676; 192917; 28
1670089784.268675; 192942; 28
1670089784.293675; 192967; 28
1670089784.318675; 192992; 28
1670089784.343676; 193017; 28
1670089784.368670; 193042; 28
1670089784.393671; 193067; 28
1670089784.418679; 193092; 28
1670089784.443676; 193117; 27
1670089784.468674; 193142; 27
1670089784.493674; 193167; 27
1670089784.518679; 193192; 27
1670089784.543676; 193217; 26
1670089784.568675; 193242; 26
1670089784.593675; 193267; 26
1670089784.618675; 193292; 26
1670089784.643679; 193317; 26
1670089784.668676; 193342; 26
1670089784.693675; 193367; 26
1670089784.718675; 193392; 26
1670089784.743675; 193417; 27
1670089784.768676; 193442; 27
1670089784.793675; 193467; 27
1670089784.818675; 193492; 27
1670089784.843679; 193517; 28
1670089784.868676; 193542; 28
1670089784.893674; 193567; 28
1670089784.918674; 193592; 28
1670089784.943683; 193617; 28
1670089784.968676; 193642; 28
1670089784.993674; 193667; 28
1670089785.018675; 193692; 28
1670089785.043680; 193717; 28
1670089785.068677; 193742; 26
1670089785.093676; 193767; 26
1670089785.118676; 193792; 26
1670089785.143679; 193817; 26
1670089785.168676; 193842; 27
1670089785.193674; 193867; 27
1670089785.218674; 193892; 27
1670089785.243679; 193917; 27
1670089785.268676; 193942; 27
1670089785.293675; 193967; 27
1670089785.318675; 193992; 27
1670089785.343679; 194017; 27
1670089785.368673; 194042; 26
1670089785.393674; 194067; 26
1670089785.418674; 194092; 26
1670089785.443674; 194117; 26
1670089785.468679; 194142; 25
1670089785.493676; 194167; 25
1670089785.518675; 194192; 25
1670089785.543675; 194217; 25
1670089785.568675; 194242; 25
1670089785.593672; 194267; 25
1670089785.618675; 194292; 25
1670089785.643675; 194317; 25
1670089785.668675; 194342; 23
1670089785.693676; 194367; 23
1670089785.718674; 194392; 23
1670089785.743675; 194417; 23
1670089785.768679; 194442; 20
1670089785.793676; 194467; 20
1670089785.818675; 194492; 20
1670089785.843698; 194517; 20
1670089785.868681; 194542; 18
1670089785.893672; 194567; 18
1670089785.918675; 194592; 18
1670089785.943679; 194617; 18
1670089785.968675; 194642; 18
1670089785.993672; 194667; 18
1670089786.018675; 194692; 18
1670089786.043672; 194717; 18
1670089786.068676; 194742; 18
1670089786.093673; 194767; 18
1670089786.118672; 194792; 18
1670089786.143675; 194817; 18
1670089786.168682; 194842; 18
1670089786.193673; 194867; 18
1670089786.218675; 194892; 18
1670089786.243674; 194917; 18
1670089786.268674; 194942; 18
1670089786.293679; 194967; 18
1670089786.318676; 194992; 18
1670089786.343674; 195017; 18
1670089786.368670; 195042; 18
1670089786.393675; 195067; 18
1670089786.418676; 195092; 18
1670089786.443674; 195117; 18
1670089786.468674; 195142; 18
1670089786.493679; 195167; 19
1670089786.518676; 195192; 19
1670089786.543674; 195217; 19
1670089786.568674; 195242; 19
1670089786.593679; 195267; 18
1670089786.618676; 195292; 18
1670089786.643674; 195317; 18
1670089786.668674; 195342; 18
1670089786.693679; 195367; 18
1670089786.718676; 195392; 18
1670089786.743674; 195417; 18
1670089786.768694; 195442; 18
1670089786.793679; 195467; 19
1670089786.818676; 195492; 19
1670089786.843675; 195517; 19
1670089786.868674; 195542; 19
1670089786.893679; 195567; 19
1670089786.918676; 195592; 19
1670089786.943674; 195617; 19
1670089786.968705; 195642; 19
1670089786.993678; 195667; 18
1670089787.018677; 195692; 18
1670089787.043672; 195717; 18
1670089787.068672; 195742; 18
1670089787.093672; 195767; 18
1670089787.118676; 195792; 18
1670089787.143676; 195817; 18
1670089787.168674; 195842; 18
1670089787.193675; 195867; 18
1670089787.218675; 195892; 18
1670089787.243672; 195917; 18
1670089787.268675; 195942; 18
1670089787.293675; 195967; 18
1670089787.318675; 195992; 19
1670089787.343672; 196017; 19
1670089787.368671; 196042; 19
1670089787.393671; 196067; 19
1670089787.418679; 196092; 19
1670089787.443676; 196117; 19
1670089787.468675; 196142; 19
1670089787.493675; 196167; 19
1670089787.518679; 196192; 19
1670089787.543676; 196217; 19
1670089787.568675; 196242; 19
1670089787.593670; 196267; 19
1670089787.618679; 196292; 18
1670089787.643676; 196317; 18
1670089787.668671; 196342; 18
1670089787.693675; 196367; 18
1670089787.718675; 196392; 18
1670089787.743676; 196417; 18
1670089787.768674; 196442; 18
1670089787.793670; 196467; 18
1670089787.818671; 196492; 18
1670089787.843683; 196517; 18
1670089787.868676; 196542; 18
1670089787.893670; 196567; 18
1670089787.918670; 196592; 18
1670089787.943674; 196617; 18
1670089787.968670; 196642; 18
1670089787.993676; 196667; 18
1670089788.018669; 196692; 17
1670089788.043684; 196717; 17
1670089788.068680; 196742; 17
1670089788.093679; 196767; 17
1670089788.118679; 196792; 17
1670089788.143674; 196817; 17
1670089788.168679; 196842; 17
1670089788.193669; 196867; 17
1670089788.218674; 196892; 17
1670089788.243679; 196917; 17
1670089788.268676; 196942; 17
1670089788.293674; 196967; 17
1670089788.318674; 196992; 18
1670089788.343679; 197017; 18
1670089788.368672; 197042; 18
1670089788.393675; 197067; 18
1670089788.418671; 197092; 18
1670089788.443679; 197117; 18
1670089788.468676; 197142; 18
1670089788.493674; 197167; 18
1670089788.518674; 197192; 18
1670089788.543679; 197217; 18
1670089788.568676; 197242; 18
1670089788.593674; 197267; 18
1670089788.618675; 197292; 18
1670089788.643674; 197317; 18
1670089788.668679; 197342; 18
1670089788.693676; 197367; 18
1670089788.718671; 197392; 18
1670089788.743675; 197417; 18
1670089788.768679; 197442; 18
1670089788.793676; 197467; 18
1670089788.818671; 197492; 18
1670089788.843674; 197517; 18
1670089788.868680; 197542; 18
1670089788.893672; 197567; 18
1670089788.918675; 197592; 18
1670089788.943675; 197617; 18
1670089788.968675; 197642; 18
1670089788.993676; 197667; 18
1670089789.018670; 197692; 18
1670089789.043676; 197717; 18
1670089789.068683; 197742; 18
1670089789.093677; 197767; 18
1670089789.118676; 197792; 18
1670089789.143671; 197817; 18
1670089789.168675; 197842; 18
1670089789.193672; 197867; 18
1670089789.218675; 197892; 18
1670089789.243671; 197917; 19
1670089789.268679; 197942; 19
1670089789.293676; 197967; 19
1670089789.318674; 197992; 19
1670089789.343674; 198017; 19
1670089789.368675; 198042; 19
1670089789.393677; 198067; 19
1670089789.418671; 198092; 19
1670089789.443674; 198117; 19
1670089789.468674; 198142; 19
1670089789.493679; 198167; 19
1670089789.518676; 198192; 19
1670089789.543674; 198217; 19
1670089789.568674; 198242; 19
1670089789.593679; 198267; 19
1670089789.618676; 198292; 19
1670089789.643671; 198317; 19
1670089789.668675; 198342; 20
1670089789.693675; 198367; 20
1670089789.718676; 198392; 20
1670089789.743674; 198417; 20
1670089789.768674; 198442; 20
1670089789.793679; 198467; 20
1670089789.818676; 198492; 20
1670089789.843674; 198517; 20
1670089789.868676; 198542; 19
1670089789.893683; 198567; 19
1670089789.918676; 198592; 19
1670089789.943675; 198617; 19
1670089789.968675; 198642; 19
1670089789.993679; 198667; 19
1670089790.018676; 198692; 19
1670089790.043676; 198717; 19
1670089790.068672; 198742; 20
1670089790.093676; 198767; 20
1670089790.118673; 198792; 20
1670089790.143675; 198817; 20
1670089790.168674; 198842; 20
1670089790.193678; 198867; 20
1670089790.218677; 198892; 20
1670089790.243671; 198917; 20
1670089790.268670; 198942; 21
1670089790.293670; 198967; 21
1670089790.318683; 198992; 21
1670089790.343676; 199017; 21
1670089790.368671; 199042; 20
1670089790.393675; 199067; 20
1670089790.418679; 199092; 20
1670089790.443676; 199117; 20
1670089790.468671; 199142; 20
1670089790.493675; 199167; 20
1670089790.518675; 199192; 20
1670089790.543676; 199217; 20
1670089790.568675; 199242; 21
1670089790.593675; 199267; 21
1670089790.618675; 199292; 21
1670089790.643676; 199317; 21
1670089790.668671; 199342; 22
1670089790.693675; 199367; 22
1670089790.718683; 199392; 22
1670089790.743676; 199417; 22
1670089790.768670; 199442; 22
1670089790.793670; 199467; 22
1670089790.818675; 199492; 22
1670089790.843676; 199517; 22
1670089790.868670; 199542; 22
1670089790.893671; 199567; 24
1670089790.918679; 199592; 24
1670089790.943676; 199617; 24
1670089790.968674; 199642; 24
1670089790.993674; 199667; 25
1670089791.018674; 199692; 25
1670089791.043680; 199717; 25
1670089791.068673; 199742; 25
1670089791.093676; 199767; 26
1670089791.118672; 199792; 26
1670089791.143679; 199817; 26
1670089791.168676; 199842; 26
1670089791.193675; 199867; 26
1670089791.218675; 199892; 26
1670089791.243679; 199917; 26
1670089791.268676; 199942; 26
1670089791.293671; 199967; 26
1670089791.318670; 199992; 26
1670089791.343679; 200017; 26
1670089791.368672; 200042; 26
1670089791.393675; 200067; 25
1670089791.418675; 200092; 25
1670089791.443675; 200117; 25
1670089791.468672; 200142; 25
1670089791.493675; 200167; 25
1670089791.518674; 200192; 25
1670089791.543683; 200217; 25
1670089791.568676; 200242; 25
1670089791.593674; 200267; 26
1670089791.618674; 200292; 26
1670089791.643679; 200317; 26
1670089791.668676; 200342; 26
1670089791.693675; 200367; 26
1670089791.718675; 200392; 26
1670089791.743675; 200417; 26
1670089791.768676; 200442; 26
1670089791.793674; 200467; 27
1670089791.818674; 200492; 27
1670089791.843674; 200517; 27
1670089791.868680; 200542; 27
1670089791.893676; 200567; 27
1670089791.918674; 200592; 27
1670089791.943674; 200617; 27
1670089791.968683; 200642; 27
1670089791.993676; 200667; 27
1670089792.018675; 200692; 27
1670089792.043672; 200717; 27
1670089792.068681; 200742; 27
1670089792.093696; 200767; 27
1670089792.118676; 200792; 27
1670089792.143670; 200817; 27
1670089792.168679; 200842; 27
1670089792.193676; 200867; 27
1670089792.218674; 200892; 26
1670089792.243674; 200917; 26
1670089792.268679; 200942; 26
1670089792.293707; 200967; 26
1670089792.318671; 200992; 26
1670089792.343670; 201017; 26
1670089792.368683; 201042; 26
1670089792.393676; 201067; 26
1670089792.418675; 201092; 27
1670089792.443675; 201117; 27
1670089792.468679; 201142; 27
1670089792.493676; 201167; 27
1670089792.518675; 201192; 27
1670089792.543675; 201217; 27
1670089792.568678; 201242; 27
1670089792.593677; 201267; 27
1670089792.618670; 201292; 27
1670089792.643670; 201317; 27
1670089792.668675; 201342; 27
1670089792.693675; 201367; 27
1670089792.718676; 201392; 27
1670089792.743675; 201417; 27
1670089792.768675; 201442; 27
1670089792.793683; 201467; 27
1670089792.818676; 201492; 27
1670089792.843674; 201517; 27
1670089792.868675; 201542; 27
1670089792.893679; 201567; 27
1670089792.918675; 201592; 27
1670089792.943675; 201617; 27
1670089792.968675; 201642; 27
1670089792.993675; 201667; 27
1670089793.018672; 201692; 26
1670089793.043676; 201717; 26
1670089793.068676; 201742; 26
1670089793.093680; 201767; 26
1670089793.118678; 201792; 26
1670089793.143671; 201817; 26
1670089793.168675; 201842; 26
1670089793.193679; 201867; 26
1670089793.218676; 201892; 26
1670089793.243674; 201917; 27
1670089793.268674; 201942; 27
1670089793.293679; 201967; 27
1670089793.318671; 201992; 27
1670089793.343675; 202017; 29
1670089793.368671; 202042; 29
1670089793.393674; 202067; 29
1670089793.418677; 202092; 29
1670089793.443671; 202117; 27
1670089793.468675; 202142; 27
1670089793.493674; 202167; 27
1670089793.518675; 202192; 27
1670089793.543676; 202217; 29
1670089793.568674; 202242; 29
1670089793.593674; 202267; 29
1670089793.618683; 202292; 29
1670089793.643676; 202317; 30
1670089793.668674; 202342; 30
1670089793.693674; 202367; 30
1670089793.718679; 202392; 30
1670089793.743676; 202417; 29
1670089793.768674; 202442; 29
1670089793.793674; 202467; 29
1670089793.818679; 202492; 29
1670089793.843676; 202517; 28
1670089793.868676; 202542; 28
1670089793.893674; 202567; 28
1670089793.918679; 202592; 28
1670089793.943672; 202617; 26
1670089793.968675; 202642; 26
1670089793.993670; 202667; 26
1670089794.018679; 202692; 26
1670089794.043677; 202717; 24
1670089794.068676; 202742; 24
1670089794.093676; 202767; 24
1670089794.118681; 202792; 24
1670089794.143692; 202817; 24
1670089794.168670; 202842; 24
1670089794.193671; 202867; 24
1670089794.218675; 202892; 24
1670089794.243675; 202917; 24
1670089794.268672; 202942; 24
1670089794.293675; 202967; 24
1670089794.318675; 202992; 24
1670089794.343675; 203017; 24
1670089794.368676; 203042; 24
1670089794.393674; 203067; 24
1670089794.418675; 203092; 24
1670089794.443679; 203117; 24
1670089794.468676; 203142; 25
1670089794.493675; 203167; 25
1670089794.518675; 203192; 25
1670089794.543679; 203217; 25
1670089794.568672; 203242; 26
1670089794.593675; 203267; 26
1670089794.618675; 203292; 26
1670089794.643675; 203317; 26
1670089794.668676; 203342; 26
1670089794.693674; 203367; 26
1670089794.718674; 203392; 26
1670089794.743679; 203417; 26
1670089794.768672; 203442; 26
1670089794.793675; 203467; 26
1670089794.818671; 203492; 26
1670089794.843683; 203517; 26
1670089794.868677; 203542; 26
1670089794.893670; 203567; 26
1670089794.918670; 203592; 26
1670089794.943675; 203617; 26
1670089794.968672; 203642; 27
1670089794.993674; 203667; 27
1670089795.018675; 203692; 27
1670089795.043672; 203717; 27
1670089795.068676; 203742; 28
1670089795.093673; 203767; 28
1670089795.118672; 203792; 28
1670089795.143674; 203817; 28
1670089795.168675; 203842; 28
1670089795.193672; 203867; 28
1670089795.218674; 203892; 28
1670089795.243674; 203917; 28
1670089795.268683; 203942; 28
1670089795.293676; 203967; 28
1670089795.318674; 203992; 28
1670089795.343674; 204017; 28
1670089795.368676; 204042; 28
1670089795.393672; 204067; 28
1670089795.418675; 204092; 28
1670089795.443675; 204117; 28
1670089795.468675; 204142; 28
1670089795.493672; 204167; 27
1670089795.518675; 204192; 27
1670089795.543675; 204217; 27
1670089795.568675; 204242; 27
1670089795.593676; 204267; 27
1670089795.618674; 204292; 27
1670089795.643675; 204317; 27
1670089795.668683; 204342; 27
1670089795.693676; 204367; 28
1670089795.718674; 204392; 28
1670089795.743674; 204417; 28
1670089795.768674; 204442; 28
1670089795.793673; 204467; 29
1670089795.818675; 204492; 29
1670089795.843675; 204517; 29
1670089795.868673; 204542; 29
1670089795.893679; 204567; 27
1670089795.918676; 204592; 27
1670089795.943674; 204617; 27
1670089795.968674; 204642; 27
1670089795.993679; 204667; 28
1670089796.018676; 204692; 28
1670089796.043672; 204717; 28
1670089796.068672; 204742; 28
1670089796.093684; 204767; 28
1670089796.118677; 204792; 28
1670089796.143671; 204817; 28
1670089796.168670; 204842; 28
1670089796.193678; 204867; 26
1670089796.218672; 204892; 26
1670089796.243675; 204917; 26
1670089796.268675; 204942; 26
1670089796.293675; 204967; 24
1670089796.318676; 204992; 24
1670089796.343674; 205017; 24
1670089796.368673; 205042; 24
1670089796.393675; 205067; 24
1670089796.418672; 205092; 24
1670089796.443675; 205117; 24
1670089796.468675; 205142; 24
1670089796.493683; 205167; 22
1670089796.518676; 205192; 22
1670089796.543674; 205217; 22
1670089796.568674; 205242; 22
1670089796.593674; 205267; 22
1670089796.618677; 205292; 19
1670089796.643671; 205317; 19
1670089796.668671; 205342; 19
1670089796.693675; 205367; 19
1670089796.718675; 205392; 18
1670089796.743676; 205417; 18
1670089796.768675; 205442; 18
1670089796.793675; 205467; 18
1670089796.818675; 205492; 18
1670089796.843676; 205517; 18
1670089796.868677; 205542; 18
1670089796.893670; 205567; 18
1670089796.918679; 205592; 18
1670089796.943676; 205617; 18
1670089796.968675; 205642; 18
1670089796.993675; 205667; 18
1670089797.018675; 205692; 18
1670089797.043677; 205717; 18
1670089797.068676; 205742; 18
1670089797.093676; 205767; 18
1670089797.118680; 205792; 18
1670089797.143672; 205817; 18
1670089797.168675; 205842; 18
1670089797.193675; 205867; 18
1670089797.218679; 205892; 17
1670089797.243676; 205917; 17
1670089797.268675; 205942; 17
1670089797.293674; 205967; 17
1670089797.318683; 205992; 17
1670089797.343676; 206017; 17
1670089797.368671; 206042; 17
1670089797.393675; 206067; 17
1670089797.418695; 206092; 18
1670089797.443679; 206117; 18
1670089797.468676; 206142; 18
1670089797.493675; 206167; 18
1670089797.518675; 206192; 18
1670089797.543675; 206217; 18
1670089797.568676; 206242; 18
1670089797.593674; 206267; 18
1670089797.618686; 206292; 17
1670089797.643679; 206317; 17
1670089797.668676; 206342; 17
1670089797.693674; 206367; 17
1670089797.718674; 206392; 17
1670089797.743683; 206417; 17
1670089797.768676; 206442; 17
1670089797.793670; 206467; 17
1670089797.818670; 206492; 17
1670089797.843679; 206517; 17
1670089797.868677; 206542; 17
1670089797.893671; 206567; 17
1670089797.918675; 206592; 17
1670089797.943675; 206617; 18
1670089797.968676; 206642; 18
1670089797.993674; 206667; 18
1670089798.018674; 206692; 18
1670089798.043680; 206717; 17
1670089798.068677; 206742; 17
1670089798.093676; 206767; 17
1670089798.118676; 206792; 17
1670089798.143683; 206817; 17
1670089798.168676; 206842; 17
1670089798.193675; 206867; 17
1670089798.218675; 206892; 17
1670089798.243670; 206917; 17
1670089798.268675; 206942; 17
1670089798.293676; 206967; 17
1670089798.318675; 206992; 17
1670089798.343675; 207017; 17
1670089798.368680; 207042; 17
1670089798.393676; 207067; 17
1670089798.418675; 207092; 17
1670089798.443676; 207117; 17
1670089798.468675; 207142; 17
1670089798.493672; 207167; 17
1670089798.518675; 207192; 17
1670089798.543675; 207217; 17
1670089798.568683; 207242; 17
1670089798.593676; 207267; 17
1670089798.618674; 207292; 17
1670089798.643677; 207317; 17
1670089798.668675; 207342; 17
1670089798.693676; 207367; 17
1670089798.718674; 207392; 17
1670089798.743674; 207417; 17
1670089798.768675; 207442; 17
1670089798.793676; 207467; 17
1670089798.818674; 207492; 17
1670089798.843674; 207517; 17
1670089798.868675; 207542; 17
1670089798.893672; 207567; 17
1670089798.918674; 207592; 17
1670089798.943674; 207617; 17
1670089798.968678; 207642; 17
1670089798.993677; 207667; 17
1670089799.018671; 207692; 17
1670089799.043676; 207717; 17
1670089799.068672; 207742; 17
1670089799.093676; 207767; 17
1670089799.118673; 207792; 17
1670089799.143675; 207817; 17
1670089799.168674; 207842; 17
1670089799.193679; 207867; 17
1670089799.218676; 207892; 17
1670089799.243675; 207917; 17
1670089799.268671; 207942; 17
1670089799.293679; 207967; 17
1670089799.318672; 207992; 17
1670089799.343675; 208017; 17
1670089799.368671; 208042; 18
1670089799.393679; 208067; 18
1670089799.418676; 208092; 18
1670089799.443674; 208117; 18
1670089799.468691; 208142; 18
1670089799.493679; 208167; 18
1670089799.518676; 208192; 18
1670089799.543675; 208217; 18
1670089799.568675; 208242; 18
1670089799.593675; 208267; 18
1670089799.618672; 208292; 18
1670089799.643675; 208317; 18
1670089799.668674; 208342; 18
1670089799.693675; 208367; 18
1670089799.718672; 208392; 18
1670089799.743675; 208417; 18
1670089799.768674; 208442; 19
1670089799.793682; 208467; 19
1670089799.818673; 208492; 19
1670089799.843675; 208517; 19
1670089799.868675; 208542; 19
1670089799.893671; 208567; 19
1670089799.918679; 208592; 19
1670089799.943676; 208617; 19
1670089799.968674; 208642; 18
1670089799.993674; 208667; 18
1670089800.018679; 208692; 18
1670089800.043673; 208717; 18
1670089800.068672; 208742; 18
1670089800.093672; 208767; 18
1670089800.118676; 208792; 18
1670089800.143676; 208817; 18
1670089800.168674; 208842; 18
1670089800.193674; 208867; 18
1670089800.218683; 208892; 18
1670089800.243676; 208917; 18
1670089800.268674; 208942; 18
1670089800.293671; 208967; 18
1670089800.318675; 208992; 18
1670089800.343676; 209017; 18
1670089800.368671; 209042; 18
1670089800.393675; 209067; 18
1670089800.418675; 209092; 18
1670089800.443672; 209117; 18
1670089800.468675; 209142; 18
1670089800.493714; 209167; 18
1670089800.518675; 209192; 18
1670089800.543676; 209217; 18
1670089800.568674; 209242; 18
1670089800.593674; 209267; 19
1670089800.618674; 209292; 19
1670089800.643679; 209317; 19
1670089800.668676; 209342; 19
1670089800.693675; 209367; 19
1670089800.718675; 209392; 19
1670089800.743679; 209417; 19
1670089800.768676; 209442; 19
1670089800.793674; 209467; 19
1670089800.818674; 209492; 19
1670089800.843679; 209517; 19
1670089800.868677; 209542; 19
1670089800.893671; 209567; 18
1670089800.918671; 209592; 18
1670089800.943679; 209617; 18
1670089800.968672; 209642; 18
1670089800.993674; 209667; 19
1670089801.018675; 209692; 19
1670089801.043684; 209717; 19
1670089801.068677; 209742; 19
1670089801.093676; 209767; 19
1670089801.118676; 209792; 19
1670089801.143679; 209817; 19
1670089801.168676; 209842; 19
1670089801.193674; 209867; 19
1670089801.218674; 209892; 19
1670089801.243679; 209917; 19
1670089801.268676; 209942; 19
1670089801.293674; 209967; 19
1670089801.318671; 209992; 19
1670089801.343679; 210017; 19
1670089801.368676; 210042; 19
1670089801.393671; 210067; 19
1670089801.418671; 210092; 19
1670089801.443671; 210117; 19
1670089801.468679; 210142; 19
1670089801.493676; 210167; 19
1670089801.518675; 210192; 20
1670089801.543675; 210217; 20
1670089801.568679; 210242; 20
1670089801.593676; 210267; 20
1670089801.618674; 210292; 21
1670089801.643674; 210317; 21
1670089801.668679; 210342; 21
1670089801.693676; 210367; 21
1670089801.718674; 210392; 22
1670089801.743674; 210417; 22
1670089801.768680; 210442; 22
1670089801.793676; 210467; 22
1670089801.818674; 210492; 22
1670089801.843675; 210517; 22
1670089801.868684; 210542; 22
1670089801.893672; 210567; 22
1670089801.918688; 210592; 23
1670089801.943674; 210617; 23
1670089801.968679; 210642; 23
1670089801.993676; 210667; 23
1670089802.018674; 210692; 23
1670089802.043672; 210717; 23
1670089802.068676; 210742; 23
1670089802.093673; 210767; 23
1670089802.118672; 210792; 22
1670089802.143674; 210817; 22
1670089802.168678; 210842; 22
1670089802.193673; 210867; 22
1670089802.218675; 210892; 23
1670089802.243674; 210917; 23
1670089802.268674; 210942; 23
1670089802.293683; 210967; 23
1670089802.318676; 210992; 23
1670089802.343675; 211017; 23
1670089802.368671; 211042; 23
1670089802.393675; 211067; 23
1670089802.418676; 211092; 23
1670089802.443674; 211117; 23
1670089802.468674; 211142; 23
1670089802.493679; 211167; 23
1670089802.518676; 211192; 23
1670089802.543674; 211217; 24
1670089802.568674; 211242; 24
1670089802.593679; 211267; 24
1670089802.618676; 211292; 24
1670089802.643674; 211317; 24
1670089802.668674; 211342; 24
1670089802.693679; 211367; 24
1670089802.718676; 211392; 24
1670089802.743700; 211417; 23
1670089802.768675; 211442; 23
1670089802.793679; 211467; 23
1670089802.818676; 211492; 23
1670089802.843674; 211517; 22
1670089802.868676; 211542; 22
1670089802.893675; 211567; 22
1670089802.918676; 211592; 22
1670089802.943686; 211617; 23
1670089802.968671; 211642; 23
1670089802.993674; 211667; 23
1670089803.018673; 211692; 23
1670089803.043672; 211717; 23
1670089803.068672; 211742; 23
1670089803.093672; 211767; 23
1670089803.118684; 211792; 23
1670089803.143672; 211817; 22
1670089803.168675; 211842; 22
1670089803.193675; 211867; 22
1670089803.218679; 211892; 22
1670089803.243676; 211917; 23
1670089803.268674; 211942; 23
1670089803.293674; 211967; 23
1670089803.318679; 211992; 23
1670089803.343676; 212017; 23
1670089803.368675; 212042; 23
1670089803.393674; 212067; 23
1670089803.418679; 212092; 23
1670089803.443676; 212117; 24
1670089803.468674; 212142; 24
1670089803.493674; 212167; 24
1670089803.518683; 212192; 24
1670089803.543676; 212217; 24
1670089803.568675; 212242; 24
1670089803.593675; 212267; 24
1670089803.618679; 212292; 24
1670089803.643676; 212317; 24
1670089803.668674; 212342; 24
1670089803.693675; 212367; 24
1670089803.718675; 212392; 24
1670089803.743676; 212417; 24
1670089803.768677; 212442; 25
1670089803.793671; 212467; 25
1670089803.818675; 212492; 25
1670089803.843675; 212517; 25
1670089803.868676; 212542; 26
1670089803.893670; 212567; 26
1670089803.918670; 212592; 26
1670089803.943679; 212617; 26
1670089803.968671; 212642; 28
1670089803.993675; 212667; 28
1670089804.018675; 212692; 28
1670089804.043676; 212717; 28
1670089804.068673; 212742; 29
1670089804.093672; 212767; 29
1670089804.118672; 212792; 29
1670089804.143679; 212817; 29
1670089804.168676; 212842; 29
1670089804.193675; 212867; 29
1670089804.218675; 212892; 29
1670089804.243679; 212917; 29
1670089804.268676; 212942; 29
1670089804.293674; 212967; 29
1670089804.318674; 212992; 29
1670089804.343683; 213017; 29
1670089804.368672; 213042; 29
1670089804.393675; 213067; 29
1670089804.418675; 213092; 29
1670089804.443679; 213117; 29
1670089804.468676; 213142; 31
1670089804.493674; 213167; 31
1670089804.518674; 213192; 31
1670089804.543679; 213217; 31
1670089804.568676; 213242; 30
1670089804.593670; 213267; 30
1670089804.618671; 213292; 30
1670089804.643675; 213317; 30
1670089804.668675; 213342; 30
1670089804.693672; 213367; 28
1670089804.718675; 213392; 28
1670089804.743675; 213417; 28
1670089804.768683; 213442; 28
1670089804.793676; 213467; 28
1670089804.818674; 213492; 28
1670089804.843674; 213517; 28
1670089804.868680; 213542; 28
1670089804.893676; 213567; 27
1670089804.918674; 213592; 27
1670089804.943674; 213617; 27
1670089804.968679; 213642; 27
1670089804.993675; 213667; 26
1670089805.018675; 213692; 26
1670089805.043677; 213717; 26
1670089805.068680; 213742; 26
1670089805.093677; 213767; 26
1670089805.118676; 213792; 26
1670089805.143670; 213817; 26
1670089805.168679; 213842; 26
1670089805.193676; 213867; 26
1670089805.218674; 213892; 26
1670089805.243674; 213917; 26
1670089805.268679; 213942; 26
1670089805.293676; 213967; 27
1670089805.318674; 213992; 27
1670089805.343674; 214017; 27
1670089805.368675; 214042; 27
1670089805.393677; 214067; 27
1670089805.418670; 214092; 27
1670089805.443671; 214117; 27
1670089805.468671; 214142; 27
1670089805.493679; 214167; 27
1670089805.518676; 214192; 27
1670089805.543674; 214217; 27
1670089805.568674; 214242; 27
1670089805.593679; 214267; 27
1670089805.618672; 214292; 27
1670089805.643675; 214317; 27
1670089805.668674; 214342; 27
1670089805.693679; 214367; 27
1670089805.718676; 214392; 27
1670089805.743674; 214417; 27
1670089805.768674; 214442; 27
1670089805.793679; 214467; 27
1670089805.818676; 214492; 27
1670089805.843675; 214517; 27
1670089805.868670; 214542; 27
1670089805.893679; 214567; 27
1670089805.918676; 214592; 26
1670089805.943671; 214617; 26
1670089805.968675; 214642; 26
1670089805.993679; 214667; 26
1670089806.018671; 214692; 26
1670089806.043676; 214717; 26
1670089806.068676; 214742; 26
1670089806.093680; 214767; 26
1670089806.118677; 214792; 27
1670089806.143671; 214817; 27
1670089806.168670; 214842; 27
1670089806.193674; 214867; 27
1670089806.218677; 214892; 27
1670089806.243670; 214917; 27
1670089806.268670; 214942; 27
1670089806.293671; 214967; 27
1670089806.318679; 214992; 26
1670089806.343676; 215017; 26
1670089806.368671; 215042; 26
1670089806.393675; 215067; 26
1670089806.418683; 215092; 26
1670089806.443672; 215117; 26
1670089806.468675; 215142; 26
1670089806.493674; 215167; 26
1670089806.518679; 215192; 26
1670089806.543676; 215217; 26
1670089806.568674; 215242; 26
1670089806.593674; 215267; 26
1670089806.618679; 215292; 27
1670089806.643676; 215317; 27
1670089806.668674; 215342; 27
1670089806.693674; 215367; 27
1670089806.718679; 215392; 27
1670089806.743676; 215417; 27
1670089806.768674; 215442; 27
1670089806.793674; 215467; 27
1670089806.818683; 215492; 27
1670089806.843676; 215517; 27
1670089806.868675; 215542; 27
1670089806.893674; 215567; 27
1670089806.918679; 215592; 27
1670089806.943676; 215617; 27
1670089806.968674; 215642; 27
1670089806.993674; 215667; 27
1670089807.018674; 215692; 27
1670089807.043676; 215717; 27
1670089807.068677; 215742; 27
1670089807.093672; 215767; 27
1670089807.118672; 215792; 27
1670089807.143679; 215817; 27
1670089807.168676; 215842; 27
1670089807.193675; 215867; 27
1670089807.218674; 215892; 27
1670089807.243671; 215917; 28
1670089807.268672; 215942; 28
1670089807.293675; 215967; 28
1670089807.318675; 215992; 28
1670089807.343679; 216017; 28
1670089807.368675; 216042; 28
1670089807.393675; 216067; 28
1670089807.418675; 216092; 28
1670089807.443675; 216117; 26
1670089807.468672; 216142; 26
1670089807.493675; 216167; 26
1670089807.518671; 216192; 26
1670089807.543679; 216217; 29
1670089807.568676; 216242; 29
1670089807.593674; 216267; 29
1670089807.618674; 216292; 29
1670089807.643679; 216317; 31
1670089807.668676; 216342; 31
1670089807.693675; 216367; 31
1670089807.718674; 216392; 31
1670089807.743680; 216417; 32
1670089807.768676; 216442; 32
1670089807.793671; 216467; 32
1670089807.818675; 216492; 32
1670089807.843675; 216517; 36
1670089807.868679; 216542; 36
1670089807.893676; 216567; 36
1670089807.918671; 216592; 36
1670089807.943675; 216617; 43
1670089807.968675; 216642; 43
1670089807.993676; 216667; 43
1670089808.018674; 216692; 43
1670089808.043672; 216717; 43
1670089808.068715; 216742; 43
1670089808.093673; 216767; 43
1670089808.118672; 216792; 43
1670089808.143675; 216817; 43
1670089808.168679; 216842; 33
1670089808.193676; 216867; 33
1670089808.218674; 216892; 33
1670089808.243674; 216917; 33
1670089808.268714; 216942; 21
1670089808.293672; 216967; 21
1670089808.318675; 216992; 21
1670089808.343675; 217017; 21
1670089808.368681; 217042; 20
1670089808.393672; 217067; 20
1670089808.418675; 217092; 20
1670089808.443675; 217117; 20
1670089808.468683; 217142; 20
1670089808.493672; 217167; 20
1670089808.518675; 217192; 20
1670089808.543675; 217217; 20
1670089808.568674; 217242; 19
1670089808.593677; 217267; 19
1670089808.618671; 217292; 19
1670089808.643675; 217317; 19
1670089808.668675; 217342; 19
1670089808.693679; 217367; 19
1670089808.718676; 217392; 19
1670089808.743675; 217417; 19
1670089808.768674; 217442; 19
1670089808.793679; 217467; 19
1670089808.818676; 217492; 19
1670089808.843674; 217517; 19
1670089808.868673; 217542; 19
1670089808.893679; 217567; 19
1670089808.918676; 217592; 19
1670089808.943675; 217617; 19
1670089808.968675; 217642; 19
1670089808.993679; 217667; 19
1670089809.018676; 217692; 19
1670089809.043672; 217717; 19
1670089809.068672; 217742; 19
1670089809.093683; 217767; 19
1670089809.118677; 217792; 19
1670089809.143675; 217817; 19
1670089809.168675; 217842; 18
1670089809.193675; 217867; 18
1670089809.218672; 217892; 18
1670089809.243675; 217917; 18
1670089809.268675; 217942; 19
1670089809.293678; 217967; 19
1670089809.318676; 217992; 19
1670089809.343675; 218017; 19
1670089809.368671; 218042; 19
1670089809.393674; 218067; 19
1670089809.418677; 218092; 19
1670089809.443670; 218117; 19
1670089809.468671; 218142; 19
1670089809.493675; 218167; 19
1670089809.518675; 218192; 19
1670089809.543676; 218217; 19
1670089809.568674; 218242; 19
1670089809.593674; 218267; 19
1670089809.618679; 218292; 19
1670089809.643676; 218317; 19
1670089809.668674; 218342; 19
1670089809.693674; 218367; 19
1670089809.718683; 218392; 19
1670089809.743676; 218417; 19
1670089809.768674; 218442; 19
1670089809.793674; 218467; 19
1670089809.818679; 218492; 19
1670089809.843676; 218517; 19
1670089809.868674; 218542; 19
1670089809.893674; 218567; 19
1670089809.918675; 218592; 19
1670089809.943676; 218617; 19
1670089809.968675; 218642; 19
1670089809.993674; 218667; 19
1670089810.018679; 218692; 19
1670089810.043673; 218717; 19
1670089810.068672; 218742; 19
1670089810.093672; 218767; 19
1670089810.118685; 218792; 19
1670089810.143676; 218817; 19
1670089810.168675; 218842; 19
1670089810.193674; 218867; 19
1670089810.218675; 218892; 19
1670089810.243679; 218917; 19
1670089810.268676; 218942; 19
1670089810.293674; 218967; 19
1670089810.318673; 218992; 19
1670089810.343679; 219017; 19
1670089810.368671; 219042; 19
1670089810.393671; 219067; 20
1670089810.418670; 219092; 20
1670089810.443679; 219117; 20
1670089810.468676; 219142; 20
1670089810.493675; 219167; 20
1670089810.518674; 219192; 19
1670089810.543683; 219217; 19
1670089810.568676; 219242; 19
1670089810.593674; 219267; 19
1670089810.618674; 219292; 19
1670089810.643679; 219317; 19
1670089810.668676; 219342; 19
1670089810.693674; 219367; 19
1670089810.718674; 219392; 20
1670089810.743679; 219417; 20
1670089810.768676; 219442; 20
1670089810.793675; 219467; 20
1670089810.818675; 219492; 20
1670089810.843675; 219517; 20
1670089810.868675; 219542; 20
1670089810.893674; 219567; 20
1670089810.918675; 219592; 20
1670089810.943683; 219617; 20
1670089810.968676; 219642; 20
1670089810.993675; 219667; 20
1670089811.018674; 219692; 20
1670089811.043672; 219717; 20
1670089811.068676; 219742; 20
1670089811.093673; 219767; 20
1670089811.118672; 219792; 21
1670089811.143671; 219817; 21
1670089811.168679; 219842; 21
1670089811.193676; 219867; 21
1670089811.218675; 219892; 22
1670089811.243675; 219917; 22
1670089811.268675; 219942; 22
1670089811.293676; 219967; 22
1670089811.318674; 219992; 22
1670089811.343671; 220017; 22
1670089811.368685; 220042; 22
1670089811.393672; 220067; 22
1670089811.418675; 220092; 22
1670089811.443675; 220117; 22
1670089811.468679; 220142; 22
1670089811.493676; 220167; 22
1670089811.518674; 220192; 23
1670089811.543674; 220217; 23
1670089811.568675; 220242; 23
1670089811.593672; 220267; 23
1670089811.618671; 220292; 23
1670089811.643675; 220317; 23
1670089811.668675; 220342; 23
1670089811.693676; 220367; 23
1670089811.718675; 220392; 23
1670089811.743675; 220417; 24
1670089811.768681; 220442; 24
1670089811.793673; 220467; 24
1670089811.818675; 220492; 24
1670089811.843675; 220517; 23
1670089811.868674; 220542; 23
1670089811.893679; 220567; 23
1670089811.918676; 220592; 23
1670089811.943674; 220617; 23
1670089811.968675; 220642; 23
1670089811.993675; 220667; 23
1670089812.018672; 220692; 23
1670089812.043672; 220717; 24
1670089812.068672; 220742; 24
1670089812.093676; 220767; 24
1670089812.118673; 220792; 24
1670089812.143675; 220817; 24
1670089812.168673; 220842; 24
1670089812.193679; 220867; 24
1670089812.218676; 220892; 24
1670089812.243675; 220917; 25
1670089812.268675; 220942; 25
1670089812.293679; 220967; 25
1670089812.318676; 220992; 25
1670089812.343674; 221017; 25
1670089812.368675; 221042; 25
1670089812.393675; 221067; 25
1670089812.418676; 221092; 25
1670089812.443675; 221117; 25
1670089812.468675; 221142; 25
1670089812.493675; 221167; 25
1670089812.518676; 221192; 25
1670089812.543674; 221217; 26
1670089812.568685; 221242; 26
1670089812.593682; 221267; 26
1670089812.618677; 221292; 26
1670089812.643670; 221317; 25
1670089812.668671; 221342; 25
1670089812.693675; 221367; 25
1670089812.718679; 221392; 25
1670089812.743676; 221417; 25
1670089812.768670; 221442; 25
1670089812.793670; 221467; 25
1670089812.818679; 221492; 25
1670089812.843672; 221517; 25
1670089812.868674; 221542; 25
1670089812.893675; 221567; 25
1670089812.918675; 221592; 25
1670089812.943676; 221617; 25
1670089812.968674; 221642; 25
1670089812.993675; 221667; 25
1670089813.018683; 221692; 25
1670089813.043673; 221717; 25
1670089813.068672; 221742; 26
1670089813.093672; 221767; 26
1670089813.118676; 221792; 26
1670089813.143676; 221817; 26
1670089813.168674; 221842; 27
1670089813.193674; 221867; 27
1670089813.218679; 221892; 27
1670089813.243676; 221917; 27
1670089813.268674; 221942; 27
1670089813.293674; 221967; 27
1670089813.318679; 221992; 27
1670089813.343676; 222017; 27
1670089813.368672; 222042; 27
1670089813.393670; 222067; 27
1670089813.418674; 222092; 27
1670089813.443683; 222117; 27
1670089813.468676; 222142; 28
1670089813.493675; 222167; 28
1670089813.518675; 222192; 28
1670089813.543679; 222217; 28
1670089813.568676; 222242; 29
1670089813.593722; 222267; 29
1670089813.618671; 222292; 29
1670089813.643679; 222317; 29
1670089813.668676; 222342; 29
1670089813.693674; 222367; 29
1670089813.718674; 222392; 29
1670089813.743679; 222417; 29
1670089813.768676; 222442; 30
1670089813.793674; 222467; 30
1670089813.818675; 222492; 30
1670089813.843683; 222517; 30
1670089813.868675; 222542; 33
1670089813.893675; 222567; 33
1670089813.918675; 222592; 33
1670089813.943679; 222617; 33
1670089813.968676; 222642; 33
1670089813.993674; 222667; 32
1670089814.018671; 222692; 32
1670089814.043681; 222717; 32
1670089814.068673; 222742; 32
1670089814.093672; 222767; 30
1670089814.118672; 222792; 30
1670089814.143679; 222817; 30
1670089814.168676; 222842; 30
1670089814.193674; 222867; 31
1670089814.218671; 222892; 31
1670089814.243670; 222917; 31
1670089814.268679; 222942; 31
1670089814.293676; 222967; 34
1670089814.318674; 222992; 34
1670089814.343674; 223017; 34
1670089814.368676; 223042; 34
1670089814.393676; 223067; 35
1670089814.418674; 223092; 35
1670089814.443675; 223117; 35
1670089814.468679; 223142; 35
1670089814.493676; 223167; 36
1670089814.518674; 223192; 36
1670089814.543674; 223217; 36
1670089814.568679; 223242; 36
1670089814.593676; 223267; 36
1670089814.618674; 223292; 36
1670089814.643675; 223317; 36
1670089814.668683; 223342; 36
1670089814.693676; 223367; 37
1670089814.718675; 223392; 37
1670089814.743674; 223417; 37
1670089814.768679; 223442; 37
1670089814.793676; 223467; 40
1670089814.818674; 223492; 40
1670089814.843671; 223517; 40
1670089814.868679; 223542; 40
1670089814.893676; 223567; 42
1670089814.918674; 223592; 42
1670089814.943674; 223617; 42
1670089814.968678; 223642; 42
1670089814.993677; 223667; 41
1670089815.018671; 223692; 41
1670089815.043672; 223717; 41
1670089815.068672; 223742; 41
1670089815.093680; 223767; 38
1670089815.118673; 223792; 38
1670089815.143675; 223817; 38
1670089815.168674; 223842; 38
1670089815.193679; 223867; 38
1670089815.218676; 223892; 40
1670089815.243674; 223917; 40
1670089815.268674; 223942; 40
1670089815.293679; 223967; 40
1670089815.318676; 223992; 42
1670089815.343675; 224017; 42
1670089815.368672; 224042; 42
1670089815.393679; 224067; 42
1670089815.418676; 224092; 41
1670089815.443692; 224117; 41
1670089815.468675; 224142; 41
1670089815.493679; 224167; 41
1670089815.518676; 224192; 41
1670089815.543674; 224217; 41
1670089815.568674; 224242; 41
1670089815.593679; 224267; 41
1670089815.618676; 224292; 40
1670089815.643674; 224317; 40
1670089815.668671; 224342; 40
1670089815.693676; 224367; 40
1670089815.718676; 224392; 41
1670089815.743671; 224417; 41
1670089815.768675; 224442; 41
1670089815.793678; 224467; 41
1670089815.818677; 224492; 41
1670089815.843671; 224517; 41
1670089815.868675; 224542; 41
1670089815.893675; 224567; 41
1670089815.918679; 224592; 40
1670089815.943676; 224617; 40
1670089815.968675; 224642; 40
1670089815.993675; 224667; 40
1670089816.018679; 224692; 42
1670089816.043673; 224717; 42
1670089816.068676; 224742; 42
1670089816.093676; 224767; 42
1670089816.118676; 224792; 44
1670089816.143676; 224817; 44
1670089816.168675; 224842; 44
1670089816.193675; 224867; 44
1670089816.218675; 224892; 45
1670089816.243672; 224917; 45
1670089816.268670; 224942; 45
1670089816.293671; 224967; 45
1670089816.318679; 224992; 45
1670089816.343676; 225017; 44
1670089816.368671; 225042; 44
1670089816.393675; 225067; 44
1670089816.418679; 225092; 44
1670089816.443676; 225117; 45
1670089816.468674; 225142; 45
1670089816.493674; 225167; 45
1670089816.518679; 225192; 45
1670089816.543676; 225217; 45
1670089816.568674; 225242; 45
1670089816.593674; 225267; 45
1670089816.618674; 225292; 45
1670089816.643679; 225317; 43
1670089816.668676; 225342; 43
1670089816.693674; 225367; 43
1670089816.718674; 225392; 43
1670089816.743683; 225417; 45
1670089816.768677; 225442; 45
1670089816.793671; 225467; 45
1670089816.818675; 225492; 45
1670089816.843679; 225517; 49
1670089816.868672; 225542; 49
1670089816.893670; 225567; 49
1670089816.918671; 225592; 49
1670089816.943679; 225617; 52
1670089816.968676; 225642; 52
1670089816.993670; 225667; 52
1670089817.018671; 225692; 52
1670089817.043680; 225717; 56
1670089817.068677; 225742; 56
1670089817.093672; 225767; 56
1670089817.118672; 225792; 56
1670089817.143679; 225817; 52
1670089817.168676; 225842; 52
1670089817.193675; 225867; 52
1670089817.218674; 225892; 52
1670089817.243679; 225917; 43
1670089817.268676; 225942; 43
1670089817.293675; 225967; 43
1670089817.318675; 225992; 43
1670089817.343679; 226017; 36
1670089817.368673; 226042; 36
1670089817.393674; 226067; 36
1670089817.418674; 226092; 36
1670089817.443674; 226117; 36
1670089817.468679; 226142; 38
1670089817.493672; 226167; 38
1670089817.518675; 226192; 38
1670089817.543675; 226217; 38
1670089817.568683; 226242; 38
1670089817.593676; 226267; 38
1670089817.618674; 226292; 38
1670089817.643674; 226317; 38
1670089817.668679; 226342; 37
1670089817.693676; 226367; 37
1670089817.718674; 226392; 37
1670089817.743674; 226417; 37
1670089817.768675; 226442; 36
1670089817.793676; 226467; 36
1670089817.818671; 226492; 36
1670089817.843675; 226517; 36
1670089817.868681; 226542; 35
1670089817.893672; 226567; 35
1670089817.918674; 226592; 35
1670089817.943674; 226617; 35
1670089817.968683; 226642; 35
1670089817.993676; 226667; 35
1670089818.018669; 226692; 35
1670089818.043687; 226717; 35
1670089818.068680; 226742; 34
1670089818.093677; 226767; 34
1670089818.118672; 226792; 34
1670089818.143674; 226817; 34
1670089818.168678; 226842; 34
1670089818.193677; 226867; 34
1670089818.218670; 226892; 34
1670089818.243670; 226917; 34
1670089818.268670; 226942; 35
1670089818.293679; 226967; 35
1670089818.318676; 226992; 35
1670089818.343674; 227017; 35
1670089818.368671; 227042; 38
1670089818.393679; 227067; 38
1670089818.418676; 227092; 38
1670089818.443674; 227117; 38
1670089818.468674; 227142; 37
1670089818.493679; 227167; 37
1670089818.518672; 227192; 37
1670089818.543675; 227217; 37
1670089818.568670; 227242; 37
1670089818.593679; 227267; 37
1670089818.618676; 227292; 37
1670089818.643674; 227317; 37
1670089818.668674; 227342; 37
1670089818.693679; 227367; 36
1670089818.718672; 227392; 36
1670089818.743675; 227417; 36
1670089818.768675; 227442; 36
1670089818.793683; 227467; 36
1670089818.818676; 227492; 36
1670089818.843675; 227517; 36
1670089818.868672; 227542; 36
1670089818.893679; 227567; 37
1670089818.918675; 227592; 37
1670089818.943674; 227617; 37
1670089818.968674; 227642; 37
1670089818.993678; 227667; 39
1670089819.018677; 227692; 39
1670089819.043676; 227717; 39
1670089819.068676; 227742; 39
1670089819.093676; 227767; 41
1670089819.118680; 227792; 41
1670089819.143672; 227817; 41
1670089819.168675; 227842; 41
1670089819.193675; 227867; 40
1670089819.218679; 227892; 40
1670089819.243676; 227917; 40
1670089819.268674; 227942; 40
1670089819.293674; 227967; 41
1670089819.318679; 227992; 41
1670089819.343676; 228017; 41
1670089819.368677; 228042; 41
1670089819.393670; 228067; 42
1670089819.418679; 228092; 42
1670089819.443676; 228117; 42
1670089819.468674; 228142; 42
1670089819.493674; 228167; 44
1670089819.518679; 228192; 44
1670089819.543672; 228217; 44
1670089819.568675; 228242; 44
1670089819.593675; 228267; 46
1670089819.618679; 228292; 46
1670089819.643676; 228317; 46
1670089819.668674; 228342; 46
1670089819.693674; 228367; 46
1670089819.718679; 228392; 46
1670089819.743676; 228417; 46
1670089819.768675; 228442; 46
1670089819.793675; 228467; 46
1670089819.818675; 228492; 46
1670089819.843679; 228517; 46
1670089819.868672; 228542; 46
1670089819.893674; 228567; 46
1670089819.918675; 228592; 48
1670089819.943679; 228617; 48
1670089819.968676; 228642; 48
1670089819.993670; 228667; 48
1670089820.018671; 228692; 48
1670089820.043680; 228717; 48
1670089820.068673; 228742; 48
1670089820.093672; 228767; 48
1670089820.118676; 228792; 47
1670089820.143679; 228817; 47
1670089820.168676; 228842; 47
1670089820.193674; 228867; 47
1670089820.218675; 228892; 47
1670089820.243675; 228917; 47
1670089820.268672; 228942; 47
1670089820.293670; 228967; 47
1670089820.318670; 228992; 45
1670089820.343679; 229017; 45
1670089820.368673; 229042; 45
1670089820.393675; 229067; 45
1670089820.418675; 229092; 44
1670089820.443683; 229117; 44
1670089820.468676; 229142; 44
1670089820.493674; 229167; 44
1670089820.518674; 229192; 42
1670089820.543679; 229217; 42
1670089820.568672; 229242; 42
1670089820.593675; 229267; 42
1670089820.618675; 229292; 37
1670089820.643675; 229317; 37
1670089820.668675; 229342; 37
1670089820.693676; 229367; 37
1670089820.718674; 229392; 32
1670089820.743675; 229417; 32
1670089820.768679; 229442; 32
1670089820.793676; 229467; 32
1670089820.818675; 229492; 33
1670089820.843675; 229517; 33
1670089820.868683; 229542; 33
1670089820.893676; 229567; 33
1670089820.918675; 229592; 33
1670089820.943675; 229617; 33
1670089820.968679; 229642; 33
1670089820.993676; 229667; 33
1670089821.018674; 229692; 33
1670089821.043672; 229717; 33
1670089821.068676; 229742; 33
1670089821.093673; 229767; 33
1670089821.118672; 229792; 33
1670089821.143674; 229817; 32
1670089821.168679; 229842; 32
1670089821.193676; 229867; 32
1670089821.218675; 229892; 32
1670089821.243675; 229917; 32
1670089821.268679; 229942; 32
1670089821.293676; 229967; 32
1670089821.318675; 229992; 32
1670089821.343675; 230017; 33
1670089821.368679; 230042; 33
1670089821.393673; 230067; 33
1670089821.418675; 230092; 33
1670089821.443675; 230117; 33
1670089821.468675; 230142; 33
1670089821.493675; 230167; 33
1670089821.518676; 230192; 33
1670089821.543675; 230217; 36
1670089821.568675; 230242; 36
1670089821.593675; 230267; 36
1670089821.618676; 230292; 36
1670089821.643674; 230317; 35
1670089821.668674; 230342; 35
1670089821.693683; 230367; 35
1670089821.718676; 230392; 35
1670089821.743674; 230417; 34
1670089821.768675; 230442; 34
1670089821.793675; 230467; 34
1670089821.818676; 230492; 34
1670089821.843674; 230517; 33
1670089821.868674; 230542; 33
1670089821.893679; 230567; 33
1670089821.918676; 230592; 33
1670089821.943674; 230617; 32
1670089821.968674; 230642; 32
1670089821.993675; 230667; 32
1670089822.018676; 230692; 32
1670089822.043676; 230717; 32
1670089822.068676; 230742; 32
1670089822.093680; 230767; 32
1670089822.118673; 230792; 32
1670089822.143675; 230817; 32
1670089822.168675; 230842; 38
1670089822.193674; 230867; 38
1670089822.218677; 230892; 38
1670089822.243671; 230917; 38
1670089822.268671; 230942; 40
1670089822.293675; 230967; 40
1670089822.318675; 230992; 40
1670089822.343676; 231017; 40
1670089822.368677; 231042; 39
1670089822.393671; 231067; 39
1670089822.418679; 231092; 39
1670089822.443676; 231117; 39
1670089822.468674; 231142; 33
1670089822.493674; 231167; 33
1670089822.518679; 231192; 33
1670089822.543676; 231217; 33
1670089822.568674; 231242; 41
1670089822.593674; 231267; 41
1670089822.618675; 231292; 41
1670089822.643676; 231317; 41
1670089822.668675; 231342; 43
1670089822.693675; 231367; 43
1670089822.718675; 231392; 43
1670089822.743676; 231417; 43
1670089822.768675; 231442; 44
1670089822.793674; 231467; 44
1670089822.818679; 231492; 44
1670089822.843676; 231517; 44
1670089822.868675; 231542; 45
1670089822.893675; 231567; 45
1670089822.918683; 231592; 45
1670089822.943676; 231617; 45
1670089822.968675; 231642; 45
1670089822.993675; 231667; 45
1670089823.018675; 231692; 45
1670089823.043676; 231717; 45
1670089823.068673; 231742; 36
1670089823.093672; 231767; 36
1670089823.118672; 231792; 36
1670089823.143679; 231817; 36
1670089823.168676; 231842; 28
1670089823.193670; 231867; 28
1670089823.218679; 231892; 28
1670089823.243679; 231917; 28
1670089823.268676; 231942; 28
1670089823.293675; 231967; 26
1670089823.318675; 231992; 26
1670089823.343683; 232017; 26
1670089823.368677; 232042; 26
1670089823.393670; 232067; 25
1670089823.418671; 232092; 25
1670089823.443679; 232117; 25
1670089823.468676; 232142; 25
1670089823.493674; 232167; 27
1670089823.518671; 232192; 27
1670089823.543679; 232217; 27
1670089823.568676; 232242; 27
1670089823.593674; 232267; 27
1670089823.618674; 232292; 27
1670089823.643679; 232317; 27
1670089823.668676; 232342; 27
1670089823.693675; 232367; 28
1670089823.718675; 232392; 28
1670089823.743683; 232417; 28
1670089823.768676; 232442; 28
1670089823.793674; 232467; 28
1670089823.818675; 232492; 28
1670089823.843671; 232517; 28
1670089823.868675; 232542; 28
1670089823.893676; 232567; 29
1670089823.918674; 232592; 29
1670089823.943671; 232617; 29
1670089823.968679; 232642; 29
1670089823.993676; 232667; 30
1670089824.018674; 232692; 30
1670089824.043676; 232717; 30
1670089824.068680; 232742; 30
1670089824.093677; 232767; 30
1670089824.118676; 232792; 30
1670089824.143671; 232817; 30
1670089824.168683; 232842; 30
1670089824.193676; 232867; 30
1670089824.218674; 232892; 30
1670089824.243673; 232917; 30
1670089824.268679; 232942; 30
1670089824.293676; 232967; 31
1670089824.318675; 232992; 31
1670089824.343675; 233017; 31
1670089824.368679; 233042; 31
1670089824.393676; 233067; 32
1670089824.418674; 233092; 32
1670089824.443674; 233117; 32
1670089824.468679; 233142; 32
1670089824.493676; 233167; 32
1670089824.518671; 233192; 32
1670089824.543675; 233217; 32
1670089824.568682; 233242; 32
1670089824.593673; 233267; 32
1670089824.618674; 233292; 31
1670089824.643674; 233317; 31
1670089824.668671; 233342; 31
1670089824.693679; 233367; 31
1670089824.718676; 233392; 29
1670089824.743671; 233417; 29
1670089824.768675; 233442; 29
1670089824.793675; 233467; 29
1670089824.818676; 233492; 24
1670089824.843675; 233517; 24
1670089824.868675; 233542; 24
1670089824.893675; 233567; 24
1670089824.918672; 233592; 24
1670089824.943675; 233617; 24
1670089824.968671; 233642; 24
1670089824.993679; 233667; 24
1670089825.018676; 233692; 27
1670089825.043676; 233717; 27
1670089825.068672; 233742; 27
1670089825.093676; 233767; 27
1670089825.118673; 233792; 29
1670089825.143675; 233817; 29
1670089825.168675; 233842; 29
1670089825.193675; 233867; 29
1670089825.218676; 233892; 27
1670089825.243674; 233917; 27
1670089825.268671; 233942; 27
1670089825.293679; 233967; 27
1670089825.318676; 233992; 25
1670089825.343675; 234017; 25
1670089825.368670; 234042; 25
1670089825.393678; 234067; 25
1670089825.418677; 234092; 27
1670089825.443670; 234117; 27
1670089825.468671; 234142; 27
1670089825.493675; 234167; 27
1670089825.518675; 234192; 27
1670089825.543676; 234217; 27
1670089825.568674; 234242; 27
1670089825.593674; 234267; 27
1670089825.618679; 234292; 27
1670089825.643676; 234317; 25
1670089825.668670; 234342; 25
1670089825.693671; 234367; 25
1670089825.718679; 234392; 25
1670089825.743676; 234417; 24
1670089825.768674; 234442; 24
1670089825.793674; 234467; 24
1670089825.818679; 234492; 24
1670089825.843676; 234517; 25
1670089825.868671; 234542; 25
1670089825.893675; 234567; 25
1670089825.918679; 234592; 25
1670089825.943676; 234617; 25
1670089825.968671; 234642; 25
1670089825.993675; 234667; 25
1670089826.018675; 234692; 25
1670089826.043677; 234717; 25
1670089826.068676; 234742; 25
1670089826.093672; 234767; 25
1670089826.118676; 234792; 25
1670089826.143676; 234817; 25
1670089826.168674; 234842; 25
1670089826.193675; 234867; 25
1670089826.218675; 234892; 25
1670089826.243678; 234917; 25
1670089826.268676; 234942; 25
1670089826.293675; 234967; 25
1670089826.318675; 234992; 25
1670089826.343679; 235017; 26
1670089826.368671; 235042; 26
1670089826.393675; 235067; 26
1670089826.418675; 235092; 26
1670089826.443675; 235117; 26
1670089826.468676; 235142; 26
1670089826.493674; 235167; 26
1670089826.518674; 235192; 26
1670089826.543679; 235217; 27
1670089826.568676; 235242; 27
1670089826.593675; 235267; 27
1670089826.618675; 235292; 27
1670089826.643683; 235317; 27
1670089826.668676; 235342; 27
1670089826.693674; 235367; 27
1670089826.718675; 235392; 27
1670089826.743679; 235417; 27
1670089826.768676; 235442; 28
1670089826.793671; 235467; 28
1670089826.818675; 235492; 28
1670089826.843675; 235517; 28
1670089826.868671; 235542; 27
1670089826.893675; 235567; 27
1670089826.918675; 235592; 27
1670089826.943679; 235617; 27
1670089826.968676; 235642; 28
1670089826.993671; 235667; 28
1670089827.018671; 235692; 28
1670089827.043676; 235717; 28
1670089827.068680; 235742; 27
1670089827.093673; 235767; 27
1670089827.118676; 235792; 27
1670089827.143671; 235817; 27
1670089827.168675; 235842; 27
1670089827.193672; 235867; 27
1670089827.218675; 235892; 27
1670089827.243675; 235917; 27
1670089827.268676; 235942; 26
1670089827.293676; 235967; 26
1670089827.318675; 235992; 26
1670089827.343674; 236017; 26
1670089827.368674; 236042; 28
1670089827.393672; 236067; 28
1670089827.418675; 236092; 28
1670089827.443675; 236117; 28
1670089827.468679; 236142; 29
1670089827.493676; 236167; 29
1670089827.518674; 236192; 29
1670089827.543671; 236217; 29
1670089827.568675; 236242; 26
1670089827.593676; 236267; 26
1670089827.618675; 236292; 26
1670089827.643675; 236317; 26
1670089827.668675; 236342; 27
1670089827.693672; 236367; 27
1670089827.718675; 236392; 27
1670089827.743675; 236417; 27
1670089827.768678; 236442; 26
1670089827.793677; 236467; 26
1670089827.818671; 236492; 26
1670089827.843675; 236517; 26
1670089827.868673; 236542; 24
1670089827.893679; 236567; 24
1670089827.918676; 236592; 24
1670089827.943674; 236617; 24
1670089827.968674; 236642; 24
1670089827.993679; 236667; 23
1670089828.018676; 236692; 23
1670089828.043672; 236717; 23
1670089828.068672; 236742; 23
1670089828.093676; 236767; 21
1670089828.118673; 236792; 21
1670089828.143675; 236817; 21
1670089828.168675; 236842; 21
1670089828.193675; 236867; 18
1670089828.218676; 236892; 18
1670089828.243674; 236917; 18
1670089828.268674; 236942; 18
1670089828.293683; 236967; 17
1670089828.318676; 236992; 17
1670089828.343675; 237017; 17
1670089828.368670; 237042; 17
1670089828.393675; 237067; 17
1670089828.418676; 237092; 17
1670089828.443674; 237117; 17
1670089828.468675; 237142; 17
1670089828.493675; 237167; 17
1670089828.518676; 237192; 17
1670089828.543698; 237217; 17
1670089828.568671; 237242; 17
1670089828.593674; 237267; 17
1670089828.618677; 237292; 17
1670089828.643671; 237317; 17
1670089828.668671; 237342; 17
1670089828.693675; 237367; 17
1670089828.718683; 237392; 17
1670089828.743676; 237417; 17
1670089828.768675; 237442; 17
1670089828.793675; 237467; 17
1670089828.818679; 237492; 17
1670089828.843676; 237517; 17
1670089828.868674; 237542; 17
1670089828.893675; 237567; 17
1670089828.918675; 237592; 17
1670089828.943672; 237617; 17
1670089828.968674; 237642; 17
1670089828.993674; 237667; 17
1670089829.018679; 237692; 17
1670089829.043673; 237717; 17
1670089829.068672; 237742; 17
1670089829.093672; 237767; 17
1670089829.118680; 237792; 17
1670089829.143676; 237817; 17
1670089829.168674; 237842; 17
1670089829.193674; 237867; 17
1670089829.218693; 237892; 17
1670089829.243672; 237917; 17
1670089829.268675; 237942; 17
1670089829.293675; 237967; 17
1670089829.318675; 237992; 17
1670089829.343676; 238017; 17
1670089829.368677; 238042; 17
1670089829.393671; 238067; 17
1670089829.418671; 238092; 16
1670089829.443679; 238117; 16
1670089829.468676; 238142; 16
1670089829.493674; 238167; 16
1670089829.518674; 238192; 17
1670089829.543679; 238217; 17
1670089829.568674; 238242; 17
1670089829.593674; 238267; 17
1670089829.618674; 238292; 17
1670089829.643675; 238317; 17
1670089829.668676; 238342; 17
1670089829.693674; 238367; 17
1670089829.718674; 238392; 17
1670089829.743679; 238417; 17
1670089829.768676; 238442; 17
1670089829.793671; 238467; 17
1670089829.818671; 238492; 17
1670089829.843679; 238517; 17
1670089829.868672; 238542; 17
1670089829.893674; 238567; 17
1670089829.918674; 238592; 17
1670089829.943679; 238617; 17
1670089829.968676; 238642; 17
1670089829.993670; 238667; 17
1670089830.018675; 238692; 17
1670089830.043676; 238717; 17
1670089830.068673; 238742; 17
1670089830.093672; 238767; 17
1670089830.118672; 238792; 17
1670089830.143679; 238817; 17
1670089830.168676; 238842; 17
1670089830.193674; 238867; 17
1670089830.218674; 238892; 17
1670089830.243674; 238917; 17
1670089830.268679; 238942; 17
1670089830.293676; 238967; 17
1670089830.318674; 238992; 17
1670089830.343674; 239017; 16
1670089830.368684; 239042; 16
1670089830.393676; 239067; 16
1670089830.418675; 239092; 16
1670089830.443675; 239117; 17
1670089830.468679; 239142; 17
1670089830.493676; 239167; 17
1670089830.518674; 239192; 17
1670089830.543674; 239217; 17
1670089830.568679; 239242; 17
1670089830.593672; 239267; 17
1670089830.618675; 239292; 17
1670089830.643675; 239317; 17
1670089830.668675; 239342; 17
1670089830.693676; 239367; 17
1670089830.718674; 239392; 17
1670089830.743674; 239417; 17
1670089830.768679; 239442; 17
1670089830.793676; 239467; 17
1670089830.818674; 239492; 17
1670089830.843674; 239517; 17
1670089830.868679; 239542; 17
1670089830.893676; 239567; 17
1670089830.918675; 239592; 17
1670089830.943675; 239617; 17
1670089830.968692; 239642; 17
1670089830.993673; 239667; 17
1670089831.018670; 239692; 17
1670089831.043676; 239717; 17
1670089831.068676; 239742; 17
1670089831.093680; 239767; 17
1670089831.118677; 239792; 17
1670089831.143670; 239817; 17
1670089831.168674; 239842; 17
1670089831.193679; 239867; 17
1670089831.218676; 239892; 17
1670089831.243674; 239917; 16
1670089831.268674; 239942; 16
1670089831.293679; 239967; 16
1670089831.318676; 239992; 16
1670089831.343675; 240017; 17
1670089831.368671; 240042; 17
1670089831.393679; 240067; 17
1670089831.418676; 240092; 17
1670089831.443674; 240117; 17
1670089831.468674; 240142; 17
1670089831.493679; 240167; 17
1670089831.518676; 240192; 17
1670089831.543674; 240217; 17
1670089831.568674; 240242; 17
1670089831.593683; 240267; 17
1670089831.618672; 240292; 17
1670089831.643675; 240317; 17
1670089831.668677; 240342; 17
1670089831.693679; 240367; 17
1670089831.718676; 240392; 17
1670089831.743675; 240417; 17
1670089831.768674; 240442; 16
1670089831.793678; 240467; 16
1670089831.818677; 240492; 16
1670089831.843671; 240517; 16
1670089831.868723; 240542; 17
1670089831.893675; 240567; 17
1670089831.918679; 240592; 17
1670089831.943676; 240617; 17
1670089831.968674; 240642; 17
1670089831.993674; 240667; 17
1670089832.018679; 240692; 17
1670089832.043677; 240717; 17
1670089832.068676; 240742; 17
1670089832.093672; 240767; 17
1670089832.118676; 240792; 17
1670089832.143676; 240817; 17
1670089832.168674; 240842; 16
1670089832.193671; 240867; 16
1670089832.218679; 240892; 16
1670089832.243676; 240917; 16
1670089832.268674; 240942; 17
1670089832.293674; 240967; 17
1670089832.318679; 240992; 17
1670089832.343676; 241017; 17
1670089832.368670; 241042; 17
1670089832.393671; 241067; 17
1670089832.418679; 241092; 17
1670089832.443676; 241117; 17
1670089832.468675; 241142; 17
1670089832.493671; 241167; 17
1670089832.518675; 241192; 17
1670089832.543672; 241217; 17
1670089832.568675; 241242; 17
1670089832.593675; 241267; 17
1670089832.618675; 241292; 17
1670089832.643675; 241317; 17
1670089832.668676; 241342; 17
1670089832.693675; 241367; 16
1670089832.718675; 241392; 16
1670089832.743677; 241417; 16
1670089832.768676; 241442; 16
1670089832.793674; 241467; 17
1670089832.818674; 241492; 17
1670089832.843683; 241517; 17
1670089832.868671; 241542; 17
1670089832.893674; 241567; 17
1670089832.918674; 241592; 17
1670089832.943679; 241617; 17
1670089832.968676; 241642; 17
1670089832.993674; 241667; 17
1670089833.018674; 241692; 17
1670089833.043680; 241717; 17
1670089833.068677; 241742; 17
1670089833.093676; 241767; 16
1670089833.118676; 241792; 16
1670089833.143675; 241817; 16
1670089833.168676; 241842; 16
1670089833.193675; 241867; 17
1670089833.218675; 241892; 17
1670089833.243683; 241917; 17
1670089833.268672; 241942; 17
1670089833.293675; 241967; 17
1670089833.318675; 241992; 17
1670089833.343679; 242017; 17
1670089833.368679; 242042; 17
1670089833.393671; 242067; 17
1670089833.418671; 242092; 17
1670089833.443675; 242117; 17
1670089833.468675; 242142; 17
1670089833.493676; 242167; 17
1670089833.518674; 242192; 17
1670089833.543674; 242217; 17
1670089833.568679; 242242; 17
1670089833.593676; 242267; 16
1670089833.618674; 242292; 16
1670089833.643674; 242317; 16
1670089833.668679; 242342; 16
1670089833.693676; 242367; 16
1670089833.718675; 242392; 17
1670089833.743674; 242417; 17
1670089833.768679; 242442; 17
1670089833.793676; 242467; 17
1670089833.818674; 242492; 17
1670089833.843675; 242517; 17
1670089833.868700; 242542; 17
1670089833.893672; 242567; 17
1670089833.918675; 242592; 17
1670089833.943675; 242617; 17
1670089833.968675; 242642; 17
1670089833.993676; 242667; 17
1670089834.018674; 242692; 16
1670089834.043672; 242717; 16
1670089834.068680; 242742; 16
1670089834.093673; 242767; 16
1670089834.118672; 242792; 17
1670089834.143675; 242817; 17
1670089834.168674; 242842; 17
1670089834.193677; 242867; 17
1670089834.218671; 242892; 17
1670089834.243670; 242917; 17
1670089834.268671; 242942; 17
1670089834.293675; 242967; 17
1670089834.318672; 242992; 17
1670089834.343675; 243017; 17
1670089834.368677; 243042; 17
1670089834.393675; 243067; 17
1670089834.418672; 243092; 17
1670089834.443675; 243117; 17
1670089834.468675; 243142; 17
1670089834.493683; 243167; 17
1670089834.518676; 243192; 16
1670089834.543675; 243217; 16
1670089834.568675; 243242; 16
1670089834.593679; 243267; 16
1670089834.618676; 243292; 17
1670089834.643674; 243317; 17
1670089834.668674; 243342; 17
1670089834.693675; 243367; 17
1670089834.718676; 243392; 17
1670089834.743675; 243417; 17
1670089834.768674; 243442; 17
1670089834.793680; 243467; 17
1670089834.818676; 243492; 17
1670089834.843674; 243517; 17
1670089834.868670; 243542; 17
1670089834.893678; 243567; 17
1670089834.918676; 243592; 17
1670089834.943674; 243617; 16
1670089834.968674; 243642; 16
1670089834.993674; 243667; 16
1670089835.018677; 243692; 16
1670089835.043676; 243717; 16
1670089835.068676; 243742; 16
1670089835.093676; 243767; 16
1670089835.118681; 243792; 16
1670089835.143672; 243817; 17
1670089835.168675; 243842; 17
1670089835.193674; 243867; 17
1670089835.218679; 243892; 17
1670089835.243676; 243917; 17
1670089835.268675; 243942; 17
1670089835.293675; 243967; 17
1670089835.318683; 243992; 17
1670089835.343676; 244017; 17
1670089835.368677; 244042; 17
1670089835.393671; 244067; 17
1670089835.418675; 244092; 17
1670089835.443676; 244117; 16
1670089835.468674; 244142; 16
1670089835.493674; 244167; 16
1670089835.518675; 244192; 16
1670089835.543672; 244217; 17
1670089835.568671; 244242; 17
1670089835.593675; 244267; 17
1670089835.618675; 244292; 17
1670089835.643676; 244317; 17
1670089835.668675; 244342; 17
1670089835.693674; 244367; 17
1670089835.718683; 244392; 17
1670089835.743676; 244417; 17
1670089835.768674; 244442; 17
1670089835.793674; 244467; 17
1670089835.818675; 244492; 17
1670089835.843679; 244517; 16
1670089835.868679; 244542; 16
1670089835.893671; 244567; 16
1670089835.918675; 244592; 16
1670089835.943675; 244617; 16
1670089835.968676; 244642; 16
1670089835.993675; 244667; 16
1670089836.018675; 244692; 16
1670089836.043680; 244717; 16
1670089836.068677; 244742; 17
1670089836.093672; 244767; 17
1670089836.118672; 244792; 17
1670089836.143679; 244817; 17
1670089836.168676; 244842; 17
1670089836.193674; 244867; 17
1670089836.218674; 244892; 17
1670089836.243679; 244917; 17
1670089836.268676; 244942; 17
1670089836.293675; 244967; 17
1670089836.318675; 244992; 17
1670089836.343675; 245017; 17
1670089836.368673; 245042; 16
1670089836.393674; 245067; 16
1670089836.418674; 245092; 16
1670089836.443679; 245117; 16
1670089836.468676; 245142; 17
1670089836.493675; 245167; 17
1670089836.518675; 245192; 17
1670089836.543679; 245217; 17
1670089836.568676; 245242; 17
1670089836.593671; 245267; 17
1670089836.618675; 245292; 17
1670089836.643675; 245317; 17
1670089836.668679; 245342; 17
1670089836.693676; 245367; 17
1670089836.718674; 245392; 17
1670089836.743671; 245417; 17
1670089836.768679; 245442; 16
1670089836.793676; 245467; 16
1670089836.818674; 245492; 16
1670089836.843702; 245517; 16
1670089836.868679; 245542; 16
1670089836.893676; 245567; 16
1670089836.918675; 245592; 16
1670089836.943675; 245617; 16
1670089836.968683; 245642; 17
1670089836.993676; 245667; 17
1670089837.018674; 245692; 17
1670089837.043672; 245717; 17
1670089837.068676; 245742; 17
1670089837.093673; 245767; 17
1670089837.118676; 245792; 17
1670089837.143671; 245817; 17
1670089837.168680; 245842; 17
1670089837.193676; 245867; 17
1670089837.218674; 245892; 17
1670089837.243674; 245917; 17
