1670089716.519125; 125192; 18
1670089716.543674; 125217; 18
1670089716.568674; 125242; 18
1670089716.593674; 125267; 18
1670089716.618674; 125292; 18
1670089716.643688; 125317; 18
1670089716.668671; 125342; 18
1670089716.693674; 125367; 18
1670089716.718674; 125392; 18
1670089716.743679; 125417; 18
1670089716.768675; 125442; 18
1670089716.793674; 125467; 18
1670089716.818674; 125492; 18
1670089716.843675; 125517; 18
1670089716.868674; 125542; 18
1670089716.893674; 125567; 19
1670089716.918674; 125592; 19
1670089716.943679; 125617; 19
1670089716.968675; 125642; 19
1670089716.993674; 125667; 19
1670089717.018674; 125692; 19
1670089717.174998; 125848; 19
1670089717.199675; 125873; 19
1670089717.224674; 125898; 19
1670089717.249674; 125923; 19
1670089717.274679; 125948; 19
1670089717.299675; 125973; 19
1670089717.324674; 125998; 19
1670089717.349674; 126023; 19
1670089717.374675; 126048; 19
1670089717.399675; 126073; 18
1670089717.424674; 126098; 18
1670089717.449674; 126123; 18
1670089717.474674; 126148; 18
1670089717.499679; 126173; 19
1670089717.524675; 126198; 19
1670089717.549674; 126223; 19
1670089717.574674; 126248; 19
1670089717.599678; 126273; 19
1670089717.624675; 126298; 19
1670089717.649674; 126323; 19
1670089717.674674; 126348; 19
1670089717.699679; 126373; 19
1670089717.724675; 126398; 19
1670089717.749692; 126423; 19
1670089717.774674; 126448; 19
1670089717.799679; 126473; 19
1670089717.824675; 126498; 19
1670089717.849674; 126523; 19
1670089717.874674; 126548; 19
1670089717.899679; 126573; 19
1670089717.924675; 126598; 18
1670089717.949679; 126623; 18
1670089717.974674; 126648; 18
1670089717.999678; 126673; 18
1670089718.024675; 126698; 17
1670089718.049675; 126723; 17
1670089718.074675; 126748; 17
1670089718.099680; 126773; 17
1670089718.124676; 126798; 17
1670089718.149670; 126823; 17
1670089718.174674; 126848; 17
1670089718.199679; 126873; 17
1670089718.224671; 126898; 18
1670089718.249674; 126923; 18
1670089718.274674; 126948; 18
1670089718.299674; 126973; 18
1670089718.324679; 126998; 18
1670089718.349675; 127023; 18
1670089718.374674; 127048; 18
1670089718.399674; 127073; 18
1670089718.424678; 127098; 18
1670089718.449675; 127123; 18
1670089718.474674; 127148; 18
1670089718.499674; 127173; 18
1670089718.524679; 127198; 18
1670089718.549675; 127223; 18
1670089718.574670; 127248; 18
1670089718.599670; 127273; 18
1670089718.624679; 127298; 18
1670089718.649675; 127323; 18
1670089718.674674; 127348; 18
1670089718.699674; 127373; 18
1670089718.724679; 127398; 18
1670089718.749675; 127423; 18
1670089718.774675; 127448; 18
1670089718.799674; 127473; 18
1670089718.824678; 127498; 18
1670089718.849675; 127523; 18
1670089718.874674; 127548; 18
1670089718.899674; 127573; 18
1670089718.924679; 127598; 18
1670089718.949675; 127623; 18
1670089718.974670; 127648; 18
1670089718.999674; 127673; 18
1670089719.024678; 127698; 18
1670089719.049678; 127723; 18
1670089719.074675; 127748; 18
1670089719.099675; 127773; 18
1670089719.124675; 127798; 18
1670089719.149675; 127823; 18
1670089719.174671; 127848; 18
1670089719.199674; 127873; 18
1670089719.224674; 127898; 18
1670089719.249678; 127923; 18
1670089719.274675; 127948; 18
1670089719.299674; 127973; 18
1670089719.324674; 127998; 18
1670089719.349679; 128023; 18
1670089719.374671; 128048; 18
1670089719.399670; 128073; 18
1670089719.424670; 128098; 18
1670089719.449679; 128123; 17
1670089719.474675; 128148; 17
1670089719.499674; 128173; 17
1670089719.524674; 128198; 17
1670089719.549679; 128223; 18
1670089719.574675; 128248; 18
1670089719.599674; 128273; 18
1670089719.624674; 128298; 18
1670089719.649682; 128323; 18
1670089719.674675; 128348; 18
1670089719.699674; 128373; 18
1670089719.724674; 128398; 18
1670089719.749679; 128423; 18
1670089719.774675; 128448; 18
1670089719.799670; 128473; 18
1670089719.824670; 128498; 18
1670089719.849677; 128523; 18
1670089719.874676; 128548; 18
1670089719.899670; 128573; 18
1670089719.924670; 128598; 18
1670089719.949670; 128623; 19
1670089719.974679; 128648; 19
1670089719.999675; 128673; 19
1670089720.024674; 128698; 19
1670089720.049671; 128723; 19
1670089720.074680; 128748; 19
1670089720.099672; 128773; 19
1670089720.124671; 128798; 19
1670089720.149674; 128823; 19
1670089720.174679; 128848; 19
1670089720.199675; 128873; 19
1670089720.224674; 128898; 19
1670089720.249674; 128923; 19
1670089720.274675; 128948; 19
1670089720.299671; 128973; 19
1670089720.324674; 128998; 19
1670089720.349674; 129023; 19
1670089720.374675; 129048; 19
1670089720.399671; 129073; 19
1670089720.424670; 129098; 19
1670089720.449670; 129123; 19
1670089720.474682; 129148; 20
1670089720.499675; 129173; 20
1670089720.524674; 129198; 20
1670089720.549674; 129223; 20
1670089720.574679; 129248; 20
1670089720.599675; 129273; 20
1670089720.624670; 129298; 20
1670089720.649670; 129323; 20
1670089720.674670; 129348; 20
1670089720.699679; 129373; 20
1670089720.724675; 129398; 20
1670089720.749674; 129423; 20
1670089720.774674; 129448; 20
1670089720.799679; 129473; 20
1670089720.824671; 129498; 20
1670089720.849674; 129523; 20
1670089720.874674; 129548; 20
1670089720.899678; 129573; 20
1670089720.924675; 129598; 20
1670089720.949674; 129623; 20
1670089720.974674; 129648; 20
1670089720.999679; 129673; 20
1670089721.024675; 129698; 20
1670089721.049671; 129723; 20
1670089721.074675; 129748; 20
1670089721.099680; 129773; 20
1670089721.124677; 129798; 20
1670089721.149670; 129823; 20
1670089721.174670; 129848; 20
1670089721.199675; 129873; 20
1670089721.224671; 129898; 20
1670089721.249674; 129923; 20
1670089721.274674; 129948; 21
1670089721.299682; 129973; 21
1670089721.324675; 129998; 21
1670089721.349674; 130023; 21
1670089721.374670; 130048; 21
1670089721.399675; 130073; 21
1670089721.424671; 130098; 21
1670089721.449674; 130123; 21
1670089721.474674; 130148; 21
1670089721.499670; 130173; 22
1670089721.524679; 130198; 22
1670089721.549675; 130223; 22
1670089721.574674; 130248; 22
1670089721.599674; 130273; 22
1670089721.624679; 130298; 22
1670089721.649675; 130323; 22
1670089721.674674; 130348; 22
1670089721.699674; 130373; 23
1670089721.724678; 130398; 23
1670089721.749675; 130423; 23
1670089721.774674; 130448; 23
1670089721.799674; 130473; 25
1670089721.824679; 130498; 25
1670089721.849671; 130523; 25
1670089721.874674; 130548; 25
1670089721.899674; 130573; 25
1670089721.924679; 130598; 25
1670089721.949675; 130623; 25
1670089721.974674; 130648; 25
1670089721.999674; 130673; 24
1670089722.024679; 130698; 24
1670089722.049685; 130723; 24
1670089722.074675; 130748; 24
1670089722.099675; 130773; 23
1670089722.124683; 130798; 23
1670089722.149671; 130823; 23
1670089722.174674; 130848; 23
1670089722.199674; 130873; 23
1670089722.224674; 130898; 23
1670089722.249683; 130923; 23
1670089722.274674; 130948; 23
1670089722.299674; 130973; 24
1670089722.324674; 130998; 24
1670089722.349675; 131023; 24
1670089722.374675; 131048; 24
1670089722.399672; 131073; 26
1670089722.424678; 131098; 26
1670089722.449682; 131123; 26
1670089722.474670; 131148; 26
1670089722.499669; 131173; 26
1670089722.524669; 131198; 25
1670089722.549686; 131223; 25
1670089722.574670; 131248; 25
1670089722.599669; 131273; 25
1670089722.624669; 131298; 24
1670089722.649674; 131323; 24
1670089722.674675; 131348; 24
1670089722.699674; 131373; 24
1670089722.724670; 131398; 23
1670089722.749679; 131423; 23
1670089722.774675; 131448; 23
1670089722.799674; 131473; 23
1670089722.824674; 131498; 23
1670089722.849679; 131523; 23
1670089722.874675; 131548; 23
1670089722.899674; 131573; 23
1670089722.924674; 131598; 24
1670089722.949683; 131623; 24
1670089722.974675; 131648; 24
1670089722.999674; 131673; 24
1670089723.024674; 131698; 25
1670089723.049679; 131723; 25
1670089723.074728; 131748; 25
1670089723.099671; 131773; 25
1670089723.124671; 131798; 25
1670089723.149670; 131823; 25
1670089723.174679; 131848; 25
1670089723.199675; 131873; 25
1670089723.224674; 131898; 24
1670089723.249674; 131923; 24
1670089723.274688; 131948; 24
1670089723.299675; 131973; 24
1670089723.324674; 131998; 25
1670089723.349674; 132023; 25
1670089723.374682; 132048; 25
1670089723.399675; 132073; 25
1670089723.424674; 132098; 25
1670089723.449674; 132123; 25
1670089723.474679; 132148; 25
1670089723.499675; 132173; 25
1670089723.524674; 132198; 24
1670089723.549674; 132223; 24
1670089723.574679; 132248; 24
1670089723.599675; 132273; 24
1670089723.624674; 132298; 24
1670089723.649674; 132323; 23
1670089723.674679; 132348; 23
1670089723.699675; 132373; 23
1670089723.724674; 132398; 23
1670089723.749670; 132423; 23
1670089723.774678; 132448; 23
1670089723.799675; 132473; 23
1670089723.824674; 132498; 23
1670089723.849674; 132523; 24
1670089723.874670; 132548; 24
1670089723.899679; 132573; 24
1670089723.924675; 132598; 24
1670089723.949674; 132623; 24
1670089723.974674; 132648; 24
1670089723.999679; 132673; 24
1670089724.024675; 132698; 24
1670089724.049675; 132723; 23
1670089724.074675; 132748; 23
1670089724.099676; 132773; 23
1670089724.124672; 132798; 23
1670089724.149660; 132823; 23
1670089724.174671; 132848; 23
1670089724.199682; 132873; 23
1670089724.224675; 132898; 23
1670089724.249674; 132923; 24
1670089724.274674; 132948; 24
1670089724.299675; 132973; 24
1670089724.324671; 132998; 24
1670089724.349674; 133023; 24
1670089724.374670; 133048; 24
1670089724.399679; 133073; 24
1670089724.424685; 133098; 24
1670089724.449674; 133123; 23
1670089724.474674; 133148; 23
1670089724.499679; 133173; 23
1670089724.524675; 133198; 23
1670089724.549674; 133223; 23
1670089724.574690; 133248; 23
1670089724.599678; 133273; 23
1670089724.624675; 133298; 23
1670089724.649674; 133323; 24
1670089724.674674; 133348; 24
1670089724.699674; 133373; 24
1670089724.724675; 133398; 24
1670089724.749671; 133423; 23
1670089724.774674; 133448; 23
1670089724.799674; 133473; 23
1670089724.824679; 133498; 23
1670089724.849675; 133523; 23
1670089724.874691; 133548; 23
1670089724.899670; 133573; 23
1670089724.924679; 133598; 23
1670089724.949671; 133623; 23
1670089724.974674; 133648; 23
1670089724.999674; 133673; 23
1670089725.024701; 133698; 23
1670089725.049677; 133723; 23
1670089725.074671; 133748; 22
1670089725.099671; 133773; 22
1670089725.124680; 133798; 22
1670089725.149675; 133823; 22
1670089725.174697; 133848; 22
1670089725.199670; 133873; 22
1670089725.224675; 133898; 22
1670089725.249675; 133923; 22
1670089725.274674; 133948; 22
1670089725.299674; 133973; 22
1670089725.324679; 133998; 22
1670089725.349676; 134023; 22
1670089725.374670; 134048; 21
1670089725.399674; 134073; 21
1670089725.424681; 134098; 21
1670089725.449676; 134123; 21
1670089725.474670; 134148; 20
1670089725.499674; 134173; 20
1670089725.524674; 134198; 20
1670089725.549675; 134223; 20
1670089725.574671; 134248; 19
1670089725.599674; 134273; 19
1670089725.624674; 134298; 19
1670089725.649679; 134323; 19
1670089725.674675; 134348; 18
1670089725.699674; 134373; 18
1670089725.724674; 134398; 18
1670089725.749679; 134423; 18
1670089725.774676; 134448; 18
1670089725.799674; 134473; 18
1670089725.824674; 134498; 18
1670089725.849678; 134523; 18
1670089725.874675; 134548; 18
1670089725.899669; 134573; 18
1670089725.924670; 134598; 18
1670089725.949675; 134623; 18
1670089725.974676; 134648; 18
1670089725.999674; 134673; 18
1670089726.024670; 134698; 18
1670089726.049676; 134723; 18
1670089726.074673; 134748; 18
1670089726.099671; 134773; 18
1670089726.124671; 134798; 18
1670089726.149675; 134823; 18
1670089726.174671; 134848; 18
1670089726.199674; 134873; 18
1670089726.224674; 134898; 18
1670089726.249681; 134923; 18
1670089726.274676; 134948; 18
1670089726.299670; 134973; 18
1670089726.324674; 134998; 18
1670089726.349674; 135023; 18
1670089726.374675; 135048; 18
1670089726.399671; 135073; 18
1670089726.424670; 135098; 18
1670089726.449670; 135123; 18
1670089726.474675; 135148; 18
1670089726.499691; 135173; 18
1670089726.524691; 135198; 18
1670089726.549674; 135223; 18
1670089726.574675; 135248; 18
1670089726.599671; 135273; 18
1670089726.624674; 135298; 18
1670089726.649674; 135323; 18
1670089726.674679; 135348; 18
1670089726.699675; 135373; 18
1670089726.724674; 135398; 18
1670089726.749670; 135423; 18
1670089726.774679; 135448; 18
1670089726.799676; 135473; 18
1670089726.824674; 135498; 18
1670089726.849674; 135523; 18
1670089726.874679; 135548; 18
1670089726.899675; 135573; 18
1670089726.924674; 135598; 18
1670089726.949674; 135623; 18
1670089726.974675; 135648; 18
1670089726.999671; 135673; 18
1670089727.024674; 135698; 18
1670089727.049671; 135723; 18
1670089727.074676; 135748; 18
1670089727.099684; 135773; 18
1670089727.124677; 135798; 18
1670089727.149670; 135823; 18
1670089727.174674; 135848; 18
1670089727.199679; 135873; 18
1670089727.224675; 135898; 18
1670089727.249670; 135923; 18
1670089727.274674; 135948; 18
1670089727.299679; 135973; 18
1670089727.324676; 135998; 18
1670089727.349674; 136023; 18
1670089727.374674; 136048; 18
1670089727.399679; 136073; 18
1670089727.424676; 136098; 19
1670089727.449674; 136123; 19
1670089727.474674; 136148; 19
1670089727.499679; 136173; 19
1670089727.524684; 136198; 19
1670089727.549674; 136223; 19
1670089727.574689; 136248; 19
1670089727.599675; 136273; 19
1670089727.624676; 136298; 19
1670089727.649670; 136323; 19
1670089727.674670; 136348; 19
1670089727.699679; 136373; 19
1670089727.724676; 136398; 19
1670089727.749675; 136423; 19
1670089727.774674; 136448; 19
1670089727.799679; 136473; 19
1670089727.824675; 136498; 19
1670089727.849674; 136523; 19
1670089727.874674; 136548; 19
1670089727.899674; 136573; 19
1670089727.924683; 136598; 19
1670089727.949671; 136623; 19
1670089727.974674; 136648; 19
1670089727.999674; 136673; 19
1670089728.024680; 136698; 19
1670089728.049673; 136723; 19
1670089728.074671; 136748; 19
1670089728.099672; 136773; 19
1670089728.124676; 136798; 18
1670089728.149676; 136823; 18
1670089728.174674; 136848; 18
1670089728.199674; 136873; 18
1670089728.224679; 136898; 18
1670089728.249676; 136923; 18
1670089728.274674; 136948; 18
1670089728.299674; 136973; 18
1670089728.324687; 136998; 18
1670089728.349672; 137023; 18
1670089728.374674; 137048; 18
1670089728.399675; 137073; 18
1670089728.424679; 137098; 18
1670089728.449676; 137123; 19
1670089728.474674; 137148; 19
1670089728.499674; 137173; 19
1670089728.524679; 137198; 19
1670089728.549675; 137223; 18
1670089728.574674; 137248; 18
1670089728.599672; 137273; 18
1670089728.624674; 137298; 18
1670089728.649673; 137323; 18
1670089728.674674; 137348; 18
1670089728.699674; 137373; 18
1670089728.724674; 137398; 18
1670089728.749679; 137423; 18
1670089728.774676; 137448; 18
1670089728.799674; 137473; 18
1670089728.824670; 137498; 18
1670089728.849675; 137523; 19
1670089728.874672; 137548; 19
1670089728.899674; 137573; 19
1670089728.924674; 137598; 19
1670089728.949679; 137623; 19
1670089728.974676; 137648; 19
1670089728.999674; 137673; 19
1670089729.024675; 137698; 19
1670089729.049680; 137723; 18
1670089729.074688; 137748; 18
1670089729.099671; 137773; 18
1670089729.124671; 137798; 18
1670089729.149678; 137823; 18
1670089729.174676; 137848; 18
1670089729.199677; 137873; 18
1670089729.224670; 137898; 18
1670089729.249675; 137923; 18
1670089729.274676; 137948; 18
1670089729.299674; 137973; 18
1670089729.324670; 137998; 18
1670089729.349675; 138023; 19
1670089729.374672; 138048; 19
1670089729.399674; 138073; 19
1670089729.424674; 138098; 19
1670089729.449674; 138123; 19
1670089729.474673; 138148; 19
1670089729.499674; 138173; 19
1670089729.524674; 138198; 19
1670089729.549674; 138223; 19
1670089729.574679; 138248; 19
1670089729.599672; 138273; 19
1670089729.624671; 138298; 19
1670089729.649674; 138323; 19
1670089729.674683; 138348; 20
1670089729.699676; 138373; 20
1670089729.724674; 138398; 20
1670089729.749674; 138423; 20
1670089729.774679; 138448; 20
1670089729.799672; 138473; 20
1670089729.824674; 138498; 20
1670089729.849670; 138523; 20
1670089729.874679; 138548; 20
1670089729.899676; 138573; 20
1670089729.924674; 138598; 20
1670089729.949674; 138623; 20
1670089729.974683; 138648; 20
1670089729.999671; 138673; 20
1670089730.024670; 138698; 20
1670089730.049675; 138723; 20
1670089730.074680; 138748; 20
1670089730.099673; 138773; 20
1670089730.124679; 138798; 20
1670089730.149670; 138823; 20
1670089730.174679; 138848; 20
1670089730.199672; 138873; 20
1670089730.224674; 138898; 20
1670089730.249674; 138923; 20
1670089730.274674; 138948; 21
1670089730.299675; 138973; 21
1670089730.324676; 138998; 21
1670089730.349674; 139023; 21
1670089730.374670; 139048; 21
1670089730.399683; 139073; 21
1670089730.424675; 139098; 21
1670089730.449675; 139123; 21
1670089730.474674; 139148; 20
1670089730.499679; 139173; 20
1670089730.524676; 139198; 20
1670089730.549674; 139223; 20
1670089730.574674; 139248; 21
1670089730.599675; 139273; 21
1670089730.624675; 139298; 21
1670089730.649674; 139323; 21
1670089730.674674; 139348; 21
1670089730.699679; 139373; 21
1670089730.724671; 139398; 21
1670089730.749674; 139423; 21
1670089730.774677; 139448; 21
1670089730.799678; 139473; 21
1670089730.824676; 139498; 21
1670089730.849675; 139523; 21
1670089730.874675; 139548; 21
1670089730.899679; 139573; 21
1670089730.924670; 139598; 21
1670089730.949670; 139623; 21
1670089730.974670; 139648; 21
1670089730.999675; 139673; 21
1670089731.024672; 139698; 21
1670089731.049676; 139723; 21
1670089731.074672; 139748; 21
1670089731.099671; 139773; 22
1670089731.124676; 139798; 22
1670089731.149675; 139823; 22
1670089731.174675; 139848; 22
1670089731.199674; 139873; 22
1670089731.224679; 139898; 22
1670089731.249676; 139923; 22
1670089731.274674; 139948; 22
1670089731.299674; 139973; 22
1670089731.324679; 139998; 22
1670089731.349676; 140023; 22
1670089731.374676; 140048; 22
1670089731.399674; 140073; 22
1670089731.424675; 140098; 22
1670089731.449671; 140123; 22
1670089731.474674; 140148; 22
1670089731.499670; 140173; 22
1670089731.524679; 140198; 22
1670089731.549676; 140223; 22
1670089731.574670; 140248; 22
1670089731.599674; 140273; 23
1670089731.624683; 140298; 23
1670089731.649671; 140323; 23
1670089731.674675; 140348; 23
1670089731.699670; 140373; 23
1670089731.724675; 140398; 23
1670089731.749672; 140423; 23
1670089731.774670; 140448; 23
1670089731.799677; 140473; 23
1670089731.824678; 140498; 23
1670089731.849677; 140523; 23
1670089731.874670; 140548; 23
1670089731.899670; 140573; 23
1670089731.924674; 140598; 23
1670089731.949675; 140623; 23
1670089731.974671; 140648; 23
1670089731.999674; 140673; 23
1670089732.024674; 140698; 24
1670089732.049684; 140723; 24
1670089732.074677; 140748; 24
1670089732.099672; 140773; 24
1670089732.124671; 140798; 24
1670089732.149675; 140823; 24
1670089732.174672; 140848; 24
1670089732.199674; 140873; 24
1670089732.224674; 140898; 24
1670089732.249679; 140923; 24
1670089732.274672; 140948; 24
1670089732.299670; 140973; 24
1670089732.324670; 140998; 24
1670089732.349679; 141023; 24
1670089732.374672; 141048; 24
1670089732.399671; 141073; 24
1670089732.424674; 141098; 24
1670089732.449679; 141123; 24
1670089732.474676; 141148; 24
1670089732.499675; 141173; 24
1670089732.524670; 141198; 25
1670089732.549679; 141223; 25
1670089732.574676; 141248; 25
1670089732.599675; 141273; 25
1670089732.624670; 141298; 25
1670089732.649678; 141323; 25
1670089732.674677; 141348; 25
1670089732.699670; 141373; 25
1670089732.724673; 141398; 24
1670089732.749674; 141423; 24
1670089732.774679; 141448; 24
1670089732.799676; 141473; 24
1670089732.824674; 141498; 25
1670089732.849674; 141523; 25
1670089732.874683; 141548; 25
1670089732.899690; 141573; 25
1670089732.924674; 141598; 25
1670089732.949674; 141623; 25
1670089732.974679; 141648; 25
1670089732.999676; 141673; 25
1670089733.024674; 141698; 25
1670089733.049671; 141723; 27
1670089733.074676; 141748; 27
1670089733.099673; 141773; 27
1670089733.124675; 141798; 27
1670089733.149679; 141823; 27
1670089733.174681; 141848; 27
1670089733.199672; 141873; 27
1670089733.224674; 141898; 27
1670089733.249674; 141923; 27
1670089733.274682; 141948; 27
1670089733.299672; 141973; 27
1670089733.324670; 141998; 27
1670089733.349670; 142023; 28
1670089733.374679; 142048; 28
1670089733.399672; 142073; 28
1670089733.424674; 142098; 28
1670089733.449674; 142123; 29
1670089733.474691; 142148; 29
1670089733.499679; 142173; 29
1670089733.524675; 142198; 29
1670089733.549674; 142223; 29
1670089733.574674; 142248; 29
1670089733.599697; 142273; 29
1670089733.624676; 142298; 29
1670089733.649674; 142323; 29
1670089733.674675; 142348; 29
1670089733.699679; 142373; 29
1670089733.724675; 142398; 29
1670089733.749670; 142423; 29
1670089733.774670; 142448; 29
1670089733.799675; 142473; 29
1670089733.824676; 142498; 29
1670089733.849675; 142523; 29
1670089733.874674; 142548; 29
1670089733.899679; 142573; 29
1670089733.924672; 142598; 29
1670089733.949670; 142623; 30
1670089733.974670; 142648; 30
1670089733.999679; 142673; 30
1670089734.024676; 142698; 30
1670089734.049676; 142723; 30
1670089734.074676; 142748; 30
1670089734.099684; 142773; 30
1670089734.124677; 142798; 30
1670089734.149674; 142823; 30
1670089734.174674; 142848; 29
1670089734.199675; 142873; 29
1670089734.224672; 142898; 29
1670089734.249674; 142923; 29
1670089734.274674; 142948; 29
1670089734.299674; 142973; 29
1670089734.324679; 142998; 29
1670089734.349676; 143023; 29
1670089734.374670; 143048; 29
1670089734.399674; 143073; 29
1670089734.424679; 143098; 29
1670089734.449671; 143123; 29
1670089734.474675; 143148; 31
1670089734.499670; 143173; 31
1670089734.524699; 143198; 31
1670089734.549675; 143223; 31
1670089734.574674; 143248; 29
1670089734.599674; 143273; 29
1670089734.624679; 143298; 29
1670089734.649672; 143323; 29
1670089734.674675; 143348; 30
1670089734.699674; 143373; 30
1670089734.724679; 143398; 30
1670089734.749675; 143423; 30
1670089734.774670; 143448; 31
1670089734.799670; 143473; 31
1670089734.824681; 143498; 31
1670089734.849675; 143523; 31
1670089734.874670; 143548; 31
1670089734.899670; 143573; 31
1670089734.924683; 143598; 31
1670089734.949678; 143623; 31
1670089734.974675; 143648; 32
1670089734.999676; 143673; 32
1670089735.024678; 143698; 32
1670089735.049678; 143723; 32
1670089735.074676; 143748; 34
1670089735.099676; 143773; 34
1670089735.124676; 143798; 34
1670089735.149675; 143823; 34
1670089735.174675; 143848; 29
1670089735.199675; 143873; 29
1670089735.224674; 143898; 29
1670089735.249679; 143923; 29
1670089735.274676; 143948; 29
1670089735.299674; 143973; 24
1670089735.324674; 143998; 24
1670089735.349683; 144023; 24
1670089735.374672; 144048; 24
1670089735.399674; 144073; 23
1670089735.424670; 144098; 23
1670089735.449675; 144123; 23
1670089735.474676; 144148; 23
1670089735.499670; 144173; 23
1670089735.524670; 144198; 23
1670089735.549679; 144223; 23
1670089735.574692; 144248; 23
1670089735.599674; 144273; 23
1670089735.624674; 144298; 23
1670089735.649679; 144323; 23
1670089735.674676; 144348; 23
1670089735.699674; 144373; 23
1670089735.724674; 144398; 23
1670089735.749679; 144423; 23
1670089735.774671; 144448; 23
1670089735.799670; 144473; 23
1670089735.824670; 144498; 23
1670089735.849674; 144523; 23
1670089735.874673; 144548; 23
1670089735.899670; 144573; 23
1670089735.924674; 144598; 23
1670089735.949674; 144623; 23
1670089735.974675; 144648; 23
1670089735.999671; 144673; 24
1670089736.024675; 144698; 24
1670089736.049676; 144723; 24
1670089736.074680; 144748; 24
1670089736.099677; 144773; 25
1670089736.124675; 144798; 25
1670089736.149674; 144823; 25
1670089736.174683; 144848; 25
1670089736.199671; 144873; 25
1670089736.224670; 144898; 25
1670089736.249670; 144923; 25
1670089736.274679; 144948; 25
1670089736.299676; 144973; 25
1670089736.324677; 144998; 25
1670089736.349670; 145023; 25
1670089736.374675; 145048; 25
1670089736.399676; 145073; 25
1670089736.424674; 145098; 25
1670089736.449674; 145123; 25
1670089736.474679; 145148; 25
1670089736.499672; 145173; 25
1670089736.524675; 145198; 25
1670089736.549674; 145223; 25
1670089736.574683; 145248; 25
1670089736.599675; 145273; 25
1670089736.624674; 145298; 26
1670089736.649675; 145323; 26
1670089736.674675; 145348; 26
1670089736.699679; 145373; 26
1670089736.724675; 145398; 26
1670089736.749674; 145423; 26
1670089736.774674; 145448; 26
1670089736.799679; 145473; 26
1670089736.824676; 145498; 26
1670089736.849674; 145523; 26
1670089736.874670; 145548; 26
1670089736.899676; 145573; 26
1670089736.924676; 145598; 25
1670089736.949674; 145623; 25
1670089736.974674; 145648; 25
1670089736.999683; 145673; 25
1670089737.024672; 145698; 26
1670089737.049671; 145723; 26
1670089737.074672; 145748; 26
1670089737.099680; 145773; 26
1670089737.124677; 145798; 26
1670089737.149675; 145823; 26
1670089737.174675; 145848; 26
1670089737.199675; 145873; 26
1670089737.224687; 145898; 27
1670089737.249670; 145923; 27
1670089737.274670; 145948; 27
1670089737.299679; 145973; 27
1670089737.324675; 145998; 25
1670089737.349670; 146023; 25
1670089737.374670; 146048; 25
1670089737.399679; 146073; 25
1670089737.424676; 146098; 25
1670089737.449670; 146123; 25
1670089737.474671; 146148; 25
1670089737.499686; 146173; 25
1670089737.524675; 146198; 26
1670089737.549671; 146223; 26
1670089737.574674; 146248; 26
1670089737.599670; 146273; 26
1670089737.624679; 146298; 26
1670089737.649675; 146323; 27
1670089737.674669; 146348; 27
1670089737.699670; 146373; 27
1670089737.724679; 146398; 27
1670089737.749676; 146423; 29
1670089737.774670; 146448; 29
1670089737.799675; 146473; 29
1670089737.824683; 146498; 29
1670089737.849676; 146523; 30
1670089737.874670; 146548; 30
1670089737.899670; 146573; 30
1670089737.924675; 146598; 30
1670089737.949676; 146623; 29
1670089737.974673; 146648; 29
1670089737.999675; 146673; 29
1670089738.024675; 146698; 29
1670089738.049677; 146723; 28
1670089738.074675; 146748; 28
1670089738.099676; 146773; 28
1670089738.124680; 146798; 28
1670089738.149676; 146823; 27
1670089738.174674; 146848; 27
1670089738.199675; 146873; 27
1670089738.224673; 146898; 27
1670089738.249673; 146923; 27
1670089738.274677; 146948; 27
1670089738.299674; 146973; 27
1670089738.324674; 146998; 27
1670089738.349675; 147023; 29
1670089738.374672; 147048; 29
1670089738.399675; 147073; 29
1670089738.424674; 147098; 29
1670089738.449679; 147123; 32
1670089738.474672; 147148; 32
1670089738.499674; 147173; 32
1670089738.524674; 147198; 32
1670089738.549679; 147223; 34
1670089738.574671; 147248; 34
1670089738.599674; 147273; 34
1670089738.624674; 147298; 34
1670089738.649679; 147323; 32
1670089738.674676; 147348; 32
1670089738.699674; 147373; 32
1670089738.724674; 147398; 32
1670089738.749679; 147423; 29
1670089738.774676; 147448; 29
1670089738.799674; 147473; 29
1670089738.824674; 147498; 29
1670089738.849679; 147523; 29
1670089738.874673; 147548; 29
1670089738.899674; 147573; 29
1670089738.924674; 147598; 29
1670089738.949679; 147623; 29
1670089738.974671; 147648; 28
1670089738.999675; 147673; 28
1670089739.024671; 147698; 28
1670089739.049683; 147723; 28
1670089739.074678; 147748; 32
1670089739.099676; 147773; 32
1670089739.124672; 147798; 32
1670089739.149675; 147823; 32
1670089739.174682; 147848; 35
1670089739.199672; 147873; 35
1670089739.224670; 147898; 35
1670089739.249672; 147923; 35
1670089739.274679; 147948; 40
1670089739.299676; 147973; 40
1670089739.324677; 147998; 40
1670089739.349670; 148023; 40
1670089739.374675; 148048; 33
1670089739.399672; 148073; 33
1670089739.424675; 148098; 33
1670089739.449670; 148123; 33
1670089739.474679; 148148; 32
1670089739.499676; 148173; 32
1670089739.524675; 148198; 32
1670089739.549675; 148223; 32
1670089739.574679; 148248; 31
1670089739.599676; 148273; 31
1670089739.624678; 148298; 31
1670089739.649670; 148323; 31
1670089739.674675; 148348; 31
1670089739.699676; 148373; 31
1670089739.724675; 148398; 31
1670089739.749675; 148423; 31
1670089739.774675; 148448; 35
1670089739.799676; 148473; 35
1670089739.824670; 148498; 35
1670089739.849674; 148523; 35
1670089739.874675; 148548; 39
1670089739.899679; 148573; 39
1670089739.924676; 148598; 39
1670089739.949670; 148623; 39
1670089739.974674; 148648; 39
1670089739.999679; 148673; 31
1670089740.024676; 148698; 31
1670089740.049675; 148723; 31
1670089740.074672; 148748; 31
1670089740.099676; 148773; 21
1670089740.124673; 148798; 21
1670089740.149670; 148823; 21
1670089740.174670; 148848; 21
1670089740.199675; 148873; 19
1670089740.224672; 148898; 19
1670089740.249675; 148923; 19
1670089740.274670; 148948; 19
1670089740.299683; 148973; 18
1670089740.324691; 148998; 18
1670089740.349674; 149023; 18
1670089740.374700; 149048; 18
1670089740.399679; 149073; 18
1670089740.424676; 149098; 18
1670089740.449674; 149123; 18
1670089740.474674; 149148; 18
1670089740.499679; 149173; 17
1670089740.524676; 149198; 17
1670089740.549674; 149223; 17
1670089740.574670; 149248; 17
1670089740.599679; 149273; 17
1670089740.624676; 149298; 17
1670089740.649670; 149323; 17
1670089740.674674; 149348; 17
1670089740.699670; 149373; 17
1670089740.724679; 149398; 17
1670089740.749676; 149423; 17
1670089740.774675; 149448; 17
1670089740.799675; 149473; 16
1670089740.824679; 149498; 16
1670089740.849672; 149523; 16
1670089740.874670; 149548; 16
1670089740.899671; 149573; 16
1670089740.924679; 149598; 16
1670089740.949676; 149623; 16
1670089740.974675; 149648; 16
1670089740.999675; 149673; 16
1670089741.024675; 149698; 16
1670089741.049677; 149723; 16
1670089741.074676; 149748; 16
1670089741.099671; 149773; 16
1670089741.124684; 149798; 17
1670089741.149672; 149823; 17
1670089741.174674; 149848; 17
1670089741.199674; 149873; 17
1670089741.224679; 149898; 17
1670089741.249672; 149923; 17
1670089741.274674; 149948; 17
1670089741.299675; 149973; 17
1670089741.324679; 149998; 17
1670089741.349676; 150023; 17
1670089741.374670; 150048; 17
1670089741.399674; 150073; 17
1670089741.424678; 150098; 17
1670089741.449677; 150123; 17
1670089741.474670; 150148; 17
1670089741.499675; 150173; 17
1670089741.524670; 150198; 17
1670089741.549679; 150223; 17
1670089741.574676; 150248; 17
1670089741.599674; 150273; 17
1670089741.624675; 150298; 17
1670089741.649679; 150323; 17
1670089741.674676; 150348; 17
1670089741.699674; 150373; 17
1670089741.724670; 150398; 17
1670089741.749679; 150423; 17
1670089741.774672; 150448; 17
1670089741.799675; 150473; 17
1670089741.824674; 150498; 17
1670089741.849679; 150523; 17
1670089741.874672; 150548; 17
1670089741.899675; 150573; 17
1670089741.924674; 150598; 17
1670089741.949679; 150623; 17
1670089741.974676; 150648; 17
1670089741.999670; 150673; 17
1670089742.024670; 150698; 17
1670089742.049680; 150723; 17
1670089742.074677; 150748; 17
1670089742.099676; 150773; 17
1670089742.124672; 150798; 17
1670089742.149679; 150823; 17
1670089742.174676; 150848; 17
1670089742.199675; 150873; 17
1670089742.224675; 150898; 17
1670089742.249678; 150923; 17
1670089742.274677; 150948; 17
1670089742.299671; 150973; 17
1670089742.324670; 150998; 17
1670089742.349670; 151023; 17
1670089742.374685; 151048; 17
1670089742.399672; 151073; 17
1670089742.424675; 151098; 17
1670089742.449674; 151123; 17
1670089742.474679; 151148; 17
1670089742.499676; 151173; 17
1670089742.524675; 151198; 17
1670089742.549675; 151223; 17
1670089742.574679; 151248; 17
1670089742.599676; 151273; 17
1670089742.624674; 151298; 17
1670089742.649675; 151323; 17
1670089742.674675; 151348; 17
1670089742.699676; 151373; 17
1670089742.724674; 151398; 17
1670089742.749674; 151423; 17
1670089742.774705; 151448; 17
1670089742.799676; 151473; 17
1670089742.824674; 151498; 17
1670089742.849671; 151523; 17
1670089742.874679; 151548; 17
1670089742.899676; 151573; 17
1670089742.924675; 151598; 17
1670089742.949674; 151623; 17
1670089742.974679; 151648; 17
1670089742.999672; 151673; 17
1670089743.024674; 151698; 17
1670089743.049672; 151723; 17
1670089743.074672; 151748; 17
1670089743.099676; 151773; 17
1670089743.124679; 151798; 17
1670089743.149670; 151823; 17
1670089743.174670; 151848; 17
1670089743.199683; 151873; 17
1670089743.224672; 151898; 17
1670089743.249675; 151923; 17
1670089743.274674; 151948; 17
1670089743.299679; 151973; 17
1670089743.324672; 151998; 17
1670089743.349675; 152023; 17
1670089743.374670; 152048; 17
1670089743.399679; 152073; 17
1670089743.424676; 152098; 17
1670089743.449675; 152123; 17
1670089743.474671; 152148; 17
1670089743.499675; 152173; 17
1670089743.524672; 152198; 17
1670089743.549675; 152223; 17
1670089743.574675; 152248; 17
1670089743.599679; 152273; 17
1670089743.624675; 152298; 17
1670089743.649674; 152323; 17
1670089743.674674; 152348; 17
1670089743.699679; 152373; 17
1670089743.724676; 152398; 17
1670089743.749671; 152423; 17
1670089743.774671; 152448; 17
1670089743.799682; 152473; 17
1670089743.824672; 152498; 17
1670089743.849675; 152523; 17
1670089743.874671; 152548; 17
1670089743.899670; 152573; 17
1670089743.924679; 152598; 17
1670089743.949675; 152623; 17
1670089743.974670; 152648; 17
1670089743.999674; 152673; 17
1670089744.024683; 152698; 17
1670089744.049677; 152723; 17
1670089744.074676; 152748; 17
1670089744.099676; 152773; 17
1670089744.124684; 152798; 17
1670089744.149676; 152823; 17
1670089744.174675; 152848; 17
1670089744.199675; 152873; 17
1670089744.224679; 152898; 17
1670089744.249676; 152923; 17
1670089744.274674; 152948; 17
1670089744.299675; 152973; 17
1670089744.324679; 152998; 17
1670089744.349676; 153023; 17
1670089744.374671; 153048; 17
1670089744.399675; 153073; 17
1670089744.424683; 153098; 17
1670089744.449672; 153123; 17
1670089744.474670; 153148; 17
1670089744.499670; 153173; 17
1670089744.524675; 153198; 17
1670089744.549676; 153223; 17
1670089744.574673; 153248; 17
1670089744.599674; 153273; 17
1670089744.624678; 153298; 17
1670089744.649677; 153323; 17
1670089744.674675; 153348; 17
1670089744.699675; 153373; 17
1670089744.724695; 153398; 17
1670089744.749679; 153423; 17
1670089744.774676; 153448; 17
1670089744.799675; 153473; 17
1670089744.824675; 153498; 17
1670089744.849679; 153523; 17
1670089744.874672; 153548; 17
1670089744.899675; 153573; 17
1670089744.924671; 153598; 17
1670089744.949675; 153623; 17
1670089744.974676; 153648; 17
1670089744.999675; 153673; 17
1670089745.024674; 153698; 17
1670089745.049680; 153723; 17
1670089745.074677; 153748; 17
1670089745.099676; 153773; 17
1670089745.124676; 153798; 17
1670089745.149675; 153823; 17
1670089745.174672; 153848; 17
1670089745.199675; 153873; 17
1670089745.224670; 153898; 17
1670089745.249679; 153923; 17
1670089745.274676; 153948; 17
1670089745.299708; 153973; 17
1670089745.324690; 153998; 17
1670089745.349675; 154023; 17
1670089745.374676; 154048; 17
1670089745.399675; 154073; 17
1670089745.424674; 154098; 17
1670089745.449678; 154123; 17
1670089745.474677; 154148; 17
1670089745.499670; 154173; 17
1670089745.524670; 154198; 17
1670089745.549671; 154223; 17
1670089745.574679; 154248; 17
1670089745.599672; 154273; 17
1670089745.624675; 154298; 17
1670089745.649674; 154323; 17
1670089745.674683; 154348; 17
1670089745.699672; 154373; 17
1670089745.724675; 154398; 17
1670089745.749670; 154423; 17
1670089745.774675; 154448; 17
1670089745.799672; 154473; 17
1670089745.824675; 154498; 17
1670089745.849675; 154523; 17
1670089745.874675; 154548; 17
1670089745.899676; 154573; 17
1670089745.924674; 154598; 17
1670089745.949674; 154623; 17
1670089745.974679; 154648; 17
1670089745.999676; 154673; 17
1670089746.024674; 154698; 17
1670089746.049672; 154723; 17
1670089746.074684; 154748; 17
1670089746.099677; 154773; 17
1670089746.124675; 154798; 17
1670089746.149675; 154823; 17
1670089746.174679; 154848; 17
1670089746.199676; 154873; 17
1670089746.224675; 154898; 17
1670089746.249674; 154923; 17
1670089746.274674; 154948; 17
1670089746.299679; 154973; 17
1670089746.324676; 154998; 17
1670089746.349674; 155023; 17
1670089746.374675; 155048; 17
1670089746.399675; 155073; 17
1670089746.424676; 155098; 17
1670089746.449670; 155123; 17
1670089746.474670; 155148; 17
1670089746.499679; 155173; 17
1670089746.524672; 155198; 17
1670089746.549675; 155223; 17
1670089746.574674; 155248; 17
1670089746.599679; 155273; 17
1670089746.624672; 155298; 17
1670089746.649675; 155323; 17
1670089746.674674; 155348; 17
1670089746.699679; 155373; 17
1670089746.724672; 155398; 17
1670089746.749675; 155423; 17
1670089746.774671; 155448; 17
1670089746.799679; 155473; 17
1670089746.824699; 155498; 17
1670089746.849675; 155523; 17
1670089746.874675; 155548; 17
1670089746.899679; 155573; 17
1670089746.924676; 155598; 17
1670089746.949671; 155623; 17
1670089746.974670; 155648; 17
1670089746.999675; 155673; 17
1670089747.024674; 155698; 17
1670089747.049676; 155723; 17
1670089747.074676; 155748; 17
1670089747.099676; 155773; 17
1670089747.124676; 155798; 17
1670089747.149676; 155823; 17
1670089747.174675; 155848; 17
1670089747.199670; 155873; 17
1670089747.224680; 155898; 17
1670089747.249676; 155923; 17
1670089747.274695; 155948; 17
1670089747.299671; 155973; 17
1670089747.324679; 155998; 17
1670089747.349677; 156023; 17
1670089747.374675; 156048; 17
1670089747.399675; 156073; 17
1670089747.424679; 156098; 17
1670089747.449676; 156123; 17
1670089747.474670; 156148; 17
1670089747.499670; 156173; 17
1670089747.524679; 156198; 17
1670089747.549672; 156223; 17
1670089747.574675; 156248; 17
1670089747.599675; 156273; 17
1670089747.624679; 156298; 17
1670089747.649676; 156323; 17
1670089747.674674; 156348; 17
1670089747.699674; 156373; 17
1670089747.724679; 156398; 17
1670089747.749676; 156423; 17
1670089747.774675; 156448; 17
1670089747.799681; 156473; 17
1670089747.824674; 156498; 17
1670089747.849677; 156523; 17
1670089747.874688; 156548; 17
1670089747.899671; 156573; 17
1670089747.924671; 156598; 17
1670089747.949675; 156623; 17
1670089747.974676; 156648; 17
1670089747.999674; 156673; 17
1670089748.024674; 156698; 17
1670089748.049681; 156723; 17
1670089748.074673; 156748; 17
1670089748.099672; 156773; 17
1670089748.124672; 156798; 17
1670089748.149679; 156823; 17
1670089748.174671; 156848; 17
1670089748.199674; 156873; 17
1670089748.224674; 156898; 17
1670089748.249680; 156923; 17
1670089748.274676; 156948; 17
1670089748.299674; 156973; 17
1670089748.324675; 156998; 17
1670089748.349675; 157023; 17
1670089748.374676; 157048; 17
1670089748.399675; 157073; 17
1670089748.424674; 157098; 17
1670089748.449679; 157123; 17
1670089748.474676; 157148; 17
1670089748.499674; 157173; 17
1670089748.524674; 157198; 17
1670089748.549679; 157223; 17
1670089748.574676; 157248; 17
1670089748.599675; 157273; 17
1670089748.624675; 157298; 17
1670089748.649674; 157323; 17
1670089748.674677; 157348; 17
1670089748.699671; 157373; 17
1670089748.724675; 157398; 17
1670089748.749674; 157423; 17
1670089748.774675; 157448; 17
1670089748.799676; 157473; 17
1670089748.824675; 157498; 17
1670089748.849675; 157523; 17
1670089748.874674; 157548; 17
1670089748.899672; 157573; 17
1670089748.924675; 157598; 17
1670089748.949674; 157623; 17
1670089748.974683; 157648; 17
1670089748.999676; 157673; 17
1670089749.024675; 157698; 17
1670089749.049676; 157723; 17
1670089749.074680; 157748; 17
1670089749.099677; 157773; 17
1670089749.124676; 157798; 17
1670089749.149674; 157823; 17
1670089749.174675; 157848; 17
1670089749.199676; 157873; 17
1670089749.224674; 157898; 17
1670089749.249670; 157923; 17
1670089749.274675; 157948; 17
1670089749.299676; 157973; 17
1670089749.324674; 157998; 17
1670089749.349684; 158023; 17
1670089749.374686; 158048; 17
1670089749.399672; 158073; 17
1670089749.424674; 158098; 17
1670089749.449675; 158123; 17
1670089749.474675; 158148; 17
1670089749.499679; 158173; 17
1670089749.524676; 158198; 17
1670089749.549674; 158223; 17
1670089749.574674; 158248; 17
1670089749.599675; 158273; 17
1670089749.624676; 158298; 17
1670089749.649674; 158323; 17
1670089749.674698; 158348; 17
1670089749.699679; 158373; 17
1670089749.724676; 158398; 17
1670089749.749674; 158423; 17
1670089749.774674; 158448; 17
1670089749.799679; 158473; 17
1670089749.824700; 158498; 17
1670089749.849678; 158523; 17
1670089749.874675; 158548; 17
1670089749.899674; 158573; 17
1670089749.924672; 158598; 17
1670089749.949675; 158623; 17
1670089749.974677; 158648; 17
1670089749.999675; 158673; 17
1670089750.024672; 158698; 17
1670089750.049672; 158723; 17
1670089750.074672; 158748; 17
1670089750.099676; 158773; 17
1670089750.124673; 158798; 17
1670089750.149674; 158823; 17
1670089750.174674; 158848; 17
1670089750.199679; 158873; 17
1670089750.224676; 158898; 17
1670089750.249674; 158923; 17
1670089750.274674; 158948; 17
1670089750.299674; 158973; 17
1670089750.324679; 158998; 17
1670089750.349676; 159023; 17
1670089750.374670; 159048; 17
1670089750.399675; 159073; 17
1670089750.424675; 159098; 17
1670089750.449676; 159123; 17
1670089750.474674; 159148; 17
1670089750.499674; 159173; 17
1670089750.524675; 159198; 17
1670089750.549672; 159223; 17
1670089750.574675; 159248; 17
1670089750.599675; 159273; 17
1670089750.624683; 159298; 16
1670089750.649676; 159323; 16
1670089750.674673; 159348; 16
1670089750.699679; 159373; 16
1670089750.724679; 159398; 17
1670089750.749676; 159423; 17
1670089750.774674; 159448; 17
1670089750.799675; 159473; 17
1670089750.824679; 159498; 17
1670089750.849676; 159523; 17
1670089750.874671; 159548; 17
1670089750.899675; 159573; 17
1670089750.924676; 159598; 17
1670089750.949676; 159623; 17
1670089750.974674; 159648; 17
1670089750.999674; 159673; 17
1670089751.024678; 159698; 17
1670089751.049674; 159723; 17
1670089751.074676; 159748; 17
1670089751.099676; 159773; 17
1670089751.124676; 159798; 17
1670089751.149675; 159823; 17
1670089751.174672; 159848; 17
1670089751.199675; 159873; 17
1670089751.224674; 159898; 17
1670089751.249679; 159923; 17
1670089751.274676; 159948; 17
1670089751.299674; 159973; 17
1670089751.324674; 159998; 17
1670089751.349679; 160023; 17
1670089751.374676; 160048; 17
1670089751.399675; 160073; 17
1670089751.424675; 160098; 17
1670089751.449683; 160123; 17
1670089751.474676; 160148; 17
1670089751.499674; 160173; 17
1670089751.524674; 160198; 17
1670089751.549675; 160223; 17
1670089751.574676; 160248; 17
1670089751.599674; 160273; 17
1670089751.624674; 160298; 17
1670089751.649679; 160323; 17
1670089751.674676; 160348; 17
1670089751.699675; 160373; 17
1670089751.724674; 160398; 17
1670089751.749679; 160423; 17
1670089751.774676; 160448; 17
1670089751.799674; 160473; 17
1670089751.824674; 160498; 17
1670089751.849678; 160523; 17
1670089751.874673; 160548; 17
1670089751.899670; 160573; 17
1670089751.924670; 160598; 17
1670089751.949674; 160623; 17
1670089751.974679; 160648; 17
1670089751.999676; 160673; 17
1670089752.024674; 160698; 17
1670089752.049672; 160723; 17
1670089752.074676; 160748; 17
1670089752.099673; 160773; 17
1670089752.124672; 160798; 17
1670089752.149672; 160823; 17
1670089752.174679; 160848; 17
1670089752.199676; 160873; 17
1670089752.224674; 160898; 17
1670089752.249675; 160923; 17
1670089752.274683; 160948; 17
1670089752.299676; 160973; 17
1670089752.324674; 160998; 17
1670089752.349674; 161023; 17
1670089752.374675; 161048; 17
1670089752.399676; 161073; 17
1670089752.424675; 161098; 17
1670089752.449675; 161123; 17
1670089752.474675; 161148; 17
1670089752.499672; 161173; 17
1670089752.524675; 161198; 17
1670089752.549675; 161223; 17
1670089752.574675; 161248; 17
1670089752.599676; 161273; 17
1670089752.624675; 161298; 17
1670089752.649675; 161323; 17
1670089752.674675; 161348; 17
1670089752.699679; 161373; 17
1670089752.724676; 161398; 17
1670089752.749671; 161423; 17
1670089752.774675; 161448; 17
1670089752.799679; 161473; 17
1670089752.824676; 161498; 17
1670089752.849671; 161523; 17
1670089752.874674; 161548; 17
1670089752.899679; 161573; 17
1670089752.924676; 161598; 17
1670089752.949674; 161623; 17
1670089752.974674; 161648; 17
1670089752.999679; 161673; 17
1670089753.024676; 161698; 17
1670089753.049676; 161723; 17
1670089753.074676; 161748; 17
1670089753.099680; 161773; 17
1670089753.124673; 161798; 17
1670089753.149675; 161823; 17
1670089753.174675; 161848; 17
1670089753.199679; 161873; 17
1670089753.224676; 161898; 17
1670089753.249675; 161923; 17
1670089753.274675; 161948; 17
1670089753.299675; 161973; 17
1670089753.324672; 161998; 17
1670089753.349675; 162023; 17
1670089753.374670; 162048; 17
1670089753.399679; 162073; 17
1670089753.424676; 162098; 17
1670089753.449674; 162123; 17
1670089753.474674; 162148; 17
1670089753.499674; 162173; 17
1670089753.524679; 162198; 17
1670089753.549676; 162223; 17
1670089753.574674; 162248; 17
1670089753.599670; 162273; 17
1670089753.624675; 162298; 17
1670089753.649676; 162323; 17
1670089753.674674; 162348; 17
1670089753.699674; 162373; 17
1670089753.724679; 162398; 17
1670089753.749676; 162423; 17
1670089753.774675; 162448; 17
1670089753.799670; 162473; 17
1670089753.824679; 162498; 17
1670089753.849676; 162523; 17
1670089753.874671; 162548; 17
1670089753.899674; 162573; 17
1670089753.924679; 162598; 17
1670089753.949672; 162623; 17
1670089753.974675; 162648; 17
1670089753.999670; 162673; 17
1670089754.024675; 162698; 17
1670089754.049677; 162723; 17
1670089754.074676; 162748; 17
1670089754.099676; 162773; 17
1670089754.124680; 162798; 17
1670089754.149676; 162823; 17
1670089754.174674; 162848; 17
1670089754.199696; 162873; 17
1670089754.224678; 162898; 17
1670089754.249677; 162923; 17
1670089754.274671; 162948; 17
1670089754.299671; 162973; 17
1670089754.324671; 162998; 17
1670089754.349679; 163023; 17
1670089754.374672; 163048; 17
1670089754.399675; 163073; 17
1670089754.424675; 163098; 17
1670089754.449679; 163123; 17
1670089754.474676; 163148; 17
1670089754.499674; 163173; 17
1670089754.524674; 163198; 17
1670089754.549679; 163223; 17
1670089754.574676; 163248; 17
1670089754.599674; 163273; 17
1670089754.624671; 163298; 17
1670089754.649679; 163323; 17
1670089754.674676; 163348; 17
1670089754.699674; 163373; 17
1670089754.724674; 163398; 17
1670089754.749683; 163423; 17
1670089754.774676; 163448; 17
1670089754.799674; 163473; 17
1670089754.824674; 163498; 17
1670089754.849679; 163523; 17
1670089754.874676; 163548; 17
1670089754.899674; 163573; 17
1670089754.924674; 163598; 17
1670089754.949679; 163623; 17
1670089754.974676; 163648; 17
1670089754.999674; 163673; 17
1670089755.024688; 163698; 17
1670089755.049679; 163723; 17
1670089755.074678; 163748; 17
1670089755.099676; 163773; 17
1670089755.124676; 163798; 17
1670089755.149675; 163823; 17
1670089755.174679; 163848; 17
1670089755.199676; 163873; 17
1670089755.224678; 163898; 17
1670089755.249675; 163923; 17
1670089755.274679; 163948; 17
1670089755.299676; 163973; 17
1670089755.324674; 163998; 17
1670089755.349674; 164023; 17
1670089755.374675; 164048; 17
1670089755.399672; 164073; 17
1670089755.424675; 164098; 17
1670089755.449674; 164123; 17
1670089755.474679; 164148; 17
1670089755.499676; 164173; 17
1670089755.524674; 164198; 17
1670089755.549674; 164223; 17
1670089755.574679; 164248; 17
1670089755.599676; 164273; 17
1670089755.624674; 164298; 17
1670089755.649675; 164323; 17
1670089755.674679; 164348; 17
1670089755.699676; 164373; 17
1670089755.724674; 164398; 17
1670089755.749674; 164423; 17
1670089755.774679; 164448; 17
1670089755.799676; 164473; 17
1670089755.824674; 164498; 17
1670089755.849675; 164523; 17
1670089755.874675; 164548; 17
1670089755.899675; 164573; 17
1670089755.924676; 164598; 17
1670089755.949674; 164623; 17
1670089755.974674; 164648; 17
1670089755.999683; 164673; 17
1670089756.024676; 164698; 17
1670089756.049671; 164723; 17
1670089756.074672; 164748; 17
1670089756.099676; 164773; 17
1670089756.124673; 164798; 16
1670089756.149674; 164823; 16
1670089756.174674; 164848; 16
1670089756.199679; 164873; 16
1670089756.224676; 164898; 16
1670089756.249671; 164923; 17
1670089756.274670; 164948; 17
1670089756.299679; 164973; 17
1670089756.324676; 164998; 17
1670089756.349674; 165023; 17
1670089756.374674; 165048; 17
1670089756.399683; 165073; 17
1670089756.424672; 165098; 17
1670089756.449675; 165123; 17
1670089756.474675; 165148; 17
1670089756.499679; 165173; 17
1670089756.524689; 165198; 17
1670089756.549707; 165223; 17
1670089756.574671; 165248; 17
1670089756.599679; 165273; 17
1670089756.624672; 165298; 17
1670089756.649675; 165323; 17
1670089756.674675; 165348; 17
1670089756.699675; 165373; 17
1670089756.724675; 165398; 17
1670089756.749672; 165423; 17
1670089756.774675; 165448; 17
1670089756.799675; 165473; 17
1670089756.824683; 165498; 17
1670089756.849676; 165523; 17
1670089756.874671; 165548; 17
1670089756.899675; 165573; 17
1670089756.924679; 165598; 17
1670089756.949676; 165623; 17
1670089756.974675; 165648; 17
1670089756.999675; 165673; 17
1670089757.024675; 165698; 17
1670089757.049677; 165723; 17
1670089757.074676; 165748; 17
1670089757.099676; 165773; 17
1670089757.124680; 165798; 17
1670089757.149676; 165823; 17
1670089757.174675; 165848; 17
1670089757.199675; 165873; 17
1670089757.224683; 165898; 17
1670089757.249675; 165923; 17
1670089757.274675; 165948; 17
1670089757.299675; 165973; 17
1670089757.324679; 165998; 17
1670089757.349676; 166023; 17
1670089757.374670; 166048; 17
1670089757.399675; 166073; 17
1670089757.424678; 166098; 17
1670089757.449673; 166123; 17
1670089757.474675; 166148; 17
1670089757.499671; 166173; 17
1670089757.524670; 166198; 17
1670089757.549679; 166223; 17
1670089757.574676; 166248; 17
1670089757.599675; 166273; 17
1670089757.624675; 166298; 17
1670089757.649683; 166323; 17
1670089757.674676; 166348; 17
1670089757.699675; 166373; 17
1670089757.724675; 166398; 17
1670089757.749679; 166423; 17
1670089757.774676; 166448; 17
1670089757.799674; 166473; 17
1670089757.824674; 166498; 17
1670089757.849679; 166523; 17
1670089757.874672; 166548; 17
1670089757.899671; 166573; 17
1670089757.924671; 166598; 17
1670089757.949675; 166623; 17
1670089757.974676; 166648; 17
1670089757.999671; 166673; 17
1670089758.024671; 166698; 17
1670089758.049684; 166723; 17
1670089758.074677; 166748; 17
1670089758.099676; 166773; 17
1670089758.124675; 166798; 17
1670089758.149679; 166823; 17
1670089758.174676; 166848; 17
1670089758.199677; 166873; 17
1670089758.224671; 166898; 17
1670089758.249674; 166923; 17
1670089758.274677; 166948; 17
1670089758.299674; 166973; 17
1670089758.324674; 166998; 17
1670089758.349674; 167023; 17
1670089758.374679; 167048; 17
1670089758.399676; 167073; 17
1670089758.424674; 167098; 17
1670089758.449694; 167123; 17
1670089758.474683; 167148; 17
1670089758.499676; 167173; 17
1670089758.524671; 167198; 17
1670089758.549671; 167223; 17
1670089758.574675; 167248; 17
1670089758.599676; 167273; 17
1670089758.624674; 167298; 17
1670089758.649674; 167323; 17
1670089758.674679; 167348; 17
1670089758.699676; 167373; 17
1670089758.724671; 167398; 17
1670089758.749675; 167423; 17
1670089758.774675; 167448; 17
1670089758.799676; 167473; 17
1670089758.824675; 167498; 17
1670089758.849674; 167523; 17
1670089758.874683; 167548; 17
1670089758.899676; 167573; 17
1670089758.924675; 167598; 17
1670089758.949675; 167623; 17
1670089758.974679; 167648; 17
1670089758.999676; 167673; 17
1670089759.024671; 167698; 17
1670089759.049672; 167723; 17
1670089759.074672; 167748; 17
1670089759.099676; 167773; 17
1670089759.124677; 167798; 17
1670089759.149670; 167823; 17
1670089759.174671; 167848; 17
1670089759.199679; 167873; 17
1670089759.224676; 167898; 17
1670089759.249675; 167923; 17
1670089759.274674; 167948; 17
1670089759.299683; 167973; 17
1670089759.324676; 167998; 17
1670089759.349675; 168023; 17
1670089759.374671; 168048; 17
1670089759.399675; 168073; 17
1670089759.424672; 168098; 17
1670089759.449675; 168123; 17
1670089759.474679; 168148; 17
1670089759.499679; 168173; 17
1670089759.524700; 168198; 17
1670089759.549676; 168223; 17
1670089759.574675; 168248; 17
1670089759.599675; 168273; 17
1670089759.624676; 168298; 17
1670089759.649674; 168323; 17
1670089759.674674; 168348; 17
1670089759.699679; 168373; 17
1670089759.724676; 168398; 17
1670089759.749674; 168423; 17
1670089759.774675; 168448; 17
1670089759.799679; 168473; 17
1670089759.824676; 168498; 17
1670089759.849675; 168523; 17
1670089759.874675; 168548; 17
1670089759.899675; 168573; 17
1670089759.924675; 168598; 17
1670089759.949676; 168623; 17
1670089759.974670; 168648; 17
1670089759.999675; 168673; 17
1670089760.024675; 168698; 17
1670089760.049677; 168723; 17
1670089760.074676; 168748; 17
1670089760.099676; 168773; 17
1670089760.124684; 168798; 17
1670089760.149676; 168823; 17
1670089760.174674; 168848; 17
1670089760.199674; 168873; 17
1670089760.224679; 168898; 16
1670089760.249676; 168923; 16
1670089760.274674; 168948; 16
1670089760.299674; 168973; 16
1670089760.324679; 168998; 17
1670089760.349676; 169023; 17
1670089760.374671; 169048; 17
1670089760.399671; 169073; 17
1670089760.424679; 169098; 17
1670089760.449676; 169123; 17
1670089760.474670; 169148; 17
1670089760.499674; 169173; 17
1670089760.524679; 169198; 17
1670089760.549671; 169223; 17
1670089760.574675; 169248; 17
1670089760.599675; 169273; 17
1670089760.624674; 169298; 17
1670089760.649677; 169323; 17
1670089760.674671; 169348; 17
1670089760.699675; 169373; 17
1670089760.724675; 169398; 16
1670089760.749675; 169423; 16
1670089760.774676; 169448; 16
1670089760.799671; 169473; 16
1670089760.824674; 169498; 16
1670089760.849679; 169523; 17
1670089760.874676; 169548; 17
1670089760.899674; 169573; 17
1670089760.924674; 169598; 17
1670089760.949683; 169623; 17
1670089760.974676; 169648; 17
1670089760.999671; 169673; 17
1670089761.024675; 169698; 17
1670089761.049676; 169723; 17
1670089761.074677; 169748; 17
1670089761.099676; 169773; 17
1670089761.124676; 169798; 17
1670089761.149675; 169823; 16
1670089761.174672; 169848; 16
1670089761.199675; 169873; 16
1670089761.224674; 169898; 16
1670089761.249679; 169923; 16
1670089761.274676; 169948; 16
1670089761.299675; 169973; 16
1670089761.324675; 169998; 16
1670089761.349679; 170023; 17
1670089761.374676; 170048; 17
1670089761.399675; 170073; 17
1670089761.424675; 170098; 17
1670089761.449674; 170123; 17
1670089761.474677; 170148; 17
1670089761.499670; 170173; 17
1670089761.524670; 170198; 17
1670089761.549671; 170223; 17
1670089761.574679; 170248; 17
1670089761.599676; 170273; 17
1670089761.624669; 170298; 17
1670089761.649671; 170323; 16
1670089761.674679; 170348; 16
1670089761.699676; 170373; 16
1670089761.724675; 170398; 16
1670089761.749674; 170423; 17
1670089761.774683; 170448; 17
1670089761.799672; 170473; 17
1670089761.824675; 170498; 17
1670089761.849675; 170523; 17
1670089761.874679; 170548; 17
1670089761.899676; 170573; 17
1670089761.924674; 170598; 17
1670089761.949674; 170623; 17
1670089761.974675; 170648; 17
1670089761.999672; 170673; 17
1670089762.024675; 170698; 17
1670089762.049676; 170723; 17
1670089762.074680; 170748; 16
1670089762.099677; 170773; 16
1670089762.124676; 170798; 16
1670089762.149674; 170823; 16
1670089762.174683; 170848; 16
1670089762.199672; 170873; 16
1670089762.224675; 170898; 16
1670089762.249675; 170923; 16
1670089762.274675; 170948; 17
1670089762.299679; 170973; 17
1670089762.324676; 170998; 17
1670089762.349674; 171023; 17
1670089762.374670; 171048; 17
1670089762.399679; 171073; 17
1670089762.424676; 171098; 17
1670089762.449675; 171123; 17
1670089762.474675; 171148; 16
1670089762.499675; 171173; 16
1670089762.524676; 171198; 16
1670089762.549674; 171223; 16
1670089762.574674; 171248; 16
1670089762.599683; 171273; 16
1670089762.624676; 171298; 16
1670089762.649675; 171323; 16
1670089762.674674; 171348; 17
1670089762.699679; 171373; 17
1670089762.724676; 171398; 17
1670089762.749674; 171423; 17
1670089762.774674; 171448; 17
1670089762.799679; 171473; 17
1670089762.824676; 171498; 17
1670089762.849674; 171523; 17
1670089762.874671; 171548; 16
1670089762.899679; 171573; 16
1670089762.924676; 171598; 16
1670089762.949674; 171623; 16
1670089762.974674; 171648; 16
1670089762.999683; 171673; 16
1670089763.024672; 171698; 16
1670089763.049672; 171723; 16
1670089763.074672; 171748; 16
1670089763.099672; 171773; 16
1670089763.124676; 171798; 16
1670089763.149676; 171823; 16
1670089763.174675; 171848; 16
1670089763.199675; 171873; 17
1670089763.224675; 171898; 17
1670089763.249676; 171923; 17
1670089763.274674; 171948; 17
1670089763.299674; 171973; 17
1670089763.324679; 171998; 17
1670089763.349676; 172023; 17
1670089763.374670; 172048; 17
1670089763.399671; 172073; 16
1670089763.424683; 172098; 16
1670089763.449672; 172123; 16
1670089763.474675; 172148; 16
1670089763.499675; 172173; 16
1670089763.524679; 172198; 16
1670089763.549676; 172223; 16
1670089763.574674; 172248; 16
1670089763.599674; 172273; 17
1670089763.624675; 172298; 17
1670089763.649676; 172323; 17
1670089763.674675; 172348; 17
1670089763.699671; 172373; 17
1670089763.724675; 172398; 17
1670089763.749676; 172423; 17
1670089763.774675; 172448; 17
1670089763.799674; 172473; 16
1670089763.824678; 172498; 16
1670089763.849673; 172523; 16
1670089763.874671; 172548; 16
1670089763.899671; 172573; 16
1670089763.924675; 172598; 16
1670089763.949675; 172623; 16
1670089763.974676; 172648; 16
1670089763.999674; 172673; 16
1670089764.024675; 172698; 16
1670089764.049680; 172723; 16
1670089764.074677; 172748; 16
1670089764.099676; 172773; 17
1670089764.124676; 172798; 17
1670089764.149675; 172823; 17
1670089764.174676; 172848; 17
1670089764.199675; 172873; 17
1670089764.224675; 172898; 17
1670089764.249683; 172923; 17
1670089764.274676; 172948; 17
1670089764.299674; 172973; 17
1670089764.324674; 172998; 16
1670089764.349679; 173023; 16
1670089764.374672; 173048; 16
1670089764.399675; 173073; 16
1670089764.424675; 173098; 16
1670089764.449675; 173123; 16
1670089764.474676; 173148; 16
1670089764.499675; 173173; 16
1670089764.524675; 173198; 17
1670089764.549675; 173223; 17
1670089764.574676; 173248; 17
1670089764.599674; 173273; 17
1670089764.624674; 173298; 17
1670089764.649682; 173323; 17
1670089764.674677; 173348; 17
1670089764.699671; 173373; 17
1670089764.724675; 173398; 17
1670089764.749674; 173423; 17
1670089764.774679; 173448; 17
1670089764.799676; 173473; 17
1670089764.824675; 173498; 17
1670089764.849670; 173523; 17
1670089764.874675; 173548; 17
1670089764.899676; 173573; 17
1670089764.924675; 173598; 17
1670089764.949675; 173623; 17
1670089764.974675; 173648; 17
1670089764.999676; 173673; 17
1670089765.024674; 173698; 17
1670089765.049672; 173723; 17
1670089765.074680; 173748; 17
1670089765.099673; 173773; 17
1670089765.124672; 173798; 17
1670089765.149675; 173823; 17
1670089765.174679; 173848; 17
1670089765.199676; 173873; 17
1670089765.224675; 173898; 17
1670089765.249675; 173923; 17
1670089765.274679; 173948; 17
1670089765.299672; 173973; 17
1670089765.324671; 173998; 17
1670089765.349670; 174023; 17
1670089765.374679; 174048; 17
1670089765.399676; 174073; 17
1670089765.424675; 174098; 18
1670089765.449675; 174123; 18
1670089765.474671; 174148; 18
1670089765.499683; 174173; 18
1670089765.524676; 174198; 18
1670089765.549675; 174223; 18
1670089765.574675; 174248; 18
1670089765.599679; 174273; 18
1670089765.624676; 174298; 18
1670089765.649674; 174323; 17
1670089765.674671; 174348; 17
1670089765.699679; 174373; 17
1670089765.724676; 174398; 17
1670089765.749674; 174423; 17
1670089765.774675; 174448; 17
1670089765.799675; 174473; 17
1670089765.824676; 174498; 17
1670089765.849674; 174523; 17
1670089765.874675; 174548; 17
1670089765.899683; 174573; 17
1670089765.924676; 174598; 17
1670089765.949674; 174623; 18
1670089765.974674; 174648; 18
1670089765.999679; 174673; 18
1670089766.024676; 174698; 18
1670089766.049676; 174723; 17
1670089766.074676; 174748; 17
1670089766.099680; 174773; 17
1670089766.124677; 174798; 17
1670089766.149671; 174823; 17
1670089766.174671; 174848; 17
1670089766.199679; 174873; 17
1670089766.224676; 174898; 17
1670089766.249674; 174923; 17
1670089766.274674; 174948; 17
1670089766.299671; 174973; 17
1670089766.324679; 174998; 17
1670089766.349676; 175023; 18
1670089766.374674; 175048; 18
1670089766.399674; 175073; 18
1670089766.424679; 175098; 18
1670089766.449676; 175123; 17
1670089766.474675; 175148; 17
1670089766.499675; 175173; 17
1670089766.524675; 175198; 17
1670089766.549676; 175223; 17
1670089766.574674; 175248; 17
1670089766.599674; 175273; 17
1670089766.624679; 175298; 17
1670089766.649676; 175323; 17
1670089766.674674; 175348; 17
1670089766.699671; 175373; 17
1670089766.724683; 175398; 17
1670089766.749672; 175423; 17
1670089766.774675; 175448; 17
1670089766.799675; 175473; 17
1670089766.824679; 175498; 17
1670089766.849676; 175523; 17
1670089766.874675; 175548; 18
1670089766.899674; 175573; 18
1670089766.924679; 175598; 18
1670089766.949676; 175623; 18
1670089766.974675; 175648; 17
1670089766.999675; 175673; 17
1670089767.024678; 175698; 17
1670089767.049678; 175723; 17
1670089767.074672; 175748; 17
1670089767.099672; 175773; 17
1670089767.124672; 175798; 17
1670089767.149679; 175823; 17
1670089767.174676; 175848; 17
1670089767.199674; 175873; 17
1670089767.224674; 175898; 17
1670089767.249679; 175923; 17
1670089767.274676; 175948; 18
1670089767.299675; 175973; 18
1670089767.324675; 175998; 18
1670089767.349675; 176023; 18
1670089767.374676; 176048; 17
1670089767.399674; 176073; 17
1670089767.424674; 176098; 17
1670089767.449679; 176123; 17
1670089767.474676; 176148; 17
1670089767.499674; 176173; 17
1670089767.524671; 176198; 17
1670089767.549679; 176223; 17
1670089767.574676; 176248; 17
1670089767.599674; 176273; 17
1670089767.624670; 176298; 17
1670089767.649675; 176323; 17
1670089767.674676; 176348; 17
1670089767.699674; 176373; 17
1670089767.724675; 176398; 17
1670089767.749675; 176423; 17
1670089767.774676; 176448; 17
1670089767.799675; 176473; 17
1670089767.824675; 176498; 17
1670089767.849678; 176523; 17
1670089767.874673; 176548; 17
1670089767.899675; 176573; 17
1670089767.924670; 176598; 17
1670089767.949675; 176623; 17
1670089767.974683; 176648; 17
1670089767.999676; 176673; 17
1670089768.024674; 176698; 17
1670089768.049672; 176723; 17
1670089768.074676; 176748; 17
1670089768.099673; 176773; 17
1670089768.124672; 176798; 17
1670089768.149671; 176823; 17
1670089768.174679; 176848; 17
1670089768.199676; 176873; 17
1670089768.224674; 176898; 17
1670089768.249674; 176923; 17
1670089768.274679; 176948; 17
1670089768.299676; 176973; 17
1670089768.324674; 176998; 17
1670089768.349675; 177023; 17
1670089768.374683; 177048; 17
1670089768.399676; 177073; 17
1670089768.424674; 177098; 17
1670089768.449674; 177123; 17
1670089768.474679; 177148; 17
1670089768.499676; 177173; 17
1670089768.524675; 177198; 17
1670089768.549671; 177223; 17
1670089768.574679; 177248; 17
1670089768.599676; 177273; 17
1670089768.624675; 177298; 17
1670089768.649675; 177323; 17
1670089768.674675; 177348; 17
1670089768.699679; 177373; 17
1670089768.724676; 177398; 17
1670089768.749674; 177423; 17
1670089768.774675; 177448; 17
1670089768.799679; 177473; 17
1670089768.824676; 177498; 17
1670089768.849687; 177523; 17
1670089768.874675; 177548; 17
1670089768.899675; 177573; 17
1670089768.924676; 177598; 17
1670089768.949671; 177623; 17
1670089768.974675; 177648; 17
1670089768.999675; 177673; 17
1670089769.024676; 177698; 17
1670089769.049676; 177723; 17
1670089769.074676; 177748; 17
1670089769.099680; 177773; 17
1670089769.124677; 177798; 18
1670089769.149671; 177823; 18
1670089769.174674; 177848; 18
1670089769.199679; 177873; 18
1670089769.224676; 177898; 17
1670089769.249674; 177923; 17
1670089769.274674; 177948; 17
1670089769.299679; 177973; 17
1670089769.324676; 177998; 17
1670089769.349675; 178023; 17
1670089769.374675; 178048; 17
1670089769.399679; 178073; 17
1670089769.424676; 178098; 17
1670089769.449674; 178123; 17
1670089769.474675; 178148; 17
1670089769.499675; 178173; 17
1670089769.524675; 178198; 18
1670089769.549672; 178223; 18
1670089769.574675; 178248; 18
1670089769.599675; 178273; 18
1670089769.624679; 178298; 18
1670089769.649676; 178323; 18
1670089769.674674; 178348; 18
1670089769.699674; 178373; 18
1670089769.724679; 178398; 17
1670089769.749676; 178423; 17
1670089769.774674; 178448; 17
1670089769.799674; 178473; 17
1670089769.824675; 178498; 17
1670089769.849672; 178523; 17
1670089769.874675; 178548; 17
1670089769.899674; 178573; 17
1670089769.924679; 178598; 17
1670089769.949676; 178623; 17
1670089769.974671; 178648; 17
1670089769.999671; 178673; 17
1670089770.024683; 178698; 18
1670089770.049677; 178723; 18
1670089770.074676; 178748; 18
1670089770.099676; 178773; 18
1670089770.124681; 178798; 18
1670089770.149676; 178823; 17
1670089770.174675; 178848; 17
1670089770.199674; 178873; 17
1670089770.224678; 178898; 17
1670089770.249673; 178923; 17
1670089770.274675; 178948; 17
1670089770.299675; 178973; 17
1670089770.324675; 178998; 17
1670089770.349675; 179023; 17
1670089770.374676; 179048; 17
1670089770.399675; 179073; 17
1670089770.424674; 179098; 17
1670089770.449683; 179123; 18
1670089770.474676; 179148; 18
1670089770.499675; 179173; 18
1670089770.524675; 179198; 18
1670089770.549679; 179223; 18
1670089770.574676; 179248; 18
1670089770.599675; 179273; 18
1670089770.624675; 179298; 18
1670089770.649675; 179323; 17
1670089770.674676; 179348; 17
1670089770.699671; 179373; 17
1670089770.724675; 179398; 17
1670089770.749679; 179423; 17
1670089770.774676; 179448; 17
1670089770.799675; 179473; 17
1670089770.824675; 179498; 17
1670089770.849683; 179523; 17
1670089770.874676; 179548; 17
1670089770.899674; 179573; 17
1670089770.924674; 179598; 17
1670089770.949679; 179623; 18
1670089770.974676; 179648; 18
1670089770.999675; 179673; 18
1670089771.024674; 179698; 18
1670089771.049675; 179723; 18
1670089771.074674; 179748; 18
1670089771.099676; 179773; 18
1670089771.124676; 179798; 18
1670089771.149674; 179823; 17
1670089771.174675; 179848; 17
1670089771.199679; 179873; 17
1670089771.224670; 179898; 17
1670089771.249671; 179923; 17
1670089771.274679; 179948; 17
1670089771.299676; 179973; 17
1670089771.324677; 179998; 17
1670089771.349674; 180023; 17
1670089771.374679; 180048; 18
1670089771.399676; 180073; 18
1670089771.424675; 180098; 18
1670089771.449675; 180123; 18
1670089771.474675; 180148; 18
1670089771.499676; 180173; 18
1670089771.524675; 180198; 18
1670089771.549675; 180223; 18
1670089771.574679; 180248; 17
1670089771.599676; 180273; 17
1670089771.624670; 180298; 17
1670089771.649671; 180323; 17
1670089771.674683; 180348; 17
1670089771.699676; 180373; 17
1670089771.724674; 180398; 17
1670089771.749674; 180423; 17
1670089771.774675; 180448; 17
1670089771.799676; 180473; 17
1670089771.824675; 180498; 17
1670089771.849675; 180523; 17
1670089771.874685; 180548; 18
1670089771.899681; 180573; 18
1670089771.924672; 180598; 18
1670089771.949685; 180623; 18
1670089771.974675; 180648; 17
1670089771.999675; 180673; 17
1670089772.024676; 180698; 17
1670089772.049676; 180723; 17
1670089772.074676; 180748; 17
1670089772.099680; 180773; 17
1670089772.124673; 180798; 17
1670089772.149675; 180823; 17
1670089772.174675; 180848; 17
1670089772.199679; 180873; 17
1670089772.224672; 180898; 17
1670089772.249675; 180923; 17
1670089772.274705; 180948; 17
1670089772.299675; 180973; 17
1670089772.324676; 180998; 17
1670089772.349674; 181023; 17
1670089772.374671; 181048; 17
1670089772.399679; 181073; 17
1670089772.424676; 181098; 17
1670089772.449675; 181123; 17
1670089772.474675; 181148; 17
1670089772.499683; 181173; 17
1670089772.524676; 181198; 17
1670089772.549674; 181223; 17
1670089772.574674; 181248; 17
1670089772.599679; 181273; 17
1670089772.624676; 181298; 17
1670089772.649674; 181323; 17
1670089772.674674; 181348; 17
1670089772.699674; 181373; 17
1670089772.724679; 181398; 17
1670089772.749676; 181423; 17
1670089772.774674; 181448; 17
1670089772.799675; 181473; 18
1670089772.824675; 181498; 18
1670089772.849676; 181523; 18
1670089772.874671; 181548; 18
1670089772.899675; 181573; 17
1670089772.924679; 181598; 17
1670089772.949676; 181623; 17
1670089772.974675; 181648; 17
1670089772.999675; 181673; 17
1670089773.024679; 181698; 17
1670089773.049717; 181723; 17
1670089773.074672; 181748; 17
1670089773.099672; 181773; 17
1670089773.124676; 181798; 17
1670089773.149676; 181823; 17
1670089773.174675; 181848; 17
1670089773.199674; 181873; 18
1670089773.224679; 181898; 18
1670089773.249672; 181923; 18
1670089773.274675; 181948; 18
1670089773.299672; 181973; 18
1670089773.324679; 181998; 18
1670089773.349676; 182023; 18
1670089773.374675; 182048; 18
1670089773.399674; 182073; 17
1670089773.424674; 182098; 17
1670089773.449677; 182123; 17
1670089773.474671; 182148; 17
1670089773.499671; 182173; 17
1670089773.524675; 182198; 17
1670089773.549675; 182223; 17
1670089773.574676; 182248; 17
1670089773.599674; 182273; 17
1670089773.624674; 182298; 18
1670089773.649679; 182323; 18
1670089773.674672; 182348; 18
1670089773.699675; 182373; 18
1670089773.724675; 182398; 18
1670089773.749683; 182423; 18
1670089773.774676; 182448; 18
1670089773.799674; 182473; 18
1670089773.824675; 182498; 17
1670089773.849679; 182523; 17
1670089773.874676; 182548; 17
1670089773.899674; 182573; 17
1670089773.924674; 182598; 17
1670089773.949679; 182623; 17
1670089773.974676; 182648; 17
1670089773.999674; 182673; 17
1670089774.024674; 182698; 17
1670089774.049681; 182723; 17
1670089774.074677; 182748; 17
1670089774.099676; 182773; 17
1670089774.124676; 182798; 17
1670089774.149683; 182823; 17
1670089774.174676; 182848; 17
1670089774.199674; 182873; 17
1670089774.224674; 182898; 17
1670089774.249674; 182923; 17
1670089774.274677; 182948; 17
1670089774.299671; 182973; 17
1670089774.324671; 182998; 17
1670089774.349671; 183023; 17
1670089774.374679; 183048; 17
1670089774.399676; 183073; 17
1670089774.424674; 183098; 17
1670089774.449674; 183123; 17
1670089774.474696; 183148; 17
1670089774.499672; 183173; 17
1670089774.524675; 183198; 17
1670089774.549675; 183223; 17
1670089774.574679; 183248; 17
1670089774.599676; 183273; 17
1670089774.624674; 183298; 17
1670089774.649674; 183323; 17
1670089774.674679; 183348; 17
1670089774.699676; 183373; 17
1670089774.724675; 183398; 17
1670089774.749675; 183423; 17
1670089774.774675; 183448; 17
1670089774.799676; 183473; 17
1670089774.824675; 183498; 17
1670089774.849675; 183523; 17
1670089774.874679; 183548; 17
1670089774.899676; 183573; 17
1670089774.924674; 183598; 17
1670089774.949674; 183623; 17
1670089774.974679; 183648; 17
1670089774.999676; 183673; 17
1670089775.024674; 183698; 17
1670089775.049672; 183723; 17
1670089775.074672; 183748; 17
1670089775.099681; 183773; 17
1670089775.124677; 183798; 17
1670089775.149671; 183823; 17
1670089775.174671; 183848; 17
1670089775.199679; 183873; 17
1670089775.224676; 183898; 17
1670089775.249674; 183923; 17
1670089775.274674; 183948; 17
1670089775.299679; 183973; 17
1670089775.324676; 183998; 17
1670089775.349674; 184023; 17
1670089775.374675; 184048; 17
1670089775.399679; 184073; 17
1670089775.424676; 184098; 17
1670089775.449671; 184123; 17
1670089775.474675; 184148; 17
1670089775.499683; 184173; 17
1670089775.524672; 184198; 17
1670089775.549675; 184223; 18
1670089775.574675; 184248; 18
1670089775.599679; 184273; 18
1670089775.624676; 184298; 18
1670089775.649674; 184323; 17
1670089775.674674; 184348; 17
1670089775.699675; 184373; 17
1670089775.724672; 184398; 17
1670089775.749675; 184423; 17
1670089775.774675; 184448; 17
1670089775.799683; 184473; 17
1670089775.824676; 184498; 17
1670089775.849674; 184523; 17
1670089775.874675; 184548; 17
1670089775.899675; 184573; 17
1670089775.924679; 184598; 17
1670089775.949676; 184623; 17
1670089775.974674; 184648; 18
1670089775.999674; 184673; 18
1670089776.024679; 184698; 18
1670089776.049677; 184723; 18
1670089776.074676; 184748; 18
1670089776.099676; 184773; 18
1670089776.124676; 184798; 18
1670089776.149676; 184823; 18
1670089776.174674; 184848; 17
1670089776.199674; 184873; 17
1670089776.224679; 184898; 17
1670089776.249676; 184923; 17
1670089776.274674; 184948; 18
1670089776.299674; 184973; 18
1670089776.324675; 184998; 18
1670089776.349676; 185023; 18
1670089776.374675; 185048; 18
1670089776.399674; 185073; 18
1670089776.424679; 185098; 18
1670089776.449676; 185123; 18
1670089776.474674; 185148; 18
1670089776.499674; 185173; 18
