1670090588.528527; 64876; 29
1670090588.552969; 64901; 29
1670090588.577966; 64926; 29
1670090588.602970; 64951; 30
1670090588.627966; 64976; 30
1670090588.652970; 65001; 30
1670090588.677970; 65026; 30
1670090588.702970; 65051; 30
1670090588.727970; 65076; 30
1670090588.752970; 65101; 30
1670090588.777970; 65126; 30
1670090588.802970; 65151; 30
1670090588.827970; 65176; 30
1670090588.852970; 65201; 30
1670090588.877970; 65226; 30
1670090588.902970; 65251; 31
1670090588.927970; 65276; 31
1670090588.952970; 65301; 31
1670090588.977966; 65326; 31
1670090589.002970; 65351; 29
1670090589.027967; 65376; 29
1670090589.052967; 65401; 29
1670090589.077967; 65426; 29
1670090589.102967; 65451; 36
1670090589.127970; 65476; 36
1670090589.152966; 65501; 36
1670090589.177970; 65526; 36
1670090589.202964; 65551; 36
1670090589.227964; 65576; 45
1670090589.252964; 65601; 45
1670090589.277965; 65626; 45
1670090589.302964; 65651; 45
1670090589.327965; 65676; 46
1670090589.352965; 65701; 46
1670090589.377965; 65726; 46
1670090589.402964; 65751; 46
1670090589.427964; 65776; 43
1670090589.452970; 65801; 43
1670090589.477970; 65826; 43
1670090589.502970; 65851; 43
1670090589.527970; 65876; 33
1670090589.552970; 65901; 33
1670090589.577970; 65926; 33
1670090589.602966; 65951; 33
1670090589.627970; 65976; 23
1670090589.652970; 66001; 23
1670090589.677970; 66026; 23
1670090589.702970; 66051; 23
1670090589.727970; 66076; 23
1670090589.752970; 66101; 23
1670090589.777970; 66126; 23
1670090589.802970; 66151; 23
1670090589.827970; 66176; 23
1670090589.852970; 66201; 23
1670090589.877970; 66226; 23
1670090589.902972; 66251; 23
1670090589.927966; 66276; 23
1670090589.952970; 66301; 23
1670090589.977970; 66326; 23
1670090590.002966; 66351; 23
1670090590.027971; 66376; 22
1670090590.052971; 66401; 22
1670090590.077971; 66426; 22
1670090590.102971; 66451; 22
1670090590.127966; 66476; 22
1670090590.152970; 66501; 22
1670090590.177970; 66526; 22
1670090590.202966; 66551; 22
1670090590.227970; 66576; 22
1670090590.252970; 66601; 22
1670090590.277970; 66626; 22
1670090590.302970; 66651; 22
1670090590.327970; 66676; 22
1670090590.352970; 66701; 23
1670090590.377970; 66726; 23
1670090590.402970; 66751; 23
1670090590.427970; 66776; 23
1670090590.452970; 66801; 23
1670090590.477970; 66826; 23
1670090590.502970; 66851; 23
1670090590.527970; 66876; 23
1670090590.552970; 66901; 23
1670090590.577970; 66926; 23
1670090590.602970; 66951; 23
1670090590.627970; 66976; 23
1670090590.652970; 67001; 23
1670090590.677970; 67026; 23
1670090590.702966; 67051; 23
1670090590.727970; 67076; 23
1670090590.752970; 67101; 23
1670090590.777970; 67126; 23
1670090590.802970; 67151; 23
1670090590.827966; 67176; 23
1670090590.852970; 67201; 24
1670090590.877970; 67226; 24
1670090590.902970; 67251; 24
1670090590.927966; 67276; 24
1670090590.952970; 67301; 24
1670090590.977970; 67326; 24
1670090591.002970; 67351; 24
1670090591.027967; 67376; 24
1670090591.052967; 67401; 24
1670090591.077967; 67426; 24
1670090591.102967; 67451; 24
1670090591.127970; 67476; 24
1670090591.152970; 67501; 24
1670090591.177978; 67526; 24
1670090591.202966; 67551; 24
1670090591.227969; 67576; 24
1670090591.252970; 67601; 24
1670090591.277970; 67626; 24
1670090591.302970; 67651; 24
1670090591.327970; 67676; 24
1670090591.352970; 67701; 24
1670090591.377970; 67726; 24
1670090591.402970; 67751; 24
1670090591.427970; 67776; 24
1670090591.452970; 67801; 24
1670090591.477970; 67826; 24
1670090591.502970; 67851; 24
1670090591.527970; 67876; 24
1670090591.552970; 67901; 24
1670090591.577970; 67926; 24
1670090591.602970; 67951; 24
1670090591.627970; 67976; 24
1670090591.652970; 68001; 24
1670090591.677970; 68026; 23
1670090591.702966; 68051; 23
1670090591.727970; 68076; 23
1670090591.752970; 68101; 23
1670090591.777970; 68126; 23
1670090591.802970; 68151; 23
1670090591.827970; 68176; 23
1670090591.852966; 68201; 23
1670090591.877970; 68226; 24
1670090591.902970; 68251; 24
1670090591.927970; 68276; 24
1670090592.095673; 68443; 23
1670090592.119968; 68468; 23
1670090592.144970; 68493; 23
1670090592.169970; 68518; 24
1670090592.194966; 68543; 24
1670090592.219966; 68568; 24
1670090592.244970; 68593; 24
1670090592.269970; 68618; 24
1670090592.294970; 68643; 22
1670090592.319970; 68668; 22
1670090592.344970; 68693; 22
1670090592.369970; 68718; 22
1670090592.394970; 68743; 22
1670090592.419970; 68768; 22
1670090592.444970; 68793; 22
1670090592.469970; 68818; 22
1670090592.494970; 68843; 21
1670090592.519970; 68868; 21
1670090592.544970; 68893; 21
1670090592.569970; 68918; 21
1670090592.594970; 68943; 20
1670090592.619970; 68968; 20
1670090592.644970; 68993; 20
1670090592.669970; 69018; 20
1670090592.694966; 69043; 19
1670090592.719970; 69068; 19
1670090592.744970; 69093; 19
1670090592.769970; 69118; 19
1670090592.794970; 69143; 19
1670090592.819970; 69168; 19
1670090592.844970; 69193; 19
1670090592.869966; 69218; 19
1670090592.894970; 69243; 16
1670090592.919970; 69268; 16
1670090592.944970; 69293; 16
1670090592.969970; 69318; 16
1670090592.994970; 69343; 15
1670090593.019970; 69368; 15
1670090593.044967; 69393; 15
1670090593.069967; 69418; 15
1670090593.094971; 69443; 15
1670090593.119971; 69468; 15
1670090593.144970; 69493; 15
1670090593.169970; 69518; 15
1670090593.194966; 69543; 15
1670090593.219970; 69568; 15
1670090593.244970; 69593; 15
1670090593.269970; 69618; 15
1670090593.294970; 69643; 15
1670090593.319970; 69668; 15
1670090593.344970; 69693; 15
1670090593.369970; 69718; 15
1670090593.394966; 69743; 15
1670090593.419970; 69768; 15
1670090593.444970; 69793; 15
1670090593.469970; 69818; 15
1670090593.494966; 69843; 15
1670090593.519970; 69868; 15
1670090593.544970; 69893; 15
1670090593.569970; 69918; 15
1670090593.594970; 69943; 15
1670090593.619970; 69968; 15
1670090593.644966; 69993; 15
1670090593.669970; 70018; 15
1670090593.694966; 70043; 15
1670090593.719970; 70068; 15
1670090593.744970; 70093; 15
1670090593.769970; 70118; 15
1670090593.794970; 70143; 15
1670090593.819970; 70168; 15
1670090593.844970; 70193; 15
1670090593.869970; 70218; 15
1670090593.894993; 70243; 15
1670090593.919966; 70268; 15
1670090593.944970; 70293; 15
1670090593.969970; 70318; 15
1670090593.994970; 70343; 15
1670090594.019970; 70368; 15
1670090594.044967; 70393; 15
1670090594.069967; 70418; 15
1670090594.094987; 70443; 15
1670090594.119967; 70468; 15
1670090594.144970; 70493; 15
1670090594.169970; 70518; 15
1670090594.194966; 70543; 15
1670090594.219966; 70568; 15
1670090594.244967; 70593; 15
1670090594.269970; 70618; 15
1670090594.294966; 70643; 15
1670090594.319970; 70668; 15
1670090594.344966; 70693; 15
1670090594.369966; 70718; 15
1670090594.394970; 70743; 15
1670090594.419966; 70768; 15
1670090594.444970; 70793; 15
1670090594.469970; 70818; 15
1670090594.494966; 70843; 15
1670090594.519966; 70868; 16
1670090594.544970; 70893; 16
1670090594.569970; 70918; 16
1670090594.594970; 70943; 16
1670090594.619970; 70968; 16
1670090594.644970; 70993; 16
1670090594.669966; 71018; 16
1670090594.694967; 71043; 16
1670090594.719966; 71068; 16
1670090594.744970; 71093; 16
1670090594.769970; 71118; 16
1670090594.794970; 71143; 16
1670090594.819970; 71168; 16
1670090594.844970; 71193; 16
1670090594.869970; 71218; 16
1670090594.894970; 71243; 16
1670090594.919966; 71268; 16
1670090594.944970; 71293; 15
1670090594.969970; 71318; 15
1670090594.994970; 71343; 15
1670090595.019970; 71368; 15
1670090595.044967; 71393; 16
1670090595.069967; 71418; 16
1670090595.094967; 71443; 16
1670090595.119973; 71468; 16
1670090595.144970; 71493; 16
1670090595.169970; 71518; 16
1670090595.194973; 71543; 16
1670090595.219970; 71568; 16
1670090595.244970; 71593; 16
1670090595.269970; 71618; 16
1670090595.294970; 71643; 16
1670090595.319970; 71668; 16
1670090595.344970; 71693; 16
1670090595.369970; 71718; 16
1670090595.394970; 71743; 16
1670090595.419970; 71768; 16
1670090595.444970; 71793; 17
1670090595.469970; 71818; 17
1670090595.494970; 71843; 17
1670090595.519974; 71868; 17
1670090595.544967; 71893; 17
1670090595.569970; 71918; 17
1670090595.594970; 71943; 17
1670090595.619970; 71968; 17
1670090595.644970; 71993; 18
1670090595.669970; 72018; 18
1670090595.694966; 72043; 18
1670090595.719970; 72068; 18
1670090595.744970; 72093; 18
1670090595.769970; 72118; 18
1670090595.794970; 72143; 18
1670090595.819970; 72168; 18
1670090595.844970; 72193; 18
1670090595.869970; 72218; 17
1670090595.894970; 72243; 17
1670090595.919970; 72268; 17
1670090595.944970; 72293; 17
1670090595.969966; 72318; 17
1670090595.994970; 72343; 17
1670090596.019970; 72368; 17
1670090596.044967; 72393; 17
1670090596.069967; 72418; 18
1670090596.094967; 72443; 18
1670090596.119967; 72468; 18
1670090596.144967; 72493; 18
1670090596.169970; 72518; 18
1670090596.194966; 72543; 18
1670090596.219970; 72568; 18
1670090596.244970; 72593; 18
1670090596.269970; 72618; 18
1670090596.294970; 72643; 18
1670090596.319970; 72668; 18
1670090596.344970; 72693; 18
1670090596.369966; 72718; 18
1670090596.394970; 72743; 18
1670090596.419970; 72768; 18
1670090596.444970; 72793; 18
1670090596.469970; 72818; 19
1670090596.494970; 72843; 19
1670090596.519970; 72868; 19
1670090596.544970; 72893; 19
1670090596.569966; 72918; 19
1670090596.594970; 72943; 19
1670090596.619966; 72968; 19
1670090596.644970; 72993; 19
1670090596.669970; 73018; 19
1670090596.694966; 73043; 19
1670090596.719970; 73068; 19
1670090596.744970; 73093; 19
1670090596.769970; 73118; 19
1670090596.794970; 73143; 19
1670090596.819970; 73168; 19
1670090596.844970; 73193; 19
1670090596.869966; 73218; 20
1670090596.894970; 73243; 20
1670090596.919970; 73268; 20
1670090596.944970; 73293; 20
1670090596.969966; 73318; 20
1670090596.994970; 73343; 21
1670090597.019970; 73368; 21
1670090597.044967; 73393; 21
1670090597.069967; 73418; 21
1670090597.094967; 73443; 21
1670090597.119971; 73468; 21
1670090597.144966; 73493; 21
1670090597.169970; 73518; 21
1670090597.194966; 73543; 20
1670090597.219970; 73568; 20
1670090597.244970; 73593; 20
1670090597.269970; 73618; 20
1670090597.294970; 73643; 22
1670090597.319970; 73668; 22
1670090597.344970; 73693; 22
1670090597.369970; 73718; 22
1670090597.394966; 73743; 23
1670090597.419970; 73768; 23
1670090597.444970; 73793; 23
1670090597.469970; 73818; 23
1670090597.494970; 73843; 23
1670090597.519970; 73868; 23
1670090597.544970; 73893; 23
1670090597.569970; 73918; 23
1670090597.594966; 73943; 24
1670090597.619970; 73968; 24
1670090597.644970; 73993; 24
1670090597.669970; 74018; 24
1670090597.694966; 74043; 25
1670090597.719970; 74068; 25
1670090597.744970; 74093; 25
1670090597.769970; 74118; 25
1670090597.794966; 74143; 25
1670090597.819970; 74168; 25
1670090597.844970; 74193; 25
1670090597.869970; 74218; 25
1670090597.894970; 74243; 23
1670090597.919970; 74268; 23
1670090597.944970; 74293; 23
1670090597.969970; 74318; 23
1670090597.994970; 74343; 24
1670090598.019970; 74368; 24
1670090598.044967; 74393; 24
1670090598.069967; 74418; 24
1670090598.094967; 74443; 24
1670090598.119967; 74468; 24
1670090598.144970; 74493; 24
1670090598.169970; 74518; 24
1670090598.194970; 74543; 24
1670090598.219970; 74568; 23
1670090598.244970; 74593; 23
1670090598.269970; 74618; 23
1670090598.294970; 74643; 23
1670090598.319970; 74668; 23
1670090598.344970; 74693; 23
1670090598.369970; 74718; 23
1670090598.394970; 74743; 23
1670090598.419966; 74768; 23
1670090598.444970; 74793; 23
1670090598.469970; 74818; 23
1670090598.494970; 74843; 23
1670090598.519970; 74868; 23
1670090598.544970; 74893; 23
1670090598.569970; 74918; 23
1670090598.594970; 74943; 23
1670090598.619966; 74968; 23
1670090598.644970; 74993; 23
1670090598.669970; 75018; 23
1670090598.694966; 75043; 23
1670090598.719970; 75068; 24
1670090598.744970; 75093; 24
1670090598.769970; 75118; 24
1670090598.794970; 75143; 24
1670090598.819966; 75168; 24
1670090598.844970; 75193; 24
1670090598.869970; 75218; 24
1670090598.894970; 75243; 24
1670090598.919978; 75268; 24
1670090598.944967; 75293; 24
1670090598.969970; 75318; 24
1670090598.994970; 75343; 24
1670090599.019970; 75368; 24
1670090599.044967; 75393; 24
1670090599.069971; 75418; 24
1670090599.094971; 75443; 24
1670090599.119972; 75468; 25
1670090599.144966; 75493; 25
1670090599.169966; 75518; 25
1670090599.194967; 75543; 25
1670090599.219970; 75568; 25
1670090599.244970; 75593; 25
1670090599.269970; 75618; 25
1670090599.294970; 75643; 25
1670090599.319970; 75668; 25
1670090599.344970; 75693; 25
1670090599.369970; 75718; 25
1670090599.394970; 75743; 25
1670090599.419971; 75768; 25
1670090599.444970; 75793; 25
1670090599.469970; 75818; 25
1670090599.494966; 75843; 25
1670090599.519970; 75868; 25
1670090599.544970; 75893; 25
1670090599.569970; 75918; 25
1670090599.594970; 75943; 25
1670090599.619970; 75968; 25
1670090599.644970; 75993; 26
1670090599.669970; 76018; 26
1670090599.694967; 76043; 26
1670090599.719970; 76068; 26
1670090599.744970; 76093; 26
1670090599.769970; 76118; 26
1670090599.794970; 76143; 26
1670090599.819970; 76168; 26
1670090599.844966; 76193; 25
1670090599.869970; 76218; 25
1670090599.894970; 76243; 25
1670090599.919970; 76268; 25
1670090599.944970; 76293; 25
1670090599.969966; 76318; 25
1670090599.994966; 76343; 25
1670090600.019970; 76368; 25
1670090600.044967; 76393; 27
1670090600.069967; 76418; 27
1670090600.094967; 76443; 27
1670090600.119967; 76468; 27
1670090600.144970; 76493; 27
1670090600.169970; 76518; 27
1670090600.194969; 76543; 27
1670090600.219970; 76568; 27
1670090600.244970; 76593; 27
1670090600.269965; 76618; 27
1670090600.294966; 76643; 27
1670090600.319970; 76668; 27
1670090600.344970; 76693; 27
1670090600.369966; 76718; 27
1670090600.394970; 76743; 27
1670090600.419970; 76768; 27
1670090600.444968; 76793; 27
1670090600.469970; 76818; 27
1670090600.494970; 76843; 27
1670090600.519970; 76868; 27
1670090600.544970; 76893; 27
1670090600.569970; 76918; 29
1670090600.594970; 76943; 29
1670090600.619970; 76968; 29
1670090600.644970; 76993; 29
1670090600.669970; 77018; 28
1670090600.694966; 77043; 28
1670090600.719970; 77068; 28
1670090600.744970; 77093; 28
1670090600.769966; 77118; 30
1670090600.794970; 77143; 30
1670090600.819970; 77168; 30
1670090600.844970; 77193; 30
1670090600.869966; 77218; 30
1670090600.894970; 77243; 30
1670090600.919970; 77268; 30
1670090600.944970; 77293; 30
1670090600.969970; 77318; 31
1670090600.994970; 77343; 31
1670090601.019970; 77368; 31
1670090601.044967; 77393; 31
1670090601.069971; 77418; 34
1670090601.094971; 77443; 34
1670090601.119971; 77468; 34
1670090601.144966; 77493; 34
1670090601.169970; 77518; 26
1670090601.194966; 77543; 26
1670090601.219970; 77568; 26
1670090601.244970; 77593; 26
1670090601.269966; 77618; 22
1670090601.294970; 77643; 22
1670090601.319970; 77668; 22
1670090601.344970; 77693; 22
1670090601.369970; 77718; 22
1670090601.394970; 77743; 22
1670090601.419970; 77768; 22
1670090601.444970; 77793; 22
1670090601.469970; 77818; 22
1670090601.494970; 77843; 22
1670090601.519970; 77868; 22
1670090601.544970; 77893; 22
1670090601.569970; 77918; 22
1670090601.594970; 77943; 23
1670090601.619970; 77968; 23
1670090601.644970; 77993; 23
1670090601.669970; 78018; 23
1670090601.694970; 78043; 23
1670090601.719970; 78068; 23
1670090601.744970; 78093; 23
1670090601.769970; 78118; 23
1670090601.794966; 78143; 23
1670090601.819970; 78168; 23
1670090601.844970; 78193; 23
1670090601.869970; 78218; 23
1670090601.894970; 78243; 23
1670090601.919970; 78268; 23
1670090601.944970; 78293; 23
1670090601.969970; 78318; 23
1670090601.994970; 78343; 23
1670090602.019970; 78368; 23
1670090602.044967; 78393; 23
1670090602.069967; 78418; 23
1670090602.094967; 78443; 24
1670090602.119967; 78468; 24
1670090602.144970; 78493; 24
1670090602.169970; 78518; 24
1670090602.194966; 78543; 23
1670090602.219970; 78568; 23
1670090602.244970; 78593; 23
1670090602.269970; 78618; 23
1670090602.294970; 78643; 23
1670090602.319970; 78668; 23
1670090602.344978; 78693; 23
1670090602.369967; 78718; 23
1670090602.394970; 78743; 23
1670090602.419970; 78768; 23
1670090602.444970; 78793; 23
1670090602.469970; 78818; 23
1670090602.494970; 78843; 23
1670090602.519970; 78868; 23
1670090602.544969; 78893; 23
1670090602.569970; 78918; 23
1670090602.594970; 78943; 23
1670090602.619970; 78968; 23
1670090602.644970; 78993; 23
1670090602.669970; 79018; 23
1670090602.694966; 79043; 23
1670090602.719966; 79068; 23
1670090602.744970; 79093; 23
1670090602.769970; 79118; 23
1670090602.794970; 79143; 23
1670090602.819966; 79168; 24
1670090602.844970; 79193; 24
1670090602.869970; 79218; 24
1670090602.894970; 79243; 24
1670090602.919970; 79268; 24
1670090602.944970; 79293; 24
1670090602.969970; 79318; 24
1670090602.994970; 79343; 24
1670090603.019970; 79368; 24
1670090603.044967; 79393; 24
1670090603.069967; 79418; 24
1670090603.094967; 79443; 24
1670090603.119967; 79468; 23
1670090603.144970; 79493; 23
1670090603.169970; 79518; 23
1670090603.194966; 79543; 23
1670090603.219970; 79568; 24
1670090603.244970; 79593; 24
1670090603.269970; 79618; 24
1670090603.294970; 79643; 24
1670090603.319966; 79668; 24
1670090603.344970; 79693; 24
1670090603.369970; 79718; 24
1670090603.394970; 79743; 24
1670090603.419970; 79768; 25
1670090603.444970; 79793; 25
1670090603.469970; 79818; 25
1670090603.494970; 79843; 25
1670090603.519970; 79868; 25
1670090603.544970; 79893; 25
1670090603.569967; 79918; 25
1670090603.594970; 79943; 25
1670090603.619970; 79968; 25
1670090603.644970; 79993; 25
1670090603.669970; 80018; 25
1670090603.694970; 80043; 25
1670090603.719970; 80068; 26
1670090603.744970; 80093; 26
1670090603.769970; 80118; 26
1670090603.794970; 80143; 26
1670090603.819970; 80168; 26
1670090603.844970; 80193; 26
1670090603.869970; 80218; 26
1670090603.894970; 80243; 26
1670090603.919970; 80268; 26
1670090603.944970; 80293; 26
1670090603.969970; 80318; 26
1670090603.994970; 80343; 26
1670090604.019970; 80368; 26
1670090604.044971; 80393; 26
1670090604.069971; 80418; 26
1670090604.094967; 80443; 26
1670090604.119967; 80468; 26
1670090604.144966; 80493; 27
1670090604.169970; 80518; 27
1670090604.194966; 80543; 27
1670090604.219970; 80568; 27
1670090604.244970; 80593; 28
1670090604.269970; 80618; 28
1670090604.294970; 80643; 28
1670090604.319970; 80668; 28
1670090604.344966; 80693; 26
1670090604.369970; 80718; 26
1670090604.394970; 80743; 26
1670090604.419970; 80768; 26
1670090604.444970; 80793; 27
1670090604.469970; 80818; 27
1670090604.494970; 80843; 27
1670090604.519970; 80868; 27
1670090604.544988; 80893; 25
1670090604.569970; 80918; 25
1670090604.594970; 80943; 25
1670090604.619970; 80968; 25
1670090604.644970; 80993; 26
1670090604.669970; 81018; 26
1670090604.694970; 81043; 26
1670090604.719970; 81068; 26
1670090604.744991; 81093; 30
1670090604.769966; 81118; 30
1670090604.794970; 81143; 30
1670090604.819970; 81168; 30
1670090604.844970; 81193; 32
1670090604.869970; 81218; 32
1670090604.894970; 81243; 32
1670090604.919970; 81268; 32
1670090604.944970; 81293; 23
1670090604.969970; 81318; 23
1670090604.994970; 81343; 23
1670090605.019970; 81368; 23
1670090605.044967; 81393; 15
1670090605.069967; 81418; 15
1670090605.094967; 81443; 15
1670090605.119967; 81468; 15
1670090605.144970; 81493; 15
1670090605.169970; 81518; 15
1670090605.194966; 81543; 15
1670090605.219970; 81568; 15
1670090605.244970; 81593; 15
1670090605.269966; 81618; 15
1670090605.294970; 81643; 15
1670090605.319970; 81668; 15
1670090605.344970; 81693; 15
1670090605.369970; 81718; 14
1670090605.394970; 81743; 14
1670090605.419970; 81768; 14
1670090605.444970; 81793; 14
1670090605.469970; 81818; 14
1670090605.494970; 81843; 14
1670090605.519966; 81868; 14
1670090605.544966; 81893; 14
1670090605.569966; 81918; 14
1670090605.594966; 81943; 14
1670090605.619970; 81968; 14
1670090605.644970; 81993; 14
1670090605.669970; 82018; 14
1670090605.694970; 82043; 14
1670090605.719970; 82068; 14
1670090605.744974; 82093; 14
1670090605.769971; 82118; 14
1670090605.794970; 82143; 14
1670090605.819970; 82168; 14
1670090605.844970; 82193; 14
1670090605.869970; 82218; 14
1670090605.894970; 82243; 14
1670090605.919970; 82268; 14
1670090605.944970; 82293; 14
1670090605.969970; 82318; 14
1670090605.994970; 82343; 14
1670090606.019970; 82368; 14
1670090606.044967; 82393; 14
1670090606.069967; 82418; 14
1670090606.094967; 82443; 14
1670090606.119967; 82468; 14
1670090606.144970; 82493; 14
1670090606.169970; 82518; 14
1670090606.194970; 82543; 14
1670090606.219970; 82568; 14
1670090606.244970; 82593; 14
1670090606.269970; 82618; 14
1670090606.294970; 82643; 14
1670090606.319970; 82668; 14
1670090606.344970; 82693; 14
1670090606.369970; 82718; 14
1670090606.394970; 82743; 14
1670090606.419970; 82768; 14
1670090606.444970; 82793; 14
1670090606.469970; 82818; 14
1670090606.494970; 82843; 14
1670090606.519970; 82868; 14
1670090606.544966; 82893; 14
1670090606.569970; 82918; 14
1670090606.594970; 82943; 14
1670090606.619970; 82968; 14
1670090606.644970; 82993; 14
1670090606.669970; 83018; 14
1670090606.694970; 83043; 14
1670090606.719970; 83068; 14
1670090606.744970; 83093; 14
1670090606.769970; 83118; 14
1670090606.794967; 83143; 14
1670090606.819970; 83168; 14
1670090606.844970; 83193; 14
1670090606.869970; 83218; 14
1670090606.894970; 83243; 14
1670090606.919972; 83268; 14
1670090606.944966; 83293; 14
1670090606.969970; 83318; 14
1670090606.994970; 83343; 14
1670090607.019970; 83368; 14
1670090607.044967; 83393; 14
1670090607.069971; 83418; 14
1670090607.094971; 83443; 14
1670090607.119967; 83468; 14
1670090607.144970; 83493; 14
1670090607.169970; 83518; 14
1670090607.194970; 83543; 14
1670090607.219966; 83568; 14
1670090607.244970; 83593; 14
1670090607.269970; 83618; 14
1670090607.294970; 83643; 14
1670090607.319966; 83668; 14
1670090607.344970; 83693; 14
1670090607.369970; 83718; 14
1670090607.394970; 83743; 14
1670090607.419970; 83768; 14
1670090607.444970; 83793; 14
1670090607.469970; 83818; 14
1670090607.494970; 83843; 14
1670090607.519970; 83868; 14
1670090607.544970; 83893; 14
1670090607.569970; 83918; 14
1670090607.594970; 83943; 14
1670090607.619966; 83968; 14
1670090607.644970; 83993; 14
1670090607.669970; 84018; 14
1670090607.694966; 84043; 14
1670090607.719970; 84068; 14
1670090607.744970; 84093; 14
1670090607.769970; 84118; 14
1670090607.794970; 84143; 14
1670090607.819970; 84168; 14
1670090607.844970; 84193; 14
1670090607.869970; 84218; 14
1670090607.894970; 84243; 14
1670090607.919970; 84268; 14
1670090607.944970; 84293; 14
1670090607.969970; 84318; 14
1670090607.994970; 84343; 14
1670090608.019970; 84368; 14
1670090608.044971; 84393; 14
1670090608.069971; 84418; 14
1670090608.094971; 84443; 14
1670090608.119971; 84468; 14
1670090608.144970; 84493; 14
1670090608.169970; 84518; 14
1670090608.194970; 84543; 14
1670090608.219970; 84568; 14
1670090608.244966; 84593; 14
1670090608.269970; 84618; 14
1670090608.294970; 84643; 14
1670090608.319970; 84668; 14
1670090608.344970; 84693; 14
1670090608.369970; 84718; 14
1670090608.394966; 84743; 14
1670090608.419970; 84768; 14
1670090608.444970; 84793; 14
1670090608.469970; 84818; 14
1670090608.494970; 84843; 14
1670090608.519970; 84868; 14
1670090608.544970; 84893; 14
1670090608.569970; 84918; 14
1670090608.594970; 84943; 14
1670090608.619970; 84968; 14
1670090608.644966; 84993; 14
1670090608.669970; 85018; 14
1670090608.694970; 85043; 14
1670090608.719970; 85068; 14
1670090608.744970; 85093; 14
1670090608.769970; 85118; 14
1670090608.794970; 85143; 14
1670090608.819970; 85168; 14
1670090608.844970; 85193; 15
1670090608.869970; 85218; 15
1670090608.894970; 85243; 15
1670090608.919970; 85268; 15
1670090608.944970; 85293; 14
1670090608.969970; 85318; 14
1670090608.994970; 85343; 14
1670090609.019970; 85368; 14
1670090609.044967; 85393; 14
1670090609.069971; 85418; 14
1670090609.094971; 85443; 14
1670090609.119971; 85468; 14
1670090609.144966; 85493; 14
1670090609.169974; 85518; 14
1670090609.194967; 85543; 14
1670090609.219970; 85568; 14
1670090609.244970; 85593; 15
1670090609.269966; 85618; 15
1670090609.294970; 85643; 15
1670090609.319970; 85668; 15
1670090609.344970; 85693; 15
1670090609.369970; 85718; 15
1670090609.394970; 85743; 15
1670090609.419970; 85768; 15
1670090609.444970; 85793; 14
1670090609.469970; 85818; 14
1670090609.494970; 85843; 14
1670090609.519970; 85868; 14
1670090609.544970; 85893; 14
1670090609.569970; 85918; 14
1670090609.594970; 85943; 14
1670090609.619970; 85968; 14
1670090609.644970; 85993; 14
1670090609.669966; 86018; 14
1670090609.694970; 86043; 14
1670090609.719970; 86068; 14
1670090609.744970; 86093; 14
1670090609.769971; 86118; 15
1670090609.794970; 86143; 15
1670090609.819970; 86168; 15
1670090609.844970; 86193; 15
1670090609.869966; 86218; 15
1670090609.894970; 86243; 15
1670090609.919966; 86268; 15
1670090609.944970; 86293; 15
1670090609.969970; 86318; 14
1670090609.994970; 86343; 14
1670090610.019970; 86368; 14
1670090610.044967; 86393; 14
1670090610.069986; 86418; 14
1670090610.094967; 86443; 14
1670090610.119967; 86468; 14
1670090610.144970; 86493; 14
1670090610.169970; 86518; 15
1670090610.194966; 86543; 15
1670090610.219970; 86568; 15
1670090610.244970; 86593; 15
1670090610.269970; 86618; 15
1670090610.294966; 86643; 15
1670090610.319970; 86668; 15
1670090610.344970; 86693; 15
1670090610.369970; 86718; 14
1670090610.394970; 86743; 14
1670090610.419970; 86768; 14
1670090610.444970; 86793; 14
1670090610.469970; 86818; 14
1670090610.494970; 86843; 14
1670090610.519970; 86868; 14
1670090610.544970; 86893; 14
1670090610.569970; 86918; 15
1670090610.594970; 86943; 15
1670090610.619970; 86968; 15
1670090610.644970; 86993; 15
1670090610.669970; 87018; 15
1670090610.694966; 87043; 15
1670090610.719970; 87068; 15
1670090610.744970; 87093; 15
1670090610.769970; 87118; 15
1670090610.794970; 87143; 15
1670090610.819970; 87168; 15
1670090610.844970; 87193; 15
1670090610.869970; 87218; 14
1670090610.894966; 87243; 14
1670090610.919970; 87268; 14
1670090610.944970; 87293; 14
1670090610.969970; 87318; 14
1670090610.994970; 87343; 14
1670090611.019970; 87368; 14
1670090611.044967; 87393; 14
1670090611.069967; 87418; 14
1670090611.094972; 87443; 15
1670090611.119971; 87468; 15
1670090611.144970; 87493; 15
1670090611.169970; 87518; 15
1670090611.194966; 87543; 15
1670090611.219970; 87568; 15
1670090611.244970; 87593; 15
1670090611.269970; 87618; 15
1670090611.294970; 87643; 14
1670090611.319966; 87668; 14
1670090611.344970; 87693; 14
1670090611.369970; 87718; 14
1670090611.394970; 87743; 14
1670090611.419970; 87768; 14
1670090611.444970; 87793; 14
1670090611.469970; 87818; 14
1670090611.494970; 87843; 15
1670090611.519966; 87868; 15
1670090611.544970; 87893; 15
1670090611.569970; 87918; 15
1670090611.594970; 87943; 15
1670090611.619970; 87968; 15
1670090611.644970; 87993; 15
1670090611.669970; 88018; 15
1670090611.694970; 88043; 15
1670090611.719966; 88068; 15
1670090611.744970; 88093; 15
1670090611.769970; 88118; 15
1670090611.794970; 88143; 14
1670090611.819970; 88168; 14
1670090611.844970; 88193; 14
1670090611.869970; 88218; 14
1670090611.894970; 88243; 14
1670090611.919970; 88268; 14
1670090611.944970; 88293; 14
1670090611.969966; 88318; 14
1670090611.994970; 88343; 15
1670090612.019970; 88368; 15
1670090612.044967; 88393; 15
1670090612.069967; 88418; 15
1670090612.094967; 88443; 15
1670090612.119971; 88468; 15
1670090612.144966; 88493; 15
1670090612.169970; 88518; 15
1670090612.194966; 88543; 15
1670090612.219970; 88568; 15
1670090612.244966; 88593; 15
1670090612.269970; 88618; 15
1670090612.294970; 88643; 15
1670090612.319970; 88668; 15
1670090612.344970; 88693; 15
1670090612.369970; 88718; 15
1670090612.394970; 88743; 15
1670090612.419970; 88768; 15
1670090612.444970; 88793; 15
1670090612.469970; 88818; 15
1670090612.494966; 88843; 15
1670090612.519970; 88868; 15
1670090612.544970; 88893; 15
1670090612.569974; 88918; 15
1670090612.594971; 88943; 15
1670090612.619966; 88968; 15
1670090612.644970; 88993; 15
1670090612.669970; 89018; 15
1670090612.694966; 89043; 15
1670090612.719970; 89068; 15
1670090612.744970; 89093; 15
1670090612.769970; 89118; 15
1670090612.794970; 89143; 15
1670090612.819970; 89168; 15
1670090612.844970; 89193; 15
1670090612.869970; 89218; 15
1670090612.894970; 89243; 15
1670090612.919970; 89268; 15
1670090612.944970; 89293; 15
1670090612.969970; 89318; 15
1670090612.994970; 89343; 15
1670090613.019970; 89368; 15
1670090613.044967; 89393; 15
1670090613.069967; 89418; 15
1670090613.094967; 89443; 15
1670090613.119967; 89468; 15
1670090613.144970; 89493; 15
1670090613.169970; 89518; 15
1670090613.194966; 89543; 15
1670090613.219970; 89568; 15
1670090613.244970; 89593; 15
1670090613.269970; 89618; 15
1670090613.294970; 89643; 15
1670090613.319970; 89668; 15
1670090613.344970; 89693; 15
1670090613.369970; 89718; 15
1670090613.394970; 89743; 15
1670090613.419970; 89768; 15
1670090613.444970; 89793; 15
1670090613.469970; 89818; 15
1670090613.494970; 89843; 15
1670090613.519970; 89868; 15
1670090613.544970; 89893; 15
1670090613.569970; 89918; 15
1670090613.594970; 89943; 15
1670090613.619970; 89968; 15
1670090613.644970; 89993; 15
1670090613.669970; 90018; 15
1670090613.694966; 90043; 15
1670090613.719970; 90068; 15
1670090613.744970; 90093; 15
1670090613.769966; 90118; 15
1670090613.794970; 90143; 15
1670090613.819970; 90168; 15
1670090613.844970; 90193; 15
1670090613.869970; 90218; 15
1670090613.894970; 90243; 15
1670090613.919970; 90268; 15
1670090613.944970; 90293; 15
1670090613.969966; 90318; 15
1670090613.994970; 90343; 15
1670090614.019970; 90368; 15
1670090614.044967; 90393; 15
1670090614.069967; 90418; 15
1670090614.094967; 90443; 15
1670090614.119967; 90468; 15
1670090614.144970; 90493; 15
1670090614.169970; 90518; 15
1670090614.194966; 90543; 15
1670090614.219970; 90568; 15
1670090614.244970; 90593; 16
1670090614.269970; 90618; 16
1670090614.294970; 90643; 16
1670090614.319970; 90668; 16
1670090614.344970; 90693; 16
1670090614.369970; 90718; 16
1670090614.394970; 90743; 16
1670090614.419970; 90768; 16
1670090614.444970; 90793; 16
1670090614.469970; 90818; 16
1670090614.494970; 90843; 16
1670090614.519970; 90868; 16
1670090614.544970; 90893; 16
1670090614.569970; 90918; 15
1670090614.594970; 90943; 15
1670090614.619970; 90968; 15
1670090614.644970; 90993; 15
1670090614.669970; 91018; 16
1670090614.694966; 91043; 16
1670090614.719970; 91068; 16
1670090614.744970; 91093; 16
1670090614.769970; 91118; 16
1670090614.794970; 91143; 16
1670090614.819970; 91168; 16
1670090614.844970; 91193; 16
1670090614.869970; 91218; 16
1670090614.894970; 91243; 16
1670090614.919970; 91268; 16
1670090614.944970; 91293; 16
1670090614.969970; 91318; 16
1670090614.994966; 91343; 16
1670090615.019970; 91368; 16
1670090615.044967; 91393; 16
1670090615.069967; 91418; 16
1670090615.094967; 91443; 16
1670090615.119967; 91468; 16
1670090615.144970; 91493; 16
1670090615.169970; 91518; 16
1670090615.195000; 91543; 16
1670090615.219966; 91568; 16
1670090615.244966; 91593; 16
1670090615.269970; 91618; 16
1670090615.294970; 91643; 16
1670090615.319970; 91668; 16
1670090615.344970; 91693; 16
1670090615.369970; 91718; 16
1670090615.394992; 91743; 16
1670090615.419970; 91768; 16
1670090615.444970; 91793; 16
1670090615.469970; 91818; 16
1670090615.494970; 91843; 16
1670090615.519970; 91868; 16
1670090615.544970; 91893; 16
1670090615.569970; 91918; 16
1670090615.594970; 91943; 16
1670090615.619970; 91968; 16
1670090615.644970; 91993; 16
1670090615.669970; 92018; 16
1670090615.694966; 92043; 17
1670090615.719970; 92068; 17
1670090615.744970; 92093; 17
1670090615.769970; 92118; 17
1670090615.794970; 92143; 17
1670090615.819970; 92168; 17
1670090615.844970; 92193; 17
1670090615.869970; 92218; 17
1670090615.894970; 92243; 17
1670090615.919970; 92268; 17
1670090615.944970; 92293; 17
1670090615.969970; 92318; 17
1670090615.994974; 92343; 18
1670090616.019971; 92368; 18
1670090616.044971; 92393; 18
1670090616.069967; 92418; 18
1670090616.094967; 92443; 19
1670090616.119967; 92468; 19
1670090616.144970; 92493; 19
1670090616.169970; 92518; 19
1670090616.194966; 92543; 19
1670090616.219986; 92568; 19
1670090616.244970; 92593; 19
1670090616.269970; 92618; 19
1670090616.294970; 92643; 19
1670090616.319970; 92668; 19
1670090616.344970; 92693; 19
1670090616.369970; 92718; 19
1670090616.394970; 92743; 19
1670090616.419966; 92768; 19
1670090616.444970; 92793; 19
1670090616.469970; 92818; 19
1670090616.494970; 92843; 19
1670090616.519970; 92868; 19
1670090616.544970; 92893; 19
1670090616.569970; 92918; 19
1670090616.594970; 92943; 19
1670090616.619970; 92968; 19
1670090616.644970; 92993; 19
1670090616.669970; 93018; 19
1670090616.694966; 93043; 19
1670090616.719970; 93068; 19
1670090616.744970; 93093; 19
1670090616.769970; 93118; 19
1670090616.794970; 93143; 19
1670090616.819970; 93168; 19
1670090616.844966; 93193; 19
1670090616.869970; 93218; 19
1670090616.894966; 93243; 19
1670090616.919970; 93268; 19
1670090616.944970; 93293; 19
1670090616.969970; 93318; 19
1670090616.994970; 93343; 19
1670090617.019970; 93368; 20
1670090617.044967; 93393; 20
1670090617.069967; 93418; 20
1670090617.094967; 93443; 20
1670090617.119967; 93468; 21
1670090617.144970; 93493; 21
1670090617.169970; 93518; 21
1670090617.194966; 93543; 21
1670090617.219970; 93568; 21
1670090617.244966; 93593; 21
1670090617.269970; 93618; 21
1670090617.294970; 93643; 21
1670090617.319970; 93668; 19
1670090617.344970; 93693; 19
1670090617.369970; 93718; 19
1670090617.394970; 93743; 19
1670090617.419970; 93768; 19
1670090617.444970; 93793; 19
1670090617.469970; 93818; 19
1670090617.494970; 93843; 19
1670090617.519970; 93868; 19
1670090617.544970; 93893; 19
1670090617.569970; 93918; 19
1670090617.594970; 93943; 19
1670090617.619970; 93968; 19
1670090617.644970; 93993; 19
1670090617.669970; 94018; 19
1670090617.694966; 94043; 19
1670090617.719970; 94068; 20
1670090617.744970; 94093; 20
1670090617.769970; 94118; 20
1670090617.794970; 94143; 20
1670090617.819970; 94168; 21
1670090617.844970; 94193; 21
1670090617.869970; 94218; 21
1670090617.894970; 94243; 21
1670090617.919966; 94268; 21
1670090617.944970; 94293; 22
1670090617.969970; 94318; 22
1670090617.994970; 94343; 22
1670090618.019970; 94368; 22
1670090618.044967; 94393; 22
1670090618.069971; 94418; 22
1670090618.094971; 94443; 22
1670090618.119971; 94468; 22
1670090618.144966; 94493; 22
1670090618.169966; 94518; 22
1670090618.194966; 94543; 22
1670090618.219970; 94568; 22
1670090618.244970; 94593; 22
1670090618.269966; 94618; 22
1670090618.294970; 94643; 22
1670090618.319970; 94668; 22
1670090618.344970; 94693; 22
1670090618.369997; 94718; 22
1670090618.394970; 94743; 22
1670090618.419966; 94768; 22
1670090618.444970; 94793; 23
1670090618.469970; 94818; 23
1670090618.494970; 94843; 23
1670090618.519970; 94868; 23
1670090618.544970; 94893; 24
1670090618.569970; 94918; 24
1670090618.594966; 94943; 24
1670090618.619970; 94968; 24
1670090618.644970; 94993; 24
1670090618.669970; 95018; 24
1670090618.694966; 95043; 24
1670090618.719970; 95068; 24
1670090618.744970; 95093; 24
1670090618.769970; 95118; 24
1670090618.794970; 95143; 24
1670090618.819970; 95168; 24
1670090618.844970; 95193; 24
1670090618.869970; 95218; 24
1670090618.894970; 95243; 24
1670090618.919970; 95268; 24
1670090618.944970; 95293; 25
1670090618.969970; 95318; 25
1670090618.994970; 95343; 25
1670090619.019970; 95368; 25
1670090619.044967; 95393; 25
1670090619.069967; 95418; 24
1670090619.094971; 95443; 24
1670090619.119971; 95468; 24
1670090619.144966; 95493; 24
1670090619.169970; 95518; 22
1670090619.194970; 95543; 22
1670090619.219970; 95568; 22
1670090619.244966; 95593; 22
1670090619.269970; 95618; 22
1670090619.294966; 95643; 22
1670090619.319970; 95668; 22
1670090619.344970; 95693; 22
1670090619.369970; 95718; 22
1670090619.394974; 95743; 22
1670090619.419971; 95768; 22
1670090619.444966; 95793; 22
1670090619.469970; 95818; 22
1670090619.494970; 95843; 22
1670090619.519970; 95868; 22
1670090619.544970; 95893; 22
1670090619.569970; 95918; 22
1670090619.594970; 95943; 22
1670090619.619970; 95968; 22
1670090619.644970; 95993; 22
1670090619.669970; 96018; 22
1670090619.694967; 96043; 22
1670090619.719970; 96068; 22
1670090619.744970; 96093; 22
1670090619.769966; 96118; 23
1670090619.794970; 96143; 23
1670090619.819970; 96168; 23
1670090619.844970; 96193; 23
1670090619.869970; 96218; 23
1670090619.894970; 96243; 23
1670090619.919970; 96268; 23
1670090619.944970; 96293; 23
1670090619.969966; 96318; 23
1670090619.994966; 96343; 23
1670090620.019970; 96368; 23
1670090620.044967; 96393; 23
1670090620.069967; 96418; 23
1670090620.094967; 96443; 23
1670090620.119967; 96468; 23
1670090620.144970; 96493; 23
1670090620.169970; 96518; 23
1670090620.194966; 96543; 23
1670090620.219970; 96568; 23
1670090620.244970; 96593; 23
1670090620.269970; 96618; 23
1670090620.294970; 96643; 23
1670090620.319970; 96668; 23
1670090620.344970; 96693; 23
1670090620.369970; 96718; 23
1670090620.394970; 96743; 23
1670090620.419970; 96768; 23
1670090620.444970; 96793; 23
1670090620.469970; 96818; 23
1670090620.494970; 96843; 24
1670090620.519970; 96868; 24
1670090620.544966; 96893; 24
1670090620.569970; 96918; 24
1670090620.594970; 96943; 23
1670090620.619970; 96968; 23
1670090620.644970; 96993; 23
1670090620.669970; 97018; 23
1670090620.694970; 97043; 23
1670090620.719971; 97068; 23
1670090620.744970; 97093; 23
1670090620.769970; 97118; 23
1670090620.794970; 97143; 23
1670090620.819970; 97168; 23
1670090620.844970; 97193; 23
1670090620.869970; 97218; 23
1670090620.894970; 97243; 23
1670090620.919970; 97268; 23
1670090620.944970; 97293; 23
1670090620.969970; 97318; 23
1670090620.994970; 97343; 22
1670090621.019970; 97368; 22
1670090621.044967; 97393; 22
1670090621.069967; 97418; 22
1670090621.094967; 97443; 23
1670090621.119967; 97468; 23
1670090621.144970; 97493; 23
1670090621.169970; 97518; 23
1670090621.194966; 97543; 23
1670090621.219970; 97568; 23
1670090621.244970; 97593; 23
1670090621.269970; 97618; 23
1670090621.294970; 97643; 22
1670090621.319966; 97668; 22
1670090621.344966; 97693; 22
1670090621.369966; 97718; 22
1670090621.394966; 97743; 22
1670090621.419970; 97768; 21
1670090621.444970; 97793; 21
1670090621.469970; 97818; 21
1670090621.494970; 97843; 21
1670090621.519970; 97868; 20
1670090621.544966; 97893; 20
1670090621.569970; 97918; 20
1670090621.594970; 97943; 20
1670090621.619970; 97968; 20
1670090621.644970; 97993; 20
1670090621.669970; 98018; 20
1670090621.694967; 98043; 20
1670090621.719970; 98068; 20
1670090621.744971; 98093; 20
1670090621.769970; 98118; 20
1670090621.794970; 98143; 20
1670090621.819966; 98168; 19
1670090621.844970; 98193; 19
1670090621.869970; 98218; 19
1670090621.894970; 98243; 19
1670090621.919970; 98268; 17
1670090621.944970; 98293; 17
1670090621.969966; 98318; 17
1670090621.994970; 98343; 17
1670090622.019970; 98368; 14
1670090622.044967; 98393; 14
1670090622.069967; 98418; 14
1670090622.094967; 98443; 14
1670090622.119967; 98468; 14
1670090622.144970; 98493; 14
1670090622.169970; 98518; 14
1670090622.194966; 98543; 14
1670090622.219970; 98568; 14
1670090622.244970; 98593; 14
1670090622.269970; 98618; 14
1670090622.294970; 98643; 14
1670090622.319966; 98668; 14
1670090622.344970; 98693; 14
1670090622.369970; 98718; 14
1670090622.394970; 98743; 14
1670090622.419970; 98768; 14
1670090622.444970; 98793; 14
1670090622.469970; 98818; 14
1670090622.494970; 98843; 14
1670090622.519970; 98868; 14
1670090622.544970; 98893; 14
1670090622.569966; 98918; 14
1670090622.594970; 98943; 14
1670090622.619970; 98968; 14
1670090622.644970; 98993; 14
1670090622.669970; 99018; 14
1670090622.694966; 99043; 14
1670090622.719970; 99068; 14
1670090622.744970; 99093; 14
1670090622.769970; 99118; 14
1670090622.794970; 99143; 14
1670090622.819975; 99168; 14
1670090622.844971; 99193; 14
1670090622.869966; 99218; 14
1670090622.894970; 99243; 14
1670090622.919970; 99268; 14
1670090622.944970; 99293; 14
1670090622.969970; 99318; 14
1670090622.994966; 99343; 14
1670090623.019970; 99368; 14
1670090623.044967; 99393; 14
1670090623.069967; 99418; 14
1670090623.094967; 99443; 14
1670090623.119968; 99468; 14
1670090623.144970; 99493; 14
1670090623.169970; 99518; 14
1670090623.194966; 99543; 14
1670090623.219970; 99568; 14
1670090623.244970; 99593; 14
1670090623.269970; 99618; 14
1670090623.294970; 99643; 14
1670090623.319970; 99668; 14
1670090623.344970; 99693; 14
1670090623.369970; 99718; 14
1670090623.394970; 99743; 14
1670090623.419970; 99768; 14
1670090623.444970; 99793; 14
1670090623.469970; 99818; 14
1670090623.494970; 99843; 14
1670090623.519970; 99868; 14
1670090623.544970; 99893; 14
1670090623.569970; 99918; 14
1670090623.594966; 99943; 14
1670090623.619970; 99968; 14
1670090623.644970; 99993; 14
1670090623.669970; 100018; 14
1670090623.694970; 100043; 14
1670090623.719970; 100068; 14
1670090623.744970; 100093; 14
1670090623.769970; 100118; 14
1670090623.794970; 100143; 14
1670090623.819970; 100168; 14
1670090623.844970; 100193; 14
1670090623.869970; 100218; 14
1670090623.894970; 100243; 14
1670090623.919970; 100268; 14
1670090623.944970; 100293; 14
1670090623.969970; 100318; 14
1670090623.994970; 100343; 14
1670090624.019966; 100368; 14
1670090624.044971; 100393; 14
1670090624.069971; 100418; 14
1670090624.094971; 100443; 14
1670090624.119971; 100468; 14
1670090624.144966; 100493; 14
1670090624.169966; 100518; 14
1670090624.194971; 100543; 14
1670090624.219970; 100568; 14
1670090624.244970; 100593; 14
1670090624.269970; 100618; 14
1670090624.294970; 100643; 14
1670090624.319966; 100668; 14
1670090624.344970; 100693; 14
1670090624.369970; 100718; 14
1670090624.394970; 100743; 14
1670090624.419966; 100768; 14
1670090624.444970; 100793; 14
1670090624.469970; 100818; 14
1670090624.494970; 100843; 14
1670090624.519970; 100868; 14
1670090624.544970; 100893; 14
1670090624.569970; 100918; 14
1670090624.594970; 100943; 14
1670090624.619970; 100968; 14
1670090624.644970; 100993; 14
1670090624.669970; 101018; 14
1670090624.694966; 101043; 14
1670090624.719970; 101068; 14
1670090624.744970; 101093; 14
1670090624.769970; 101118; 14
1670090624.794970; 101143; 14
1670090624.819970; 101168; 14
1670090624.844970; 101193; 14
1670090624.869970; 101218; 14
1670090624.894970; 101243; 14
1670090624.919966; 101268; 14
1670090624.944970; 101293; 14
1670090624.969970; 101318; 14
1670090624.994970; 101343; 14
1670090625.019970; 101368; 14
1670090625.044971; 101393; 14
1670090625.069971; 101418; 14
1670090625.094971; 101443; 14
1670090625.119971; 101468; 14
1670090625.144966; 101493; 14
1670090625.169970; 101518; 14
1670090625.194970; 101543; 14
1670090625.219970; 101568; 14
1670090625.244970; 101593; 14
1670090625.269970; 101618; 14
1670090625.294970; 101643; 14
1670090625.319970; 101668; 14
1670090625.344970; 101693; 14
1670090625.369970; 101718; 14
1670090625.394970; 101743; 14
1670090625.419970; 101768; 14
1670090625.444970; 101793; 14
1670090625.469970; 101818; 14
1670090625.494970; 101843; 14
1670090625.519970; 101868; 14
1670090625.544970; 101893; 14
1670090625.569970; 101918; 14
1670090625.594970; 101943; 14
1670090625.619970; 101968; 14
1670090625.644970; 101993; 14
1670090625.669970; 102018; 14
1670090625.694970; 102043; 14
1670090625.719970; 102068; 14
1670090625.744970; 102093; 14
1670090625.769970; 102118; 14
1670090625.794970; 102143; 14
1670090625.819970; 102168; 14
1670090625.844970; 102193; 14
1670090625.869970; 102218; 14
1670090625.894970; 102243; 14
1670090625.919970; 102268; 14
1670090625.944970; 102293; 14
1670090625.969970; 102318; 14
1670090625.994970; 102343; 14
1670090626.019970; 102368; 14
1670090626.044982; 102393; 14
1670090626.069971; 102418; 14
1670090626.094971; 102443; 14
1670090626.119971; 102468; 14
1670090626.144979; 102493; 14
1670090626.169967; 102518; 14
1670090626.194966; 102543; 14
1670090626.219970; 102568; 14
1670090626.244970; 102593; 14
1670090626.269970; 102618; 14
1670090626.294970; 102643; 14
1670090626.319970; 102668; 14
1670090626.344970; 102693; 14
1670090626.369970; 102718; 14
1670090626.394970; 102743; 14
1670090626.419970; 102768; 14
1670090626.444970; 102793; 14
1670090626.469970; 102818; 14
1670090626.494970; 102843; 14
1670090626.519970; 102868; 14
1670090626.544970; 102893; 14
1670090626.569970; 102918; 14
1670090626.594970; 102943; 14
1670090626.619970; 102968; 14
1670090626.644970; 102993; 14
1670090626.669970; 103018; 14
1670090626.694971; 103043; 14
1670090626.719966; 103068; 14
1670090626.744970; 103093; 14
1670090626.769970; 103118; 14
1670090626.794970; 103143; 14
1670090626.819970; 103168; 14
1670090626.844970; 103193; 14
1670090626.869970; 103218; 14
1670090626.894970; 103243; 14
1670090626.919970; 103268; 14
1670090626.944970; 103293; 14
1670090626.969970; 103318; 14
1670090626.994970; 103343; 14
1670090627.019970; 103368; 14
1670090627.044968; 103393; 14
1670090627.069968; 103418; 14
1670090627.094967; 103443; 14
1670090627.119967; 103468; 14
1670090627.144970; 103493; 14
1670090627.169970; 103518; 14
1670090627.194969; 103543; 14
1670090627.219970; 103568; 14
1670090627.244970; 103593; 14
1670090627.269970; 103618; 14
1670090627.294970; 103643; 14
1670090627.319970; 103668; 14
1670090627.344970; 103693; 14
1670090627.369970; 103718; 14
1670090627.394970; 103743; 14
1670090627.419970; 103768; 14
1670090627.444970; 103793; 14
1670090627.469970; 103818; 14
1670090627.494970; 103843; 14
1670090627.519970; 103868; 14
1670090627.544970; 103893; 14
1670090627.569970; 103918; 14
1670090627.594970; 103943; 14
1670090627.619970; 103968; 14
1670090627.644970; 103993; 14
1670090627.669970; 104018; 14
1670090627.694970; 104043; 14
1670090627.719970; 104068; 14
1670090627.744966; 104093; 14
1670090627.769970; 104118; 14
1670090627.794970; 104143; 14
1670090627.819970; 104168; 14
1670090627.844970; 104193; 14
1670090627.869970; 104218; 14
1670090627.894970; 104243; 14
1670090627.919970; 104268; 14
1670090627.944970; 104293; 14
1670090627.969970; 104318; 14
1670090627.994970; 104343; 14
1670090628.019970; 104368; 14
1670090628.044967; 104393; 14
1670090628.069967; 104418; 14
1670090628.094967; 104443; 14
1670090628.119967; 104468; 14
1670090628.144970; 104493; 14
1670090628.169970; 104518; 14
1670090628.194966; 104543; 14
1670090628.219970; 104568; 14
1670090628.244970; 104593; 14
1670090628.269966; 104618; 14
1670090628.294970; 104643; 14
1670090628.319970; 104668; 14
1670090628.344970; 104693; 14
1670090628.369970; 104718; 14
1670090628.394970; 104743; 14
1670090628.419970; 104768; 14
1670090628.444970; 104793; 14
1670090628.469970; 104818; 14
1670090628.494970; 104843; 14
1670090628.519970; 104868; 14
1670090628.544970; 104893; 14
1670090628.569985; 104918; 14
1670090628.594970; 104943; 14
1670090628.619966; 104968; 14
1670090628.644970; 104993; 14
1670090628.669970; 105018; 14
1670090628.694966; 105043; 14
1670090628.719970; 105068; 14
1670090628.744970; 105093; 14
1670090628.769966; 105118; 14
1670090628.794970; 105143; 14
1670090628.819970; 105168; 14
1670090628.844970; 105193; 14
1670090628.869970; 105218; 14
1670090628.894970; 105243; 14
1670090628.919966; 105268; 14
1670090628.944970; 105293; 14
1670090628.969970; 105318; 14
1670090628.994970; 105343; 14
1670090629.019970; 105368; 14
1670090629.044967; 105393; 14
1670090629.069967; 105418; 14
1670090629.094967; 105443; 14
1670090629.119971; 105468; 14
1670090629.144966; 105493; 14
1670090629.169970; 105518; 14
1670090629.194967; 105543; 14
1670090629.219970; 105568; 14
1670090629.244970; 105593; 14
1670090629.269970; 105618; 14
1670090629.294970; 105643; 14
1670090629.319970; 105668; 14
1670090629.344970; 105693; 14
1670090629.369970; 105718; 14
1670090629.394970; 105743; 14
1670090629.419970; 105768; 14
1670090629.444974; 105793; 14
1670090629.469971; 105818; 14
1670090629.494966; 105843; 14
1670090629.519970; 105868; 14
1670090629.544970; 105893; 14
1670090629.569970; 105918; 14
1670090629.594970; 105943; 14
1670090629.619970; 105968; 14
1670090629.644970; 105993; 14
1670090629.669970; 106018; 14
1670090629.694967; 106043; 14
1670090629.719970; 106068; 14
1670090629.744966; 106093; 14
1670090629.769970; 106118; 14
1670090629.794970; 106143; 14
1670090629.819970; 106168; 14
1670090629.844970; 106193; 14
1670090629.869970; 106218; 14
1670090629.894970; 106243; 14
1670090629.919970; 106268; 14
1670090629.944966; 106293; 14
1670090629.969970; 106318; 14
1670090629.994970; 106343; 14
1670090630.019970; 106368; 14
1670090630.044971; 106393; 14
1670090630.069971; 106418; 14
1670090630.094971; 106443; 14
1670090630.119971; 106468; 14
1670090630.144970; 106493; 14
1670090630.169970; 106518; 14
1670090630.194970; 106543; 14
1670090630.219970; 106568; 14
1670090630.244970; 106593; 14
1670090630.269970; 106618; 14
1670090630.294970; 106643; 14
1670090630.319970; 106668; 14
1670090630.344973; 106693; 14
1670090630.369970; 106718; 14
1670090630.394970; 106743; 14
1670090630.419970; 106768; 14
1670090630.444970; 106793; 14
1670090630.469970; 106818; 14
1670090630.494970; 106843; 14
1670090630.519970; 106868; 14
1670090630.544970; 106893; 14
1670090630.569970; 106918; 14
1670090630.594970; 106943; 14
1670090630.619970; 106968; 14
1670090630.644970; 106993; 14
1670090630.669970; 107018; 14
1670090630.694971; 107043; 14
1670090630.719970; 107068; 14
1670090630.744970; 107093; 14
1670090630.769970; 107118; 14
1670090630.794970; 107143; 14
1670090630.819966; 107168; 14
1670090630.844970; 107193; 14
1670090630.869970; 107218; 14
1670090630.894970; 107243; 14
1670090630.919970; 107268; 14
1670090630.944970; 107293; 14
1670090630.969970; 107318; 14
1670090630.994970; 107343; 14
1670090631.019970; 107368; 14
1670090631.044967; 107393; 14
1670090631.069968; 107418; 14
1670090631.094967; 107443; 14
1670090631.119968; 107468; 14
1670090631.144970; 107493; 14
1670090631.169966; 107518; 14
1670090631.194966; 107543; 14
1670090631.219966; 107568; 14
1670090631.244970; 107593; 14
1670090631.269970; 107618; 14
1670090631.294970; 107643; 14
1670090631.319970; 107668; 14
1670090631.344970; 107693; 14
1670090631.369971; 107718; 14
1670090631.394966; 107743; 14
1670090631.419970; 107768; 14
1670090631.444970; 107793; 14
1670090631.469970; 107818; 14
1670090631.494966; 107843; 14
1670090631.519970; 107868; 14
1670090631.544970; 107893; 14
1670090631.569970; 107918; 14
1670090631.594970; 107943; 14
1670090631.619970; 107968; 14
1670090631.644970; 107993; 14
1670090631.669970; 108018; 14
1670090631.694971; 108043; 14
1670090631.719970; 108068; 14
1670090631.744970; 108093; 14
1670090631.769970; 108118; 14
1670090631.794966; 108143; 14
1670090631.819970; 108168; 14
1670090631.844970; 108193; 14
1670090631.869970; 108218; 14
1670090631.894970; 108243; 14
1670090631.919970; 108268; 14
1670090631.944970; 108293; 14
1670090631.969970; 108318; 14
1670090631.994966; 108343; 14
1670090632.019970; 108368; 14
1670090632.044971; 108393; 14
1670090632.069971; 108418; 14
1670090632.094971; 108443; 14
1670090632.119971; 108468; 14
1670090632.144966; 108493; 14
1670090632.169970; 108518; 14
1670090632.194970; 108543; 14
1670090632.219970; 108568; 14
1670090632.244970; 108593; 14
1670090632.269970; 108618; 14
1670090632.294966; 108643; 14
1670090632.319970; 108668; 14
1670090632.344970; 108693; 14
1670090632.369970; 108718; 14
1670090632.394972; 108743; 14
1670090632.419966; 108768; 14
1670090632.444970; 108793; 14
1670090632.469970; 108818; 14
1670090632.494970; 108843; 14
1670090632.519970; 108868; 14
1670090632.544970; 108893; 14
1670090632.569970; 108918; 14
1670090632.594970; 108943; 14
1670090632.619970; 108968; 14
1670090632.644970; 108993; 14
1670090632.669970; 109018; 14
1670090632.694970; 109043; 14
1670090632.719970; 109068; 14
1670090632.744974; 109093; 14
1670090632.769971; 109118; 14
1670090632.794966; 109143; 14
1670090632.819970; 109168; 14
1670090632.844970; 109193; 14
1670090632.869970; 109218; 14
1670090632.894970; 109243; 14
1670090632.919970; 109268; 14
1670090632.944970; 109293; 14
1670090632.969970; 109318; 14
1670090632.994970; 109343; 14
1670090633.019970; 109368; 14
1670090633.044967; 109393; 14
1670090633.069967; 109418; 14
1670090633.094971; 109443; 14
1670090633.119971; 109468; 14
1670090633.144966; 109493; 14
1670090633.169970; 109518; 14
1670090633.194970; 109543; 14
1670090633.219966; 109568; 14
1670090633.244970; 109593; 14
1670090633.269970; 109618; 14
1670090633.294970; 109643; 14
1670090633.319970; 109668; 14
1670090633.344970; 109693; 14
1670090633.369970; 109718; 14
1670090633.394970; 109743; 14
1670090633.419970; 109768; 14
1670090633.444970; 109793; 14
1670090633.469970; 109818; 14
1670090633.494970; 109843; 14
1670090633.519970; 109868; 14
1670090633.544970; 109893; 14
1670090633.569970; 109918; 14
1670090633.594970; 109943; 14
1670090633.619970; 109968; 14
1670090633.644966; 109993; 14
1670090633.669970; 110018; 14
1670090633.694966; 110043; 14
1670090633.719970; 110068; 14
1670090633.744970; 110093; 14
1670090633.769970; 110118; 14
1670090633.794970; 110143; 14
1670090633.819970; 110168; 14
1670090633.844970; 110193; 14
1670090633.869970; 110218; 14
1670090633.894970; 110243; 14
1670090633.919970; 110268; 14
1670090633.944970; 110293; 14
1670090633.969970; 110318; 14
1670090633.994970; 110343; 14
1670090634.019970; 110368; 14
1670090634.044968; 110393; 14
1670090634.069967; 110418; 14
1670090634.094968; 110443; 14
1670090634.119968; 110468; 14
1670090634.144970; 110493; 14
1670090634.169970; 110518; 14
1670090634.194967; 110543; 14
1670090634.219970; 110568; 14
1670090634.244966; 110593; 14
1670090634.269970; 110618; 14
1670090634.294970; 110643; 14
1670090634.319970; 110668; 14
1670090634.344970; 110693; 14
1670090634.369970; 110718; 14
1670090634.394970; 110743; 14
1670090634.419970; 110768; 14
1670090634.444970; 110793; 14
1670090634.469970; 110818; 14
1670090634.494970; 110843; 14
1670090634.519970; 110868; 14
1670090634.544970; 110893; 14
1670090634.569970; 110918; 14
1670090634.594970; 110943; 14
1670090634.619970; 110968; 14
1670090634.644970; 110993; 14
1670090634.669970; 111018; 14
1670090634.694970; 111043; 14
1670090634.719970; 111068; 14
1670090634.744970; 111093; 14
1670090634.769970; 111118; 14
1670090634.794970; 111143; 14
1670090634.819970; 111168; 14
1670090634.844970; 111193; 14
1670090634.869966; 111218; 14
1670090634.894970; 111243; 14
1670090634.919970; 111268; 14
1670090634.944970; 111293; 14
1670090634.969970; 111318; 14
1670090634.994970; 111343; 14
1670090635.019970; 111368; 14
1670090635.044967; 111393; 14
1670090635.069971; 111418; 14
1670090635.094971; 111443; 14
1670090635.119971; 111468; 14
1670090635.144966; 111493; 14
1670090635.169966; 111518; 14
1670090635.194970; 111543; 14
1670090635.219970; 111568; 14
1670090635.244970; 111593; 14
1670090635.269970; 111618; 14
1670090635.294970; 111643; 14
1670090635.319970; 111668; 14
1670090635.344970; 111693; 14
1670090635.369965; 111718; 14
1670090635.394966; 111743; 14
1670090635.419970; 111768; 14
1670090635.444970; 111793; 14
1670090635.469970; 111818; 14
1670090635.494970; 111843; 14
1670090635.519970; 111868; 14
1670090635.544970; 111893; 14
1670090635.569970; 111918; 14
1670090635.594970; 111943; 14
1670090635.619986; 111968; 14
1670090635.644970; 111993; 14
1670090635.669985; 112018; 14
1670090635.694970; 112043; 14
1670090635.719970; 112068; 14
1670090635.744970; 112093; 14
1670090635.769970; 112118; 14
1670090635.794970; 112143; 14
1670090635.819970; 112168; 14
1670090635.844970; 112193; 14
1670090635.869970; 112218; 14
1670090635.894966; 112243; 14
1670090635.919970; 112268; 14
1670090635.944970; 112293; 14
1670090635.969970; 112318; 14
1670090635.994970; 112343; 14
1670090636.019970; 112368; 14
1670090636.044975; 112393; 14
1670090636.069974; 112418; 14
1670090636.094971; 112443; 14
1670090636.119971; 112468; 14
1670090636.144966; 112493; 14
1670090636.169970; 112518; 14
1670090636.194966; 112543; 14
1670090636.219970; 112568; 14
1670090636.244970; 112593; 14
1670090636.269970; 112618; 14
1670090636.294966; 112643; 14
1670090636.319970; 112668; 14
1670090636.344970; 112693; 14
1670090636.369970; 112718; 14
1670090636.394971; 112743; 14
1670090636.419970; 112768; 14
1670090636.444970; 112793; 14
1670090636.469970; 112818; 14
1670090636.494970; 112843; 14
1670090636.519970; 112868; 14
1670090636.544970; 112893; 14
1670090636.569970; 112918; 14
1670090636.594970; 112943; 14
1670090636.619970; 112968; 14
1670090636.644970; 112993; 14
1670090636.669970; 113018; 14
1670090636.694967; 113043; 14
1670090636.719970; 113068; 14
1670090636.744970; 113093; 14
1670090636.769970; 113118; 14
1670090636.794970; 113143; 14
1670090636.819970; 113168; 14
1670090636.844970; 113193; 14
1670090636.869970; 113218; 14
1670090636.894970; 113243; 14
1670090636.919966; 113268; 14
1670090636.944970; 113293; 14
1670090636.969970; 113318; 14
1670090636.994970; 113343; 14
1670090637.019970; 113368; 14
1670090637.044967; 113393; 14
1670090637.069968; 113418; 14
1670090637.094967; 113443; 14
1670090637.119971; 113468; 14
1670090637.144966; 113493; 14
1670090637.169970; 113518; 14
1670090637.194970; 113543; 14
1670090637.219970; 113568; 14
1670090637.244970; 113593; 14
1670090637.269970; 113618; 14
1670090637.294970; 113643; 14
1670090637.319970; 113668; 14
1670090637.344970; 113693; 14
1670090637.369970; 113718; 14
1670090637.394970; 113743; 14
1670090637.419966; 113768; 14
1670090637.444970; 113793; 14
1670090637.469970; 113818; 14
1670090637.494970; 113843; 14
1670090637.519970; 113868; 14
1670090637.544970; 113893; 14
1670090637.569970; 113918; 14
1670090637.594970; 113943; 14
1670090637.619970; 113968; 14
1670090637.644970; 113993; 14
1670090637.669970; 114018; 14
1670090637.694970; 114043; 14
1670090637.719971; 114068; 14
1670090637.744966; 114093; 14
1670090637.769970; 114118; 14
1670090637.794970; 114143; 14
1670090637.819970; 114168; 14
1670090637.844970; 114193; 14
1670090637.869970; 114218; 14
1670090637.894970; 114243; 14
1670090637.919970; 114268; 14
1670090637.944970; 114293; 14
1670090637.969970; 114318; 14
1670090637.994970; 114343; 14
1670090638.019970; 114368; 14
1670090638.044967; 114393; 14
1670090638.069968; 114418; 14
1670090638.094967; 114443; 14
1670090638.119967; 114468; 14
1670090638.144970; 114493; 14
1670090638.169970; 114518; 14
1670090638.194966; 114543; 14
1670090638.219970; 114568; 14
1670090638.244970; 114593; 14
1670090638.269970; 114618; 14
1670090638.294970; 114643; 14
1670090638.319970; 114668; 14
1670090638.344970; 114693; 14
1670090638.369970; 114718; 15
1670090638.394970; 114743; 15
1670090638.419970; 114768; 15
1670090638.444970; 114793; 15
1670090638.469970; 114818; 15
1670090638.494970; 114843; 15
1670090638.519970; 114868; 15
1670090638.544970; 114893; 15
1670090638.569970; 114918; 15
1670090638.594970; 114943; 15
1670090638.619970; 114968; 15
1670090638.644970; 114993; 15
1670090638.669970; 115018; 15
1670090638.694971; 115043; 15
1670090638.719970; 115068; 15
1670090638.744967; 115093; 15
1670090638.769970; 115118; 15
1670090638.794970; 115143; 15
1670090638.819970; 115168; 15
1670090638.844970; 115193; 15
1670090638.869966; 115218; 15
1670090638.894970; 115243; 15
1670090638.919970; 115268; 15
1670090638.944970; 115293; 15
1670090638.969966; 115318; 15
1670090638.994970; 115343; 16
1670090639.019970; 115368; 16
1670090639.044968; 115393; 16
1670090639.069968; 115418; 16
1670090639.094968; 115443; 16
1670090639.119967; 115468; 16
1670090639.144970; 115493; 16
1670090639.169970; 115518; 16
1670090639.194967; 115543; 16
1670090639.219970; 115568; 16
1670090639.244970; 115593; 16
1670090639.269970; 115618; 16
1670090639.294970; 115643; 16
1670090639.319970; 115668; 16
1670090639.344970; 115693; 16
1670090639.369978; 115718; 16
1670090639.394967; 115743; 16
1670090639.419966; 115768; 16
1670090639.444966; 115793; 16
1670090639.469966; 115818; 16
1670090639.494970; 115843; 16
1670090639.519970; 115868; 16
1670090639.544970; 115893; 16
1670090639.569966; 115918; 16
1670090639.594970; 115943; 16
1670090639.619970; 115968; 16
1670090639.644970; 115993; 16
1670090639.669970; 116018; 16
1670090639.694966; 116043; 17
1670090639.719970; 116068; 17
1670090639.744970; 116093; 17
1670090639.769970; 116118; 17
1670090639.794970; 116143; 18
1670090639.819971; 116168; 18
1670090639.844970; 116193; 18
1670090639.869970; 116218; 18
1670090639.894970; 116243; 18
1670090639.919970; 116268; 18
1670090639.944970; 116293; 18
1670090639.969970; 116318; 18
1670090639.994966; 116343; 17
1670090640.019970; 116368; 17
1670090640.044967; 116393; 17
1670090640.069967; 116418; 17
1670090640.094967; 116443; 17
1670090640.119968; 116468; 17
1670090640.144970; 116493; 17
1670090640.169970; 116518; 17
1670090640.194970; 116543; 17
1670090640.219970; 116568; 17
1670090640.244970; 116593; 17
1670090640.269970; 116618; 17
1670090640.294970; 116643; 17
1670090640.319970; 116668; 18
1670090640.344966; 116693; 18
1670090640.369970; 116718; 18
1670090640.394966; 116743; 18
1670090640.419970; 116768; 18
1670090640.444970; 116793; 18
1670090640.469970; 116818; 18
1670090640.494970; 116843; 18
1670090640.519970; 116868; 18
1670090640.544970; 116893; 18
1670090640.569970; 116918; 18
1670090640.594970; 116943; 18
1670090640.619970; 116968; 18
1670090640.644970; 116993; 18
1670090640.669970; 117018; 18
1670090640.694966; 117043; 18
1670090640.719970; 117068; 18
1670090640.744970; 117093; 18
1670090640.769970; 117118; 18
1670090640.794970; 117143; 18
1670090640.819970; 117168; 19
1670090640.844970; 117193; 19
1670090640.869970; 117218; 19
1670090640.894970; 117243; 19
1670090640.919970; 117268; 19
1670090640.944970; 117293; 19
1670090640.969970; 117318; 19
1670090640.994983; 117343; 19
1670090641.019966; 117368; 19
1670090641.044971; 117393; 19
1670090641.069971; 117418; 19
1670090641.094971; 117443; 19
1670090641.119971; 117468; 22
1670090641.144966; 117493; 22
1670090641.169970; 117518; 22
1670090641.194966; 117543; 22
1670090641.219970; 117568; 19
1670090641.244970; 117593; 19
1670090641.269970; 117618; 19
1670090641.294970; 117643; 19
1670090641.319970; 117668; 19
1670090641.344970; 117693; 19
1670090641.369970; 117718; 19
1670090641.394970; 117743; 19
1670090641.419970; 117768; 19
1670090641.444970; 117793; 19
1670090641.469970; 117818; 19
1670090641.494970; 117843; 19
1670090641.519970; 117868; 19
1670090641.544970; 117893; 19
1670090641.569970; 117918; 19
1670090641.594970; 117943; 19
1670090641.619966; 117968; 19
1670090641.644970; 117993; 19
1670090641.669970; 118018; 19
1670090641.694967; 118043; 19
1670090641.719970; 118068; 19
1670090641.744970; 118093; 19
1670090641.769970; 118118; 19
1670090641.794970; 118143; 19
1670090641.819994; 118168; 19
1670090641.844970; 118193; 20
1670090641.869971; 118218; 20
1670090641.894970; 118243; 20
1670090641.919970; 118268; 20
1670090641.944970; 118293; 21
1670090641.969970; 118318; 21
1670090641.994970; 118343; 21
1670090642.019991; 118368; 21
1670090642.044971; 118393; 19
1670090642.069971; 118418; 19
1670090642.094971; 118443; 19
1670090642.119971; 118468; 19
1670090642.144966; 118493; 20
1670090642.169970; 118518; 20
1670090642.194966; 118543; 20
1670090642.219970; 118568; 20
1670090642.244970; 118593; 19
1670090642.269970; 118618; 19
1670090642.294970; 118643; 19
1670090642.319970; 118668; 19
1670090642.344970; 118693; 19
1670090642.369970; 118718; 19
1670090642.394966; 118743; 19
1670090642.419966; 118768; 19
1670090642.444966; 118793; 19
1670090642.469970; 118818; 20
1670090642.494970; 118843; 20
1670090642.519970; 118868; 20
1670090642.544966; 118893; 20
1670090642.569970; 118918; 20
1670090642.594970; 118943; 20
1670090642.619970; 118968; 20
1670090642.644970; 118993; 20
1670090642.669979; 119018; 21
1670090642.694972; 119043; 21
1670090642.719966; 119068; 21
1670090642.744970; 119093; 21
1670090642.769970; 119118; 22
1670090642.794970; 119143; 22
1670090642.819970; 119168; 22
1670090642.844966; 119193; 22
1670090642.869970; 119218; 24
1670090642.894970; 119243; 24
1670090642.919970; 119268; 24
1670090642.944970; 119293; 24
1670090642.969970; 119318; 25
1670090642.994970; 119343; 25
1670090643.019970; 119368; 25
1670090643.044966; 119393; 25
1670090643.069971; 119418; 26
1670090643.094971; 119443; 26
1670090643.119971; 119468; 26
1670090643.144966; 119493; 26
1670090643.169970; 119518; 26
1670090643.194970; 119543; 26
1670090643.219970; 119568; 26
1670090643.244970; 119593; 26
1670090643.269966; 119618; 30
1670090643.294970; 119643; 30
1670090643.319966; 119668; 30
1670090643.344970; 119693; 30
1670090643.369970; 119718; 29
1670090643.394970; 119743; 29
1670090643.419970; 119768; 29
1670090643.444970; 119793; 29
1670090643.469970; 119818; 34
1670090643.494970; 119843; 34
1670090643.519970; 119868; 34
1670090643.544970; 119893; 34
1670090643.569970; 119918; 35
1670090643.594970; 119943; 35
1670090643.619970; 119968; 35
1670090643.644970; 119993; 35
1670090643.669970; 120018; 35
1670090643.694970; 120043; 36
1670090643.719970; 120068; 36
1670090643.744970; 120093; 36
1670090643.769970; 120118; 36
1670090643.794970; 120143; 21
1670090643.819966; 120168; 21
1670090643.844970; 120193; 21
1670090643.869966; 120218; 21
1670090643.894970; 120243; 15
1670090643.919970; 120268; 15
1670090643.944970; 120293; 15
1670090643.969970; 120318; 15
1670090643.994970; 120343; 14
1670090644.019966; 120368; 14
1670090644.044967; 120393; 14
1670090644.069971; 120418; 14
1670090644.094971; 120443; 14
1670090644.119971; 120468; 14
1670090644.144966; 120493; 14
1670090644.169970; 120518; 14
1670090644.194979; 120543; 14
1670090644.219966; 120568; 14
1670090644.244970; 120593; 14
1670090644.269970; 120618; 14
1670090644.294972; 120643; 14
1670090644.319970; 120668; 14
1670090644.344966; 120693; 14
1670090644.369970; 120718; 14
1670090644.394970; 120743; 14
1670090644.419970; 120768; 14
1670090644.444970; 120793; 14
1670090644.469970; 120818; 14
1670090644.494970; 120843; 14
1670090644.519970; 120868; 14
1670090644.544970; 120893; 14
1670090644.569970; 120918; 14
1670090644.594966; 120943; 14
1670090644.619970; 120968; 14
1670090644.644970; 120993; 14
1670090644.669970; 121018; 14
1670090644.694966; 121043; 14
1670090644.719970; 121068; 14
1670090644.744970; 121093; 14
1670090644.769970; 121118; 14
1670090644.794970; 121143; 14
1670090644.819970; 121168; 14
1670090644.844966; 121193; 14
1670090644.869970; 121218; 14
1670090644.894970; 121243; 14
1670090644.919970; 121268; 14
1670090644.944970; 121293; 14
1670090644.969970; 121318; 14
1670090644.994970; 121343; 14
1670090645.019970; 121368; 14
1670090645.044967; 121393; 14
1670090645.069968; 121418; 14
1670090645.094971; 121443; 14
1670090645.119971; 121468; 14
1670090645.144966; 121493; 14
1670090645.169970; 121518; 14
1670090645.194970; 121543; 14
1670090645.219970; 121568; 14
1670090645.244970; 121593; 14
1670090645.269970; 121618; 14
1670090645.294970; 121643; 14
1670090645.319970; 121668; 14
1670090645.344970; 121693; 14
1670090645.369966; 121718; 14
1670090645.394970; 121743; 14
1670090645.419970; 121768; 14
1670090645.444970; 121793; 14
1670090645.469970; 121818; 14
1670090645.494970; 121843; 14
1670090645.519970; 121868; 14
1670090645.544970; 121893; 14
1670090645.569970; 121918; 14
1670090645.594970; 121943; 14
1670090645.619970; 121968; 14
1670090645.644970; 121993; 14
1670090645.669970; 122018; 14
1670090645.694970; 122043; 14
1670090645.719966; 122068; 14
1670090645.744970; 122093; 14
1670090645.769970; 122118; 14
1670090645.794970; 122143; 14
1670090645.819970; 122168; 14
1670090645.844970; 122193; 14
1670090645.869970; 122218; 14
1670090645.894970; 122243; 14
1670090645.919970; 122268; 14
1670090645.944970; 122293; 14
1670090645.969975; 122318; 14
1670090645.994971; 122343; 14
1670090646.019966; 122368; 14
1670090646.044971; 122393; 14
1670090646.069971; 122418; 14
1670090646.094971; 122443; 14
1670090646.119972; 122468; 14
1670090646.144966; 122493; 14
1670090646.169970; 122518; 14
1670090646.194966; 122543; 14
1670090646.219970; 122568; 14
1670090646.244970; 122593; 14
1670090646.269970; 122618; 14
1670090646.294970; 122643; 14
1670090646.319972; 122668; 14
1670090646.344966; 122693; 14
1670090646.369970; 122718; 14
1670090646.394970; 122743; 14
1670090646.419970; 122768; 14
1670090646.444970; 122793; 14
1670090646.469970; 122818; 14
1670090646.494970; 122843; 14
1670090646.519970; 122868; 14
1670090646.544970; 122893; 14
1670090646.569970; 122918; 14
1670090646.594970; 122943; 14
1670090646.619970; 122968; 14
1670090646.644970; 122993; 14
1670090646.669970; 123018; 14
1670090646.694970; 123043; 14
1670090646.719970; 123068; 14
1670090646.744966; 123093; 14
1670090646.769970; 123118; 14
1670090646.794970; 123143; 14
1670090646.819970; 123168; 14
1670090646.844970; 123193; 14
1670090646.869970; 123218; 14
1670090646.894966; 123243; 14
1670090646.919970; 123268; 14
1670090646.944966; 123293; 14
1670090646.969970; 123318; 14
1670090646.994970; 123343; 14
1670090647.019970; 123368; 14
1670090647.044967; 123393; 14
1670090647.069968; 123418; 14
1670090647.094967; 123443; 14
1670090647.119968; 123468; 14
1670090647.144995; 123493; 14
1670090647.169970; 123518; 14
1670090647.194971; 123543; 14
1670090647.219970; 123568; 14
1670090647.244970; 123593; 14
1670090647.269970; 123618; 14
1670090647.294970; 123643; 14
1670090647.319970; 123668; 14
1670090647.344995; 123693; 14
1670090647.369970; 123718; 14
1670090647.394970; 123743; 14
1670090647.419970; 123768; 14
1670090647.444970; 123793; 14
1670090647.469970; 123818; 15
1670090647.494970; 123843; 15
1670090647.519970; 123868; 15
1670090647.544970; 123893; 15
1670090647.569970; 123918; 15
1670090647.594970; 123943; 15
1670090647.619966; 123968; 15
1670090647.644970; 123993; 15
1670090647.669970; 124018; 15
1670090647.694966; 124043; 15
1670090647.719970; 124068; 15
1670090647.744970; 124093; 15
1670090647.769970; 124118; 14
1670090647.794970; 124143; 14
1670090647.819970; 124168; 14
1670090647.844970; 124193; 14
1670090647.869970; 124218; 15
1670090647.894970; 124243; 15
1670090647.919970; 124268; 15
1670090647.944970; 124293; 15
1670090647.969970; 124318; 15
1670090647.994970; 124343; 15
1670090648.019970; 124368; 15
1670090648.044967; 124393; 15
1670090648.069968; 124418; 15
1670090648.094967; 124443; 15
1670090648.119967; 124468; 15
1670090648.144970; 124493; 15
1670090648.169973; 124518; 15
1670090648.194971; 124543; 15
1670090648.219970; 124568; 15
1670090648.244970; 124593; 15
1670090648.269970; 124618; 15
1670090648.294970; 124643; 15
1670090648.319970; 124668; 15
1670090648.344970; 124693; 15
1670090648.369972; 124718; 15
1670090648.394966; 124743; 15
1670090648.419988; 124768; 15
1670090648.444970; 124793; 15
1670090648.469970; 124818; 15
1670090648.494970; 124843; 15
1670090648.519970; 124868; 15
