1670091135.507544; 611855; 13
1670091135.531969; 611880; 13
1670091135.556965; 611905; 13
1670091135.581965; 611930; 13
1670091135.606971; 611955; 13
1670091135.631979; 611980; 13
1670091135.656972; 612005; 13
1670091135.681971; 612030; 13
1670091135.706965; 612055; 13
1670091135.731970; 612080; 13
1670091135.756966; 612105; 13
1670091135.781965; 612130; 13
1670091135.806968; 612155; 13
1670091135.831975; 612180; 13
1670091135.856972; 612205; 13
1670091135.881971; 612230; 13
1670091135.906971; 612255; 13
1670091135.931975; 612280; 13
1670091135.956972; 612305; 13
1670091135.981971; 612330; 13
1670091136.006969; 612355; 13
1670091136.164124; 612512; 13
1670091136.188966; 612537; 13
1670091136.213971; 612562; 13
1670091136.238971; 612587; 13
1670091136.263975; 612612; 13
1670091136.288972; 612637; 13
1670091136.313971; 612662; 13
1670091136.338971; 612687; 13
1670091136.363975; 612712; 13
1670091136.388972; 612737; 13
1670091136.413971; 612762; 13
1670091136.438965; 612787; 13
1670091136.463965; 612812; 13
1670091136.488970; 612837; 13
1670091136.513966; 612862; 13
1670091136.538965; 612887; 13
1670091136.563965; 612912; 13
1670091136.588979; 612937; 13
1670091136.613972; 612962; 13
1670091136.638965; 612987; 13
1670091136.663965; 613012; 13
1670091136.688970; 613037; 13
1670091136.713972; 613062; 13
1670091136.738970; 613087; 13
1670091136.763971; 613112; 13
1670091136.788975; 613137; 13
1670091136.813972; 613162; 13
1670091136.838965; 613187; 13
1670091136.863965; 613212; 13
1670091136.888970; 613237; 13
1670091136.913966; 613262; 13
1670091136.938965; 613287; 13
1670091136.963965; 613312; 13
1670091136.988979; 613337; 13
1670091137.013972; 613362; 13
1670091137.038972; 613387; 13
1670091137.063972; 613412; 13
1670091137.088976; 613437; 13
1670091137.113967; 613462; 13
1670091137.138971; 613487; 13
1670091137.163970; 613512; 13
1670091137.188975; 613537; 13
1670091137.213972; 613562; 13
1670091137.238971; 613587; 13
1670091137.263970; 613612; 13
1670091137.288970; 613637; 13
1670091137.313975; 613662; 13
1670091137.338972; 613687; 13
1670091137.363971; 613712; 13
1670091137.388970; 613737; 13
1670091137.413979; 613762; 13
1670091137.438972; 613787; 13
1670091137.463971; 613812; 13
1670091137.488971; 613837; 13
1670091137.513975; 613862; 13
1670091137.538972; 613887; 13
1670091137.563971; 613912; 13
1670091137.588971; 613937; 13
1670091137.613975; 613962; 13
1670091137.638972; 613987; 13
1670091137.663970; 614012; 13
1670091137.688971; 614037; 13
1670091137.713975; 614062; 13
1670091137.738972; 614087; 13
1670091137.763970; 614112; 13
1670091137.788971; 614137; 13
1670091137.813979; 614162; 13
1670091137.838972; 614187; 13
1670091137.863971; 614212; 13
1670091137.888971; 614237; 13
1670091137.913975; 614262; 13
1670091137.938972; 614287; 13
1670091137.963971; 614312; 13
1670091137.988971; 614337; 13
1670091138.013974; 614362; 13
1670091138.038969; 614387; 13
1670091138.063985; 614412; 13
1670091138.088972; 614437; 13
1670091138.113972; 614462; 13
1670091138.138970; 614487; 13
1670091138.163967; 614512; 13
1670091138.188965; 614537; 13
1670091138.213971; 614562; 13
1670091138.238979; 614587; 13
1670091138.263977; 614612; 13
1670091138.288971; 614637; 13
1670091138.313971; 614662; 13
1670091138.338975; 614687; 13
1670091138.363972; 614712; 13
1670091138.388971; 614737; 13
1670091138.413971; 614762; 13
1670091138.438975; 614787; 13
1670091138.463972; 614812; 13
1670091138.488971; 614837; 13
1670091138.513971; 614862; 13
1670091138.538975; 614887; 13
1670091138.563972; 614912; 13
1670091138.588971; 614937; 13
1670091138.613971; 614962; 13
1670091138.638979; 614987; 13
1670091138.663972; 615012; 13
1670091138.688971; 615037; 13
1670091138.713965; 615062; 13
1670091138.738970; 615087; 13
1670091138.763967; 615112; 13
1670091138.788965; 615137; 13
1670091138.813965; 615162; 13
1670091138.838969; 615187; 13
1670091138.863967; 615212; 13
1670091138.888970; 615237; 13
1670091138.913970; 615262; 13
1670091138.938971; 615287; 13
1670091138.963970; 615312; 13
1670091138.988966; 615337; 13
1670091139.013965; 615362; 13
1670091139.038966; 615387; 13
1670091139.063980; 615412; 13
1670091139.088973; 615437; 13
1670091139.113972; 615462; 13
1670091139.138965; 615487; 13
1670091139.163970; 615512; 13
1670091139.188967; 615537; 13
1670091139.213971; 615562; 13
1670091139.238971; 615587; 13
1670091139.263975; 615612; 13
1670091139.288966; 615637; 13
1670091139.313965; 615662; 13
1670091139.338965; 615687; 13
1670091139.363970; 615712; 13
1670091139.388966; 615737; 13
1670091139.413965; 615762; 13
1670091139.438965; 615787; 13
1670091139.463973; 615812; 13
1670091139.488967; 615837; 13
1670091139.513965; 615862; 13
1670091139.538965; 615887; 13
1670091139.563975; 615912; 13
1670091139.588972; 615937; 13
1670091139.613971; 615962; 14
1670091139.638971; 615987; 14
1670091139.663971; 616012; 14
1670091139.688975; 616037; 14
1670091139.713966; 616062; 14
1670091139.738965; 616087; 14
1670091139.763965; 616112; 14
1670091139.788970; 616137; 14
1670091139.813972; 616162; 14
1670091139.838971; 616187; 13
1670091139.863971; 616212; 13
1670091139.888974; 616237; 13
1670091139.913972; 616262; 13
1670091139.938971; 616287; 13
1670091139.963971; 616312; 13
1670091139.988975; 616337; 13
1670091140.013972; 616362; 13
1670091140.038967; 616387; 14
1670091140.063966; 616412; 14
1670091140.088977; 616437; 14
1670091140.113967; 616462; 14
1670091140.138971; 616487; 14
1670091140.163971; 616512; 14
1670091140.188970; 616537; 14
1670091140.213972; 616562; 14
1670091140.238971; 616587; 14
1670091140.263971; 616612; 14
1670091140.288979; 616637; 14
1670091140.313972; 616662; 14
1670091140.338971; 616687; 14
1670091140.363971; 616712; 14
1670091140.388975; 616737; 14
1670091140.413972; 616762; 14
1670091140.438971; 616787; 13
1670091140.463971; 616812; 13
1670091140.488971; 616837; 13
1670091140.513970; 616862; 13
1670091140.538972; 616887; 14
1670091140.563971; 616912; 14
1670091140.588971; 616937; 14
1670091140.613975; 616962; 14
1670091140.638972; 616987; 14
1670091140.663971; 617012; 14
1670091140.688971; 617037; 14
1670091140.713974; 617062; 14
1670091140.738966; 617087; 14
1670091140.763965; 617112; 14
1670091140.788965; 617137; 14
1670091140.813970; 617162; 14
1670091140.838967; 617187; 14
1670091140.863965; 617212; 14
1670091140.888965; 617237; 14
1670091140.913970; 617262; 14
1670091140.938967; 617287; 14
1670091140.963965; 617312; 14
1670091140.988965; 617337; 14
1670091141.013970; 617362; 14
1670091141.038968; 617387; 14
1670091141.063967; 617412; 14
1670091141.088966; 617437; 14
1670091141.113975; 617462; 14
1670091141.138972; 617487; 14
1670091141.163971; 617512; 14
1670091141.188971; 617537; 14
1670091141.213974; 617562; 14
1670091141.238967; 617587; 14
1670091141.263971; 617612; 14
1670091141.288971; 617637; 14
1670091141.313965; 617662; 14
1670091141.338970; 617687; 14
1670091141.363967; 617712; 14
1670091141.388965; 617737; 14
1670091141.413965; 617762; 14
1670091141.438970; 617787; 14
1670091141.463966; 617812; 14
1670091141.488985; 617837; 14
1670091141.513965; 617862; 14
1670091141.538979; 617887; 14
1670091141.563967; 617912; 14
1670091141.588965; 617937; 14
1670091141.613965; 617962; 14
1670091141.638970; 617987; 14
1670091141.663966; 618012; 14
1670091141.688965; 618037; 14
1670091141.713971; 618062; 14
1670091141.738970; 618087; 14
1670091141.763972; 618112; 14
1670091141.788971; 618137; 14
1670091141.813970; 618162; 14
1670091141.838975; 618187; 14
1670091141.863972; 618212; 14
1670091141.888970; 618237; 14
1670091141.913971; 618262; 14
1670091141.938974; 618287; 14
1670091141.963967; 618312; 14
1670091141.988965; 618337; 14
1670091142.013965; 618362; 14
1670091142.038970; 618387; 14
1670091142.063969; 618412; 14
1670091142.088966; 618437; 14
1670091142.113972; 618462; 14
1670091142.138965; 618487; 14
1670091142.163975; 618512; 14
1670091142.188972; 618537; 14
1670091142.213971; 618562; 14
1670091142.238971; 618587; 14
1670091142.263975; 618612; 14
1670091142.288972; 618637; 14
1670091142.313971; 618662; 14
1670091142.338971; 618687; 14
1670091142.363973; 618712; 14
1670091142.388966; 618737; 14
1670091142.413965; 618762; 14
1670091142.438965; 618787; 14
1670091142.463970; 618812; 14
1670091142.488966; 618837; 14
1670091142.513966; 618862; 14
1670091142.538965; 618887; 14
1670091142.563990; 618912; 14
1670091142.588967; 618937; 14
1670091142.613965; 618962; 14
1670091142.638965; 618987; 14
1670091142.663970; 619012; 14
1670091142.688966; 619037; 14
1670091142.713971; 619062; 14
1670091142.738971; 619087; 14
1670091142.763979; 619112; 14
1670091142.788972; 619137; 14
1670091142.813971; 619162; 14
1670091142.838971; 619187; 14
1670091142.863971; 619212; 14
1670091142.888975; 619237; 14
1670091142.913972; 619262; 14
1670091142.938971; 619287; 14
1670091142.963971; 619312; 14
1670091142.988975; 619337; 14
1670091143.013972; 619362; 14
1670091143.038972; 619387; 14
1670091143.063972; 619412; 14
1670091143.088976; 619437; 14
1670091143.113973; 619462; 14
1670091143.138965; 619487; 14
1670091143.163965; 619512; 14
1670091143.188973; 619537; 14
1670091143.213966; 619562; 14
1670091143.238965; 619587; 14
1670091143.263965; 619612; 14
1670091143.288975; 619637; 14
1670091143.313972; 619662; 14
1670091143.338971; 619687; 14
1670091143.363971; 619712; 14
1670091143.388975; 619737; 14
1670091143.413972; 619762; 14
1670091143.438971; 619787; 14
1670091143.463971; 619812; 14
1670091143.488975; 619837; 14
1670091143.513972; 619862; 14
1670091143.538967; 619887; 14
1670091143.563965; 619912; 14
1670091143.588981; 619937; 14
1670091143.613966; 619962; 14
1670091143.638965; 619987; 14
1670091143.663965; 620012; 14
1670091143.688965; 620037; 14
1670091143.713975; 620062; 14
1670091143.738972; 620087; 14
1670091143.763971; 620112; 14
1670091143.788971; 620137; 14
1670091143.813970; 620162; 14
1670091143.838966; 620187; 14
1670091143.863965; 620212; 14
1670091143.888965; 620237; 14
1670091143.913970; 620262; 14
1670091143.938967; 620287; 14
1670091143.963965; 620312; 14
1670091143.988965; 620337; 14
1670091144.013979; 620362; 14
1670091144.038968; 620387; 14
1670091144.063967; 620412; 14
1670091144.088966; 620437; 14
1670091144.113977; 620462; 14
1670091144.138966; 620487; 14
1670091144.163965; 620512; 14
1670091144.188965; 620537; 14
1670091144.213975; 620562; 14
1670091144.238972; 620587; 14
1670091144.263970; 620612; 14
1670091144.288970; 620637; 14
1670091144.313975; 620662; 14
1670091144.338972; 620687; 15
1670091144.363971; 620712; 15
1670091144.388971; 620737; 15
1670091144.413972; 620762; 15
1670091144.438967; 620787; 15
1670091144.463965; 620812; 15
1670091144.488965; 620837; 15
1670091144.513965; 620862; 15
1670091144.538970; 620887; 15
1670091144.563967; 620912; 15
1670091144.588965; 620937; 15
1670091144.613971; 620962; 15
1670091144.638970; 620987; 15
1670091144.663967; 621012; 15
1670091144.688965; 621037; 15
1670091144.713970; 621062; 15
1670091144.738970; 621087; 15
1670091144.763966; 621112; 15
1670091144.788965; 621137; 15
1670091144.813965; 621162; 15
1670091144.838979; 621187; 15
1670091144.863972; 621212; 15
1670091144.888971; 621237; 15
1670091144.913971; 621262; 15
1670091144.938975; 621287; 16
1670091144.963972; 621312; 16
1670091144.988971; 621337; 16
1670091145.013971; 621362; 16
1670091145.038971; 621387; 15
1670091145.063967; 621412; 15
1670091145.088967; 621437; 15
1670091145.113966; 621462; 15
1670091145.138975; 621487; 16
1670091145.163972; 621512; 16
1670091145.188971; 621537; 16
1670091145.213971; 621562; 16
1670091145.238972; 621587; 17
1670091145.263968; 621612; 17
1670091145.288970; 621637; 17
1670091145.313971; 621662; 17
1670091145.338971; 621687; 17
1670091145.363975; 621712; 17
1670091145.388972; 621737; 17
1670091145.413971; 621762; 17
1670091145.438965; 621787; 17
1670091145.463970; 621812; 17
1670091145.488967; 621837; 17
1670091145.513965; 621862; 17
1670091145.538965; 621887; 17
1670091145.563970; 621912; 17
1670091145.588966; 621937; 17
1670091145.613965; 621962; 17
1670091145.638971; 621987; 17
1670091145.663979; 622012; 18
1670091145.688972; 622037; 18
1670091145.713965; 622062; 18
1670091145.738969; 622087; 18
1670091145.763975; 622112; 18
1670091145.788972; 622137; 18
1670091145.813971; 622162; 18
1670091145.838971; 622187; 18
1670091145.863975; 622212; 19
1670091145.888972; 622237; 19
1670091145.913971; 622262; 19
1670091145.938971; 622287; 19
1670091145.963975; 622312; 18
1670091145.988972; 622337; 18
1670091146.013971; 622362; 18
1670091146.038966; 622387; 18
1670091146.063972; 622412; 18
1670091146.088975; 622437; 18
1670091146.113967; 622462; 18
1670091146.138971; 622487; 18
1670091146.163971; 622512; 19
1670091146.188975; 622537; 19
1670091146.213972; 622562; 19
1670091146.238971; 622587; 19
1670091146.263971; 622612; 20
1670091146.288975; 622637; 20
1670091146.313990; 622662; 20
1670091146.338971; 622687; 20
1670091146.363971; 622712; 20
1670091146.388975; 622737; 20
1670091146.413972; 622762; 20
1670091146.438971; 622787; 20
1670091146.463971; 622812; 21
1670091146.488974; 622837; 21
1670091146.513972; 622862; 21
1670091146.538971; 622887; 21
1670091146.563971; 622912; 20
1670091146.588975; 622937; 20
1670091146.613972; 622962; 20
1670091146.638971; 622987; 20
1670091146.663965; 623012; 20
1670091146.688970; 623037; 21
1670091146.713972; 623062; 21
1670091146.738971; 623087; 21
1670091146.763971; 623112; 21
1670091146.788975; 623137; 22
1670091146.813972; 623162; 22
1670091146.838971; 623187; 22
1670091146.863971; 623212; 22
1670091146.888965; 623237; 22
1670091146.913979; 623262; 22
1670091146.938966; 623287; 22
1670091146.963965; 623312; 22
1670091146.988971; 623337; 22
1670091147.013975; 623362; 22
1670091147.038967; 623387; 22
1670091147.063966; 623412; 22
1670091147.088972; 623437; 22
1670091147.113976; 623462; 22
1670091147.138966; 623487; 22
1670091147.163965; 623512; 22
1670091147.188965; 623537; 23
1670091147.213975; 623562; 23
1670091147.238972; 623587; 23
1670091147.263971; 623612; 23
1670091147.288971; 623637; 23
1670091147.313979; 623662; 23
1670091147.338972; 623687; 23
1670091147.363971; 623712; 23
1670091147.388971; 623737; 22
1670091147.413975; 623762; 22
1670091147.438967; 623787; 22
1670091147.463965; 623812; 22
1670091147.488965; 623837; 21
1670091147.513970; 623862; 21
1670091147.538966; 623887; 21
1670091147.563966; 623912; 21
1670091147.588965; 623937; 22
1670091147.613969; 623962; 22
1670091147.638968; 623987; 22
1670091147.663971; 624012; 22
1670091147.688965; 624037; 23
1670091147.713971; 624062; 23
1670091147.738979; 624087; 23
1670091147.763972; 624112; 23
1670091147.788971; 624137; 23
1670091147.813971; 624162; 24
1670091147.838975; 624187; 24
1670091147.863972; 624212; 24
1670091147.888994; 624237; 24
1670091147.913965; 624262; 23
1670091147.938970; 624287; 23
1670091147.963972; 624312; 23
1670091147.988971; 624337; 23
1670091148.013971; 624362; 23
1670091148.038971; 624387; 23
1670091148.063967; 624412; 23
1670091148.088966; 624437; 23
1670091148.113967; 624462; 22
1670091148.138973; 624487; 22
1670091148.163966; 624512; 22
1670091148.188965; 624537; 22
1670091148.213971; 624562; 24
1670091148.238975; 624587; 24
1670091148.263972; 624612; 24
1670091148.288971; 624637; 24
1670091148.313966; 624662; 24
1670091148.338970; 624687; 24
1670091148.363967; 624712; 24
1670091148.388965; 624737; 24
1670091148.413965; 624762; 24
1670091148.438969; 624787; 24
1670091148.463973; 624812; 24
1670091148.488965; 624837; 24
1670091148.513965; 624862; 24
1670091148.538965; 624887; 24
1670091148.563979; 624912; 24
1670091148.588972; 624937; 24
1670091148.613971; 624962; 24
1670091148.638971; 624987; 24
1670091148.663975; 625012; 24
1670091148.688972; 625037; 24
1670091148.713996; 625062; 23
1670091148.738965; 625087; 23
1670091148.763970; 625112; 23
1670091148.788967; 625137; 23
1670091148.813965; 625162; 22
1670091148.838965; 625187; 22
1670091148.863970; 625212; 22
1670091148.888966; 625237; 22
1670091148.913970; 625262; 20
1670091148.938971; 625287; 20
1670091148.963974; 625312; 20
1670091148.988972; 625337; 20
1670091149.013971; 625362; 20
1670091149.038966; 625387; 20
1670091149.063977; 625412; 20
1670091149.088968; 625437; 20
1670091149.113966; 625462; 20
1670091149.138965; 625487; 21
1670091149.163970; 625512; 21
1670091149.188967; 625537; 21
1670091149.213965; 625562; 21
1670091149.238965; 625587; 22
1670091149.263965; 625612; 22
1670091149.288970; 625637; 22
1670091149.313966; 625662; 22
1670091149.338965; 625687; 17
1670091149.363965; 625712; 17
1670091149.388979; 625737; 17
1670091149.413972; 625762; 17
1670091149.438971; 625787; 15
1670091149.463971; 625812; 15
1670091149.488970; 625837; 15
1670091149.513966; 625862; 15
1670091149.538965; 625887; 15
1670091149.563965; 625912; 15
1670091149.588970; 625937; 15
1670091149.613966; 625962; 15
1670091149.638965; 625987; 14
1670091149.663965; 626012; 14
1670091149.688970; 626037; 14
1670091149.713972; 626062; 14
1670091149.738970; 626087; 14
1670091149.763971; 626112; 14
1670091149.788973; 626137; 14
1670091149.813967; 626162; 14
1670091149.838965; 626187; 14
1670091149.863965; 626212; 14
1670091149.888970; 626237; 14
1670091149.913967; 626262; 14
1670091149.938966; 626287; 14
1670091149.963971; 626312; 14
1670091149.988976; 626337; 14
1670091150.013972; 626362; 14
1670091150.038966; 626387; 14
1670091150.063972; 626412; 14
1670091150.088972; 626437; 14
1670091150.113976; 626462; 14
1670091150.138966; 626487; 14
1670091150.163965; 626512; 14
1670091150.188965; 626537; 14
1670091150.213973; 626562; 14
1670091150.238967; 626587; 14
1670091150.263965; 626612; 14
1670091150.288965; 626637; 14
1670091150.313970; 626662; 14
1670091150.338966; 626687; 14
1670091150.363970; 626712; 14
1670091150.388971; 626737; 14
1670091150.413975; 626762; 14
1670091150.438972; 626787; 14
1670091150.463971; 626812; 14
1670091150.488971; 626837; 14
1670091150.513975; 626862; 14
1670091150.538972; 626887; 14
1670091150.563965; 626912; 14
1670091150.588965; 626937; 14
1670091150.613979; 626962; 14
1670091150.638972; 626987; 14
1670091150.663965; 627012; 14
1670091150.688965; 627037; 14
1670091150.713975; 627062; 14
1670091150.738972; 627087; 14
1670091150.763971; 627112; 14
1670091150.788971; 627137; 14
1670091150.813974; 627162; 14
1670091150.838973; 627187; 14
1670091150.863965; 627212; 14
1670091150.888965; 627237; 14
1670091150.913971; 627262; 14
1670091150.938970; 627287; 14
1670091150.963972; 627312; 14
1670091150.988971; 627337; 14
1670091151.013971; 627362; 14
1670091151.038980; 627387; 14
1670091151.063973; 627412; 14
1670091151.088972; 627437; 14
1670091151.113972; 627462; 14
1670091151.138970; 627487; 14
1670091151.163967; 627512; 14
1670091151.188971; 627537; 14
1670091151.213971; 627562; 14
1670091151.238975; 627587; 14
1670091151.263972; 627612; 14
1670091151.288971; 627637; 14
1670091151.313971; 627662; 14
1670091151.338975; 627687; 14
1670091151.363972; 627712; 14
1670091151.388971; 627737; 14
1670091151.413971; 627762; 14
1670091151.438973; 627787; 14
1670091151.463966; 627812; 14
1670091151.488965; 627837; 14
1670091151.513965; 627862; 14
1670091151.538970; 627887; 14
1670091151.563966; 627912; 14
1670091151.588965; 627937; 14
1670091151.613965; 627962; 14
1670091151.638969; 627987; 14
1670091151.663968; 628012; 14
1670091151.688970; 628037; 14
1670091151.713971; 628062; 14
1670091151.738971; 628087; 14
1670091151.763970; 628112; 14
1670091151.788972; 628137; 14
1670091151.813971; 628162; 14
1670091151.838971; 628187; 14
1670091151.863979; 628212; 14
1670091151.888972; 628237; 14
1670091151.913971; 628262; 14
1670091151.938965; 628287; 14
1670091151.963970; 628312; 14
1670091151.988972; 628337; 14
1670091152.013971; 628362; 14
1670091152.038966; 628387; 14
1670091152.063977; 628412; 14
1670091152.088967; 628437; 14
1670091152.113967; 628462; 14
1670091152.138971; 628487; 14
1670091152.163975; 628512; 14
1670091152.188972; 628537; 14
1670091152.213971; 628562; 14
1670091152.238971; 628587; 14
1670091152.263979; 628612; 14
1670091152.288972; 628637; 14
1670091152.313971; 628662; 14
1670091152.338971; 628687; 14
1670091152.363975; 628712; 14
1670091152.388972; 628737; 14
1670091152.413971; 628762; 14
1670091152.438970; 628787; 14
1670091152.463971; 628812; 14
1670091152.488970; 628837; 14
1670091152.513966; 628862; 14
1670091152.538970; 628887; 14
1670091152.563970; 628912; 14
1670091152.588975; 628937; 14
1670091152.613966; 628962; 14
1670091152.638966; 628987; 14
1670091152.663965; 629012; 14
1670091152.688974; 629037; 14
1670091152.713966; 629062; 14
1670091152.738966; 629087; 14
1670091152.763965; 629112; 14
1670091152.788970; 629137; 14
1670091152.813966; 629162; 14
1670091152.838965; 629187; 14
1670091152.863965; 629212; 14
1670091152.888970; 629237; 14
1670091152.913966; 629262; 14
1670091152.938965; 629287; 14
1670091152.963965; 629312; 14
1670091152.988970; 629337; 14
1670091153.013972; 629362; 14
1670091153.038966; 629387; 14
1670091153.063973; 629412; 14
1670091153.088980; 629437; 14
1670091153.113973; 629462; 14
1670091153.138965; 629487; 14
1670091153.163965; 629512; 14
1670091153.188970; 629537; 14
1670091153.213986; 629562; 15
1670091153.238965; 629587; 15
1670091153.263965; 629612; 15
1670091153.288971; 629637; 15
1670091153.313975; 629662; 15
1670091153.338972; 629687; 15
1670091153.363971; 629712; 15
1670091153.388971; 629737; 15
1670091153.413975; 629762; 14
1670091153.438972; 629787; 14
1670091153.463971; 629812; 14
1670091153.488971; 629837; 14
1670091153.513979; 629862; 14
1670091153.538972; 629887; 14
1670091153.563971; 629912; 14
1670091153.588971; 629937; 14
1670091153.613975; 629962; 14
1670091153.638972; 629987; 14
1670091153.663970; 630012; 14
1670091153.688971; 630037; 14
1670091153.713975; 630062; 14
1670091153.738972; 630087; 15
1670091153.763971; 630112; 15
1670091153.788971; 630137; 15
1670091153.813970; 630162; 15
1670091153.838972; 630187; 15
1670091153.863971; 630212; 15
1670091153.888965; 630237; 15
1670091153.913973; 630262; 15
1670091153.938972; 630287; 15
1670091153.963971; 630312; 15
1670091153.988971; 630337; 15
1670091154.013969; 630362; 15
1670091154.038974; 630387; 15
1670091154.063972; 630412; 15
1670091154.088972; 630437; 15
1670091154.113972; 630462; 15
1670091154.138976; 630487; 15
1670091154.163972; 630512; 15
1670091154.188971; 630537; 15
1670091154.213965; 630562; 15
1670091154.238970; 630587; 15
1670091154.263966; 630612; 15
1670091154.288965; 630637; 15
1670091154.313965; 630662; 15
1670091154.338973; 630687; 15
1670091154.363966; 630712; 15
1670091154.388965; 630737; 15
1670091154.413971; 630762; 15
1670091154.438975; 630787; 15
1670091154.463972; 630812; 15
1670091154.488971; 630837; 15
1670091154.513971; 630862; 15
1670091154.538970; 630887; 15
1670091154.563967; 630912; 15
1670091154.588965; 630937; 15
1670091154.613965; 630962; 15
1670091154.638970; 630987; 15
1670091154.663972; 631012; 15
1670091154.688971; 631037; 15
1670091154.713965; 631062; 15
1670091154.738973; 631087; 15
1670091154.763967; 631112; 15
1670091154.788965; 631137; 15
1670091154.813965; 631162; 15
1670091154.838974; 631187; 15
1670091154.863967; 631212; 16
1670091154.888971; 631237; 16
1670091154.913971; 631262; 16
1670091154.938971; 631287; 16
1670091154.963970; 631312; 16
1670091154.988966; 631337; 16
1670091155.013966; 631362; 16
1670091155.038972; 631387; 16
1670091155.063971; 631412; 17
1670091155.088967; 631437; 17
1670091155.113967; 631462; 17
1670091155.138971; 631487; 17
1670091155.163974; 631512; 17
1670091155.188966; 631537; 17
1670091155.213971; 631562; 17
1670091155.238971; 631587; 17
1670091155.263975; 631612; 18
1670091155.288972; 631637; 18
1670091155.313971; 631662; 18
1670091155.338971; 631687; 18
1670091155.363975; 631712; 18
1670091155.388972; 631737; 18
1670091155.413971; 631762; 18
1670091155.438970; 631787; 18
1670091155.463975; 631812; 18
1670091155.488972; 631837; 18
1670091155.513971; 631862; 18
1670091155.538971; 631887; 18
1670091155.563974; 631912; 18
1670091155.588967; 631937; 18
1670091155.613966; 631962; 18
1670091155.638965; 631987; 18
1670091155.663965; 632012; 18
1670091155.688970; 632037; 18
1670091155.713972; 632062; 18
1670091155.738971; 632087; 18
1670091155.763971; 632112; 18
1670091155.788970; 632137; 18
1670091155.813966; 632162; 18
1670091155.838965; 632187; 18
1670091155.863965; 632212; 18
1670091155.888970; 632237; 18
1670091155.913967; 632262; 18
1670091155.938971; 632287; 18
1670091155.963971; 632312; 18
1670091155.988974; 632337; 19
1670091156.013966; 632362; 19
1670091156.038972; 632387; 19
1670091156.063972; 632412; 19
1670091156.088971; 632437; 19
1670091156.113967; 632462; 19
1670091156.138971; 632487; 19
1670091156.163971; 632512; 19
1670091156.188970; 632537; 19
1670091156.213972; 632562; 19
1670091156.238971; 632587; 19
1670091156.263971; 632612; 19
1670091156.288975; 632637; 18
1670091156.313972; 632662; 18
1670091156.338965; 632687; 18
1670091156.363965; 632712; 18
1670091156.388979; 632737; 20
1670091156.413972; 632762; 20
1670091156.438971; 632787; 20
1670091156.463971; 632812; 20
1670091156.488971; 632837; 22
1670091156.513970; 632862; 22
1670091156.538967; 632887; 22
1670091156.563965; 632912; 22
1670091156.588965; 632937; 22
1670091156.613970; 632962; 22
1670091156.638966; 632987; 22
1670091156.663966; 633012; 22
1670091156.688965; 633037; 24
1670091156.713970; 633062; 24
1670091156.738967; 633087; 24
1670091156.763965; 633112; 24
1670091156.788965; 633137; 20
1670091156.813979; 633162; 20
1670091156.838972; 633187; 20
1670091156.863971; 633212; 20
1670091156.888971; 633237; 21
1670091156.913975; 633262; 21
1670091156.938972; 633287; 21
1670091156.963971; 633312; 21
1670091156.988971; 633337; 21
1670091157.013975; 633362; 21
1670091157.038967; 633387; 21
1670091157.063967; 633412; 21
1670091157.088967; 633437; 21
1670091157.113971; 633462; 22
1670091157.138966; 633487; 22
1670091157.163966; 633512; 22
1670091157.188965; 633537; 22
1670091157.213978; 633562; 22
1670091157.238968; 633587; 22
1670091157.263971; 633612; 22
1670091157.288971; 633637; 22
1670091157.313965; 633662; 23
1670091157.338975; 633687; 23
1670091157.363972; 633712; 23
1670091157.388971; 633737; 23
1670091157.413968; 633762; 24
1670091157.438975; 633787; 24
1670091157.463972; 633812; 24
1670091157.488971; 633837; 24
1670091157.513971; 633862; 23
1670091157.538975; 633887; 23
1670091157.563972; 633912; 23
1670091157.588971; 633937; 23
1670091157.613971; 633962; 22
1670091157.638973; 633987; 22
1670091157.663966; 634012; 22
1670091157.688966; 634037; 22
1670091157.713971; 634062; 21
1670091157.738975; 634087; 21
1670091157.763972; 634112; 21
1670091157.788971; 634137; 21
1670091157.813971; 634162; 22
1670091157.838970; 634187; 22
1670091157.863967; 634212; 22
1670091157.888965; 634237; 22
1670091157.913965; 634262; 22
1670091157.938970; 634287; 22
1670091157.963967; 634312; 22
1670091157.988965; 634337; 22
1670091158.013965; 634362; 22
1670091158.038979; 634387; 22
1670091158.063974; 634412; 22
1670091158.088972; 634437; 22
1670091158.113972; 634462; 22
1670091158.138965; 634487; 22
1670091158.163970; 634512; 22
1670091158.188967; 634537; 22
1670091158.213971; 634562; 22
1670091158.238971; 634587; 22
1670091158.263975; 634612; 22
1670091158.288972; 634637; 22
1670091158.313971; 634662; 22
1670091158.338988; 634687; 22
1670091158.363970; 634712; 22
1670091158.388967; 634737; 22
1670091158.413965; 634762; 22
1670091158.438965; 634787; 21
1670091158.463974; 634812; 21
1670091158.488966; 634837; 21
1670091158.513965; 634862; 21
1670091158.538980; 634887; 20
1670091158.563970; 634912; 20
1670091158.588967; 634937; 20
1670091158.613971; 634962; 20
1670091158.638971; 634987; 20
1670091158.663975; 635012; 20
1670091158.688972; 635037; 20
1670091158.713971; 635062; 20
1670091158.738971; 635087; 20
1670091158.763975; 635112; 20
1670091158.788972; 635137; 20
1670091158.813971; 635162; 20
1670091158.838970; 635187; 19
1670091158.863971; 635212; 19
1670091158.888979; 635237; 19
1670091158.913972; 635262; 19
1670091158.938971; 635287; 19
1670091158.963965; 635312; 19
1670091158.988970; 635337; 19
1670091159.013966; 635362; 19
1670091159.038972; 635387; 18
1670091159.063972; 635412; 18
1670091159.088976; 635437; 18
1670091159.113973; 635462; 18
1670091159.138965; 635487; 18
1670091159.163965; 635512; 18
1670091159.188970; 635537; 18
1670091159.213972; 635562; 18
1670091159.238971; 635587; 17
1670091159.263971; 635612; 17
1670091159.288979; 635637; 17
1670091159.313972; 635662; 17
1670091159.338971; 635687; 17
1670091159.363983; 635712; 17
1670091159.388970; 635737; 17
1670091159.413972; 635762; 17
1670091159.438971; 635787; 17
1670091159.463971; 635812; 17
1670091159.488970; 635837; 17
1670091159.513967; 635862; 17
1670091159.538965; 635887; 17
1670091159.563966; 635912; 17
1670091159.588970; 635937; 17
1670091159.613967; 635962; 17
1670091159.638965; 635987; 17
1670091159.663965; 636012; 17
1670091159.688965; 636037; 17
1670091159.713974; 636062; 17
1670091159.738967; 636087; 17
1670091159.763966; 636112; 16
1670091159.788971; 636137; 16
1670091159.813975; 636162; 16
1670091159.838972; 636187; 16
1670091159.863971; 636212; 15
1670091159.888970; 636237; 15
1670091159.913975; 636262; 15
1670091159.938972; 636287; 15
1670091159.963971; 636312; 15
1670091159.988971; 636337; 15
1670091160.013975; 636362; 15
1670091160.038967; 636387; 15
1670091160.063966; 636412; 15
1670091160.088972; 636437; 15
1670091160.113975; 636462; 15
1670091160.138972; 636487; 15
1670091160.163971; 636512; 15
1670091160.188970; 636537; 15
1670091160.213970; 636562; 15
1670091160.238972; 636587; 15
1670091160.263971; 636612; 15
1670091160.288971; 636637; 15
1670091160.313975; 636662; 15
1670091160.338972; 636687; 15
1670091160.363971; 636712; 15
1670091160.388971; 636737; 15
1670091160.413974; 636762; 15
1670091160.438973; 636787; 15
1670091160.463965; 636812; 15
1670091160.488965; 636837; 15
1670091160.513965; 636862; 15
1670091160.538979; 636887; 15
1670091160.563972; 636912; 15
1670091160.588970; 636937; 15
1670091160.613971; 636962; 15
1670091160.638980; 636987; 15
1670091160.663967; 637012; 15
1670091160.688965; 637037; 15
1670091160.713970; 637062; 15
1670091160.738975; 637087; 15
1670091160.763972; 637112; 15
1670091160.788971; 637137; 16
1670091160.813966; 637162; 16
1670091160.838970; 637187; 16
1670091160.863966; 637212; 16
1670091160.888966; 637237; 16
1670091160.913965; 637262; 16
1670091160.938973; 637287; 16
1670091160.963966; 637312; 16
1670091160.988965; 637337; 16
1670091161.013971; 637362; 16
1670091161.038971; 637387; 16
1670091161.063968; 637412; 16
1670091161.088966; 637437; 16
1670091161.113972; 637462; 16
1670091161.138970; 637487; 16
1670091161.163967; 637512; 16
1670091161.188965; 637537; 16
1670091161.213971; 637562; 16
1670091161.238969; 637587; 16
1670091161.263967; 637612; 16
1670091161.288970; 637637; 16
1670091161.313971; 637662; 16
1670091161.338971; 637687; 16
1670091161.363979; 637712; 16
1670091161.388972; 637737; 16
1670091161.413970; 637762; 16
1670091161.438971; 637787; 16
1670091161.463970; 637812; 16
1670091161.488966; 637837; 16
1670091161.513965; 637862; 16
1670091161.538965; 637887; 16
1670091161.563970; 637912; 16
1670091161.588966; 637937; 17
1670091161.613970; 637962; 17
1670091161.638965; 637987; 17
1670091161.663970; 638012; 17
1670091161.688967; 638037; 18
1670091161.713971; 638062; 18
1670091161.738971; 638087; 18
1670091161.763974; 638112; 18
1670091161.788966; 638137; 18
1670091161.813965; 638162; 18
1670091161.838965; 638187; 18
1670091161.863970; 638212; 18
1670091161.888966; 638237; 18
1670091161.913965; 638262; 17
1670091161.938965; 638287; 17
1670091161.963970; 638312; 17
1670091161.988966; 638337; 17
1670091162.013965; 638362; 17
1670091162.038972; 638387; 17
1670091162.063972; 638412; 17
1670091162.088976; 638437; 17
1670091162.113973; 638462; 18
1670091162.138965; 638487; 18
1670091162.163965; 638512; 18
1670091162.188979; 638537; 18
1670091162.213972; 638562; 19
1670091162.238965; 638587; 19
1670091162.263965; 638612; 19
1670091162.288970; 638637; 19
1670091162.313966; 638662; 20
1670091162.338965; 638687; 20
1670091162.363965; 638712; 20
1670091162.388970; 638737; 20
1670091162.413966; 638762; 20
1670091162.438965; 638787; 20
1670091162.463965; 638812; 20
1670091162.488970; 638837; 20
1670091162.513966; 638862; 21
1670091162.538965; 638887; 21
1670091162.563965; 638912; 21
1670091162.588974; 638937; 21
1670091162.613966; 638962; 21
1670091162.638965; 638987; 21
1670091162.663971; 639012; 21
1670091162.688970; 639037; 21
1670091162.713972; 639062; 21
1670091162.738971; 639087; 21
1670091162.763970; 639112; 21
1670091162.788975; 639137; 21
1670091162.813972; 639162; 22
1670091162.838971; 639187; 22
1670091162.863965; 639212; 22
1670091162.888965; 639237; 22
1670091162.913970; 639262; 22
1670091162.938967; 639287; 23
1670091162.963965; 639312; 23
1670091162.988965; 639337; 23
1670091163.013973; 639362; 23
1670091163.038973; 639387; 23
1670091163.063967; 639412; 23
1670091163.088966; 639437; 23
1670091163.113976; 639462; 23
1670091163.138967; 639487; 23
1670091163.163965; 639512; 23
1670091163.188965; 639537; 23
1670091163.213975; 639562; 23
1670091163.238972; 639587; 24
1670091163.263970; 639612; 24
1670091163.288970; 639637; 24
1670091163.313975; 639662; 24
1670091163.338972; 639687; 23
1670091163.363971; 639712; 23
1670091163.388971; 639737; 23
1670091163.413979; 639762; 23
1670091163.438972; 639787; 23
1670091163.463970; 639812; 23
1670091163.488971; 639837; 23
1670091163.513970; 639862; 23
1670091163.538966; 639887; 23
1670091163.563965; 639912; 23
1670091163.588965; 639937; 23
1670091163.613969; 639962; 23
1670091163.638967; 639987; 23
1670091163.663984; 640012; 23
1670091163.688965; 640037; 23
1670091163.713970; 640062; 23
1670091163.738970; 640087; 23
1670091163.763966; 640112; 23
1670091163.788965; 640137; 23
1670091163.813965; 640162; 23
1670091163.838979; 640187; 23
1670091163.863999; 640212; 23
1670091163.888965; 640237; 23
1670091163.913965; 640262; 23
1670091163.938970; 640287; 24
1670091163.963967; 640312; 24
1670091163.988965; 640337; 24
1670091164.013965; 640362; 24
1670091164.038977; 640387; 25
1670091164.063968; 640412; 25
1670091164.088967; 640437; 25
1670091164.113966; 640462; 25
1670091164.138975; 640487; 25
1670091164.163972; 640512; 25
1670091164.188971; 640537; 25
1670091164.213965; 640562; 25
1670091164.238973; 640587; 25
1670091164.263967; 640612; 24
1670091164.288965; 640637; 24
1670091164.313965; 640662; 24
1670091164.338970; 640687; 24
1670091164.363966; 640712; 25
1670091164.388965; 640737; 25
1670091164.413965; 640762; 25
1670091164.438969; 640787; 25
1670091164.463967; 640812; 25
1670091164.488965; 640837; 25
1670091164.513965; 640862; 25
1670091164.538965; 640887; 25
1670091164.563970; 640912; 26
1670091164.588966; 640937; 26
1670091164.613965; 640962; 26
1670091164.638965; 640987; 26
1670091164.663979; 641012; 27
1670091164.688974; 641037; 27
1670091164.713971; 641062; 27
1670091164.738970; 641087; 27
1670091164.763975; 641112; 28
1670091164.788972; 641137; 28
1670091164.813971; 641162; 28
1670091164.838971; 641187; 28
1670091164.863970; 641212; 28
1670091164.888967; 641237; 28
1670091164.913971; 641262; 28
1670091164.938971; 641287; 28
1670091164.963975; 641312; 28
1670091164.988972; 641337; 28
1670091165.013971; 641362; 28
1670091165.038966; 641387; 28
1670091165.063980; 641412; 29
1670091165.088973; 641437; 29
1670091165.113966; 641462; 29
1670091165.138965; 641487; 29
1670091165.163970; 641512; 29
1670091165.188966; 641537; 29
1670091165.213971; 641562; 29
1670091165.238971; 641587; 29
1670091165.263971; 641612; 29
1670091165.288970; 641637; 31
1670091165.313967; 641662; 31
1670091165.338965; 641687; 31
1670091165.363965; 641712; 31
1670091165.388970; 641737; 32
1670091165.413966; 641762; 32
1670091165.438965; 641787; 32
1670091165.463965; 641812; 32
1670091165.488979; 641837; 33
1670091165.513972; 641862; 33
1670091165.538971; 641887; 33
1670091165.563971; 641912; 33
1670091165.588975; 641937; 34
1670091165.613972; 641962; 34
1670091165.638971; 641987; 34
1670091165.663971; 642012; 34
1670091165.688975; 642037; 33
1670091165.713972; 642062; 33
1670091165.738971; 642087; 33
1670091165.763971; 642112; 33
1670091165.788975; 642137; 36
1670091165.813972; 642162; 36
1670091165.838970; 642187; 36
1670091165.863971; 642212; 36
1670091165.888974; 642237; 34
1670091165.913972; 642262; 34
1670091165.938965; 642287; 34
1670091165.963965; 642312; 34
1670091165.988970; 642337; 35
1670091166.013967; 642362; 35
1670091166.038972; 642387; 35
1670091166.063972; 642412; 35
1670091166.088972; 642437; 31
1670091166.113976; 642462; 31
1670091166.138972; 642487; 31
1670091166.163971; 642512; 31
1670091166.188971; 642537; 17
1670091166.213970; 642562; 17
1670091166.238967; 642587; 17
1670091166.263965; 642612; 17
1670091166.288965; 642637; 16
1670091166.313979; 642662; 16
1670091166.338972; 642687; 16
1670091166.363971; 642712; 16
1670091166.388965; 642737; 16
1670091166.413970; 642762; 16
1670091166.438966; 642787; 16
1670091166.463965; 642812; 16
1670091166.488965; 642837; 16
1670091166.513970; 642862; 16
1670091166.538966; 642887; 16
1670091166.563965; 642912; 16
1670091166.588965; 642937; 16
1670091166.613970; 642962; 15
1670091166.638966; 642987; 15
1670091166.663965; 643012; 15
1670091166.688965; 643037; 15
1670091166.713974; 643062; 15
1670091166.738966; 643087; 15
1670091166.763965; 643112; 15
1670091166.788965; 643137; 15
1670091166.813974; 643162; 16
1670091166.838973; 643187; 16
1670091166.863965; 643212; 16
1670091166.888965; 643237; 16
1670091166.913965; 643262; 16
1670091166.938970; 643287; 16
1670091166.963972; 643312; 16
1670091166.988970; 643337; 16
1670091167.013971; 643362; 16
1670091167.038971; 643387; 16
1670091167.063967; 643412; 16
1670091167.088966; 643437; 16
1670091167.113967; 643462; 16
1670091167.138979; 643487; 16
1670091167.163972; 643512; 16
1670091167.188971; 643537; 16
1670091167.213965; 643562; 16
1670091167.238970; 643587; 16
1670091167.263967; 643612; 16
1670091167.288965; 643637; 16
1670091167.313965; 643662; 16
1670091167.338970; 643687; 16
1670091167.363967; 643712; 16
1670091167.388965; 643737; 16
1670091167.413965; 643762; 16
1670091167.438970; 643787; 16
1670091167.463966; 643812; 16
1670091167.488965; 643837; 16
1670091167.513965; 643862; 17
1670091167.538974; 643887; 17
1670091167.563972; 643912; 17
1670091167.588971; 643937; 17
1670091167.613965; 643962; 17
1670091167.638974; 643987; 16
1670091167.663973; 644012; 16
1670091167.688965; 644037; 16
1670091167.713970; 644062; 16
1670091167.738970; 644087; 17
1670091167.763970; 644112; 17
1670091167.788967; 644137; 17
1670091167.813965; 644162; 17
1670091167.838965; 644187; 17
1670091167.863970; 644212; 17
1670091167.888966; 644237; 17
1670091167.913965; 644262; 17
1670091167.938965; 644287; 16
1670091167.963974; 644312; 16
1670091167.988966; 644337; 16
1670091168.013970; 644362; 16
1670091168.038972; 644387; 16
1670091168.063971; 644412; 16
1670091168.088967; 644437; 16
1670091168.113967; 644462; 16
1670091168.138971; 644487; 17
1670091168.163975; 644512; 17
1670091168.188972; 644537; 17
1670091168.213971; 644562; 17
1670091168.238970; 644587; 17
1670091168.263975; 644612; 17
1670091168.288972; 644637; 17
1670091168.313971; 644662; 17
1670091168.338971; 644687; 17
1670091168.363974; 644712; 17
1670091168.388966; 644737; 17
1670091168.413965; 644762; 17
1670091168.438965; 644787; 17
1670091168.463965; 644812; 17
1670091168.488970; 644837; 17
1670091168.513966; 644862; 17
1670091168.538965; 644887; 17
1670091168.563965; 644912; 17
1670091168.588975; 644937; 17
1670091168.613972; 644962; 17
1670091168.638970; 644987; 17
1670091168.663971; 645012; 17
1670091168.688975; 645037; 17
1670091168.713966; 645062; 17
1670091168.738965; 645087; 17
1670091168.763965; 645112; 17
1670091168.788973; 645137; 17
1670091168.813966; 645162; 17
1670091168.838965; 645187; 17
1670091168.863965; 645212; 17
1670091168.888970; 645237; 17
1670091168.913966; 645262; 17
1670091168.938965; 645287; 17
1670091168.963965; 645312; 17
1670091168.989000; 645337; 17
1670091169.013972; 645362; 17
1670091169.038972; 645387; 17
1670091169.063967; 645412; 17
1670091169.088971; 645437; 17
1670091169.113967; 645462; 17
1670091169.138970; 645487; 17
1670091169.163970; 645512; 18
1670091169.189010; 645537; 18
1670091169.213972; 645562; 18
1670091169.238971; 645587; 18
1670091169.263971; 645612; 18
1670091169.288971; 645637; 18
1670091169.313975; 645662; 18
1670091169.338972; 645687; 18
1670091169.363971; 645712; 18
1670091169.388971; 645737; 18
1670091169.413975; 645762; 18
1670091169.438972; 645787; 18
1670091169.463965; 645812; 18
1670091169.488965; 645837; 18
1670091169.513970; 645862; 18
1670091169.538966; 645887; 18
1670091169.563965; 645912; 18
1670091169.588965; 645937; 18
1670091169.613979; 645962; 18
1670091169.638972; 645987; 18
1670091169.663971; 646012; 19
1670091169.688971; 646037; 19
1670091169.713975; 646062; 19
1670091169.738972; 646087; 19
1670091169.763971; 646112; 19
1670091169.788971; 646137; 19
1670091169.813970; 646162; 19
1670091169.838966; 646187; 19
1670091169.863971; 646212; 19
1670091169.888970; 646237; 18
1670091169.913975; 646262; 18
1670091169.938972; 646287; 18
1670091169.963970; 646312; 18
1670091169.988971; 646337; 18
1670091170.013973; 646362; 18
1670091170.038968; 646387; 18
1670091170.063966; 646412; 18
1670091170.088972; 646437; 19
1670091170.113972; 646462; 19
1670091170.138970; 646487; 19
1670091170.163966; 646512; 19
1670091170.188965; 646537; 19
1670091170.213964; 646562; 19
1670091170.238975; 646587; 19
1670091170.263991; 646612; 19
1670091170.288965; 646637; 19
1670091170.313965; 646662; 19
1670091170.338970; 646687; 19
1670091170.363966; 646712; 19
1670091170.388965; 646737; 19
1670091170.413965; 646762; 19
1670091170.438973; 646787; 19
1670091170.463966; 646812; 19
1670091170.488965; 646837; 19
1670091170.513965; 646862; 19
1670091170.538970; 646887; 19
1670091170.563966; 646912; 19
1670091170.588965; 646937; 20
1670091170.613965; 646962; 20
1670091170.638975; 646987; 20
1670091170.663972; 647012; 20
1670091170.688971; 647037; 19
1670091170.713965; 647062; 19
1670091170.738970; 647087; 19
1670091170.763966; 647112; 19
1670091170.788965; 647137; 19
1670091170.813965; 647162; 19
1670091170.838978; 647187; 19
1670091170.863967; 647212; 19
1670091170.888970; 647237; 19
1670091170.913970; 647262; 19
1670091170.938970; 647287; 19
1670091170.963975; 647312; 19
1670091170.988972; 647337; 19
1670091171.013970; 647362; 19
1670091171.038972; 647387; 19
1670091171.063976; 647412; 19
1670091171.088973; 647437; 19
1670091171.113972; 647462; 20
1670091171.138965; 647487; 20
1670091171.163970; 647512; 20
1670091171.188966; 647537; 20
1670091171.213971; 647562; 20
1670091171.238965; 647587; 20
1670091171.263973; 647612; 20
1670091171.288967; 647637; 20
1670091171.313965; 647662; 20
1670091171.338965; 647687; 20
1670091171.363970; 647712; 20
1670091171.388967; 647737; 20
1670091171.413965; 647762; 20
1670091171.438965; 647787; 20
1670091171.463975; 647812; 20
1670091171.488972; 647837; 20
1670091171.513971; 647862; 20
1670091171.538971; 647887; 20
1670091171.563975; 647912; 20
1670091171.588972; 647937; 20
1670091171.613971; 647962; 20
1670091171.638971; 647987; 20
1670091171.663971; 648012; 20
1670091171.688973; 648037; 20
1670091171.713972; 648062; 19
1670091171.738970; 648087; 19
1670091171.763970; 648112; 19
1670091171.788975; 648137; 19
1670091171.813972; 648162; 19
1670091171.838971; 648187; 19
1670091171.863965; 648212; 19
1670091171.888970; 648237; 19
1670091171.913972; 648262; 18
1670091171.938971; 648287; 18
1670091171.963971; 648312; 18
1670091171.988975; 648337; 18
1670091172.013972; 648362; 17
1670091172.038966; 648387; 17
1670091172.063967; 648412; 17
1670091172.088980; 648437; 17
1670091172.113973; 648462; 15
1670091172.138965; 648487; 15
1670091172.163965; 648512; 15
1670091172.188970; 648537; 15
1670091172.213972; 648562; 15
1670091172.238971; 648587; 15
1670091172.263965; 648612; 15
1670091172.288970; 648637; 15
1670091172.313966; 648662; 15
1670091172.338965; 648687; 15
1670091172.363965; 648712; 15
1670091172.388970; 648737; 15
1670091172.413966; 648762; 15
1670091172.438965; 648787; 15
1670091172.463965; 648812; 15
1670091172.488965; 648837; 15
1670091172.513979; 648862; 15
1670091172.538972; 648887; 14
1670091172.563971; 648912; 14
1670091172.588971; 648937; 14
1670091172.613975; 648962; 14
1670091172.638972; 648987; 14
1670091172.663971; 649012; 14
1670091172.688970; 649037; 14
1670091172.713970; 649062; 14
1670091172.738972; 649087; 14
1670091172.763971; 649112; 14
1670091172.788970; 649137; 14
1670091172.813975; 649162; 14
1670091172.838972; 649187; 14
1670091172.863970; 649212; 14
1670091172.888971; 649237; 14
1670091172.913979; 649262; 14
1670091172.938972; 649287; 14
1670091172.963971; 649312; 14
1670091172.988970; 649337; 14
1670091173.013975; 649362; 14
1670091173.038967; 649387; 14
1670091173.063967; 649412; 14
1670091173.088972; 649437; 14
1670091173.113976; 649462; 14
1670091173.138972; 649487; 14
1670091173.163970; 649512; 14
1670091173.188970; 649537; 14
1670091173.213974; 649562; 14
1670091173.238973; 649587; 14
1670091173.263965; 649612; 14
1670091173.288965; 649637; 14
1670091173.313965; 649662; 14
1670091173.338973; 649687; 14
1670091173.363966; 649712; 14
1670091173.388965; 649737; 14
1670091173.413965; 649762; 14
1670091173.438970; 649787; 14
1670091173.463966; 649812; 14
1670091173.488965; 649837; 14
1670091173.513971; 649862; 14
1670091173.538975; 649887; 14
1670091173.563972; 649912; 14
1670091173.588971; 649937; 14
1670091173.613971; 649962; 14
1670091173.638975; 649987; 14
1670091173.663972; 650012; 14
1670091173.688970; 650037; 14
1670091173.713965; 650062; 14
1670091173.738979; 650087; 14
1670091173.763972; 650112; 14
1670091173.788970; 650137; 14
1670091173.813970; 650162; 14
1670091173.838975; 650187; 14
1670091173.863972; 650212; 14
1670091173.888971; 650237; 14
1670091173.913971; 650262; 14
1670091173.938970; 650287; 14
1670091173.963972; 650312; 14
1670091173.988971; 650337; 14
1670091174.013971; 650362; 14
1670091174.038975; 650387; 14
1670091174.063974; 650412; 14
1670091174.088972; 650437; 14
1670091174.113972; 650462; 14
1670091174.138965; 650487; 14
1670091174.163973; 650512; 14
1670091174.188967; 650537; 14
1670091174.213970; 650562; 14
1670091174.238970; 650587; 14
1670091174.263975; 650612; 14
1670091174.288972; 650637; 14
1670091174.313993; 650662; 14
1670091174.338965; 650687; 14
1670091174.363975; 650712; 14
1670091174.388972; 650737; 14
1670091174.413971; 650762; 14
1670091174.438971; 650787; 14
1670091174.463975; 650812; 14
1670091174.488972; 650837; 14
1670091174.513991; 650862; 14
1670091174.538965; 650887; 14
1670091174.563973; 650912; 14
1670091174.588966; 650937; 14
1670091174.613965; 650962; 14
1670091174.638965; 650987; 14
1670091174.663970; 651012; 14
1670091174.688966; 651037; 14
1670091174.713970; 651062; 14
1670091174.738970; 651087; 14
1670091174.763975; 651112; 14
1670091174.788972; 651137; 14
1670091174.813971; 651162; 14
1670091174.838970; 651187; 14
1670091174.863970; 651212; 14
1670091174.888975; 651237; 14
1670091174.913972; 651262; 14
1670091174.938965; 651287; 14
1670091174.963965; 651312; 14
1670091174.988974; 651337; 14
1670091175.013967; 651362; 14
1670091175.038972; 651387; 14
1670091175.063972; 651412; 14
1670091175.088971; 651437; 14
1670091175.113967; 651462; 14
1670091175.138965; 651487; 14
1670091175.163965; 651512; 14
1670091175.188975; 651537; 14
1670091175.213972; 651562; 14
1670091175.238970; 651587; 14
1670091175.263970; 651612; 14
1670091175.288975; 651637; 14
1670091175.313972; 651662; 14
1670091175.338968; 651687; 14
1670091175.363965; 651712; 14
1670091175.388979; 651737; 14
1670091175.413972; 651762; 14
1670091175.438971; 651787; 14
1670091175.463971; 651812; 14
1670091175.488975; 651837; 14
1670091175.513972; 651862; 14
1670091175.538966; 651887; 14
1670091175.563965; 651912; 14
1670091175.588994; 651937; 14
1670091175.613972; 651962; 14
1670091175.638971; 651987; 14
1670091175.663970; 652012; 14
1670091175.688970; 652037; 14
1670091175.713970; 652062; 14
1670091175.738966; 652087; 14
1670091175.763965; 652112; 14
1670091175.788965; 652137; 14
1670091175.813979; 652162; 14
1670091175.838972; 652187; 14
1670091175.863971; 652212; 14
1670091175.888971; 652237; 14
1670091175.913975; 652262; 14
1670091175.938972; 652287; 14
1670091175.963971; 652312; 14
1670091175.988971; 652337; 14
1670091176.013975; 652362; 14
1670091176.038968; 652387; 14
1670091176.063966; 652412; 14
1670091176.088972; 652437; 14
1670091176.113976; 652462; 14
1670091176.138966; 652487; 14
1670091176.163965; 652512; 14
1670091176.188965; 652537; 14
1670091176.213974; 652562; 14
1670091176.238966; 652587; 14
1670091176.263965; 652612; 14
1670091176.288965; 652637; 14
1670091176.313970; 652662; 14
1670091176.338967; 652687; 14
1670091176.363965; 652712; 14
1670091176.388965; 652737; 14
1670091176.413974; 652762; 14
1670091176.438973; 652787; 14
1670091176.463965; 652812; 14
1670091176.488965; 652837; 14
1670091176.513965; 652862; 14
1670091176.538970; 652887; 14
1670091176.563966; 652912; 14
1670091176.588965; 652937; 14
1670091176.613965; 652962; 14
1670091176.638979; 652987; 14
1670091176.663972; 653012; 14
1670091176.688971; 653037; 14
1670091176.713965; 653062; 14
1670091176.738970; 653087; 14
1670091176.763966; 653112; 14
1670091176.788970; 653137; 14
1670091176.813970; 653162; 14
1670091176.838975; 653187; 14
1670091176.863972; 653212; 14
1670091176.888970; 653237; 14
1670091176.913970; 653262; 14
1670091176.938975; 653287; 14
1670091176.963972; 653312; 14
1670091176.988971; 653337; 14
1670091177.013971; 653362; 14
1670091177.038980; 653387; 14
1670091177.063973; 653412; 14
1670091177.088972; 653437; 14
1670091177.113972; 653462; 14
1670091177.138975; 653487; 14
1670091177.163972; 653512; 14
1670091177.188970; 653537; 14
1670091177.213970; 653562; 14
1670091177.238969; 653587; 14
1670091177.263967; 653612; 14
1670091177.288970; 653637; 14
1670091177.313970; 653662; 14
1670091177.338970; 653687; 14
1670091177.363970; 653712; 14
1670091177.388966; 653737; 14
1670091177.413965; 653762; 14
1670091177.438965; 653787; 14
1670091177.463973; 653812; 14
1670091177.488966; 653837; 14
1670091177.513965; 653862; 14
1670091177.538965; 653887; 14
1670091177.563970; 653912; 14
1670091177.588971; 653937; 14
1670091177.613971; 653962; 14
1670091177.638965; 653987; 14
1670091177.663970; 654012; 14
1670091177.688966; 654037; 14
1670091177.713971; 654062; 14
1670091177.738970; 654087; 14
1670091177.763975; 654112; 14
1670091177.788972; 654137; 14
1670091177.813965; 654162; 14
1670091177.838965; 654187; 14
1670091177.863979; 654212; 14
1670091177.888972; 654237; 14
1670091177.913970; 654262; 14
1670091177.938970; 654287; 14
1670091177.963975; 654312; 14
1670091177.988972; 654337; 14
1670091178.013970; 654362; 14
1670091178.038966; 654387; 14
1670091178.063972; 654412; 14
1670091178.088976; 654437; 14
1670091178.113973; 654462; 14
1670091178.138965; 654487; 14
1670091178.163965; 654512; 14
1670091178.188970; 654537; 14
1670091178.213972; 654562; 14
1670091178.238970; 654587; 14
1670091178.263970; 654612; 14
1670091178.288974; 654637; 14
1670091178.313966; 654662; 14
1670091178.338965; 654687; 14
1670091178.363965; 654712; 14
1670091178.388970; 654737; 14
1670091178.413972; 654762; 14
1670091178.438970; 654787; 14
1670091178.463970; 654812; 14
1670091178.488975; 654837; 14
1670091178.513972; 654862; 14
1670091178.538970; 654887; 14
1670091178.563970; 654912; 14
1670091178.588975; 654937; 14
1670091178.613966; 654962; 14
1670091178.638965; 654987; 14
1670091178.663965; 655012; 14
1670091178.688979; 655037; 14
1670091178.713966; 655062; 14
1670091178.738965; 655087; 14
1670091178.763965; 655112; 14
1670091178.788970; 655137; 14
1670091178.813969; 655162; 14
1670091178.838965; 655187; 14
1670091178.863965; 655212; 14
1670091178.888971; 655237; 14
1670091178.913975; 655262; 14
1670091178.938972; 655287; 14
1670091178.963970; 655312; 14
1670091178.988970; 655337; 14
1670091179.013970; 655362; 14
1670091179.038972; 655387; 14
1670091179.063971; 655412; 14
1670091179.088968; 655437; 14
1670091179.113979; 655462; 14
1670091179.138967; 655487; 14
1670091179.163970; 655512; 14
1670091179.188970; 655537; 14
1670091179.213975; 655562; 14
1670091179.238971; 655587; 14
1670091179.263970; 655612; 14
1670091179.288965; 655637; 14
1670091179.313970; 655662; 14
1670091179.338966; 655687; 14
1670091179.363965; 655712; 14
1670091179.388965; 655737; 14
1670091179.413970; 655762; 14
1670091179.438972; 655787; 14
1670091179.463970; 655812; 14
1670091179.488970; 655837; 14
1670091179.513979; 655862; 14
1670091179.538972; 655887; 14
1670091179.563970; 655912; 14
1670091179.588970; 655937; 14
1670091179.613968; 655962; 14
1670091179.638992; 655987; 14
1670091179.663965; 656012; 14
1670091179.688971; 656037; 14
1670091179.713965; 656062; 14
1670091179.738970; 656087; 14
1670091179.763967; 656112; 14
1670091179.788965; 656137; 14
1670091179.813965; 656162; 14
1670091179.838979; 656187; 14
1670091179.863967; 656212; 14
1670091179.888965; 656237; 14
1670091179.913965; 656262; 14
1670091179.938974; 656287; 14
1670091179.963966; 656312; 14
1670091179.988965; 656337; 14
1670091180.013965; 656362; 14
1670091180.038976; 656387; 14
1670091180.063967; 656412; 14
1670091180.088966; 656437; 14
1670091180.113972; 656462; 14
1670091180.138970; 656487; 14
1670091180.163966; 656512; 14
1670091180.188965; 656537; 14
1670091180.213970; 656562; 14
1670091180.238975; 656587; 14
1670091180.263972; 656612; 14
1670091180.288970; 656637; 14
1670091180.313970; 656662; 14
1670091180.338979; 656687; 14
1670091180.363972; 656712; 14
1670091180.388970; 656737; 14
1670091180.413970; 656762; 14
1670091180.438968; 656787; 14
1670091180.463967; 656812; 14
1670091180.488970; 656837; 14
1670091180.513970; 656862; 14
1670091180.538970; 656887; 14
1670091180.563970; 656912; 14
1670091180.588966; 656937; 14
1670091180.613965; 656962; 14
1670091180.638965; 656987; 14
1670091180.663973; 657012; 14
1670091180.688972; 657037; 14
1670091180.713965; 657062; 14
1670091180.738965; 657087; 14
1670091180.763973; 657112; 14
1670091180.788966; 657137; 14
1670091180.813965; 657162; 14
1670091180.838965; 657187; 14
1670091180.863977; 657212; 14
1670091180.888966; 657237; 14
1670091180.913966; 657262; 14
1670091180.938965; 657287; 14
1670091180.963970; 657312; 14
1670091180.988966; 657337; 14
1670091181.013965; 657362; 14
1670091181.038972; 657387; 14
1670091181.063976; 657412; 14
1670091181.088973; 657437; 14
1670091181.113972; 657462; 14
1670091181.138965; 657487; 14
1670091181.163979; 657512; 14
1670091181.188972; 657537; 14
1670091181.213970; 657562; 14
1670091181.238970; 657587; 14
1670091181.263970; 657612; 14
1670091181.288970; 657637; 14
1670091181.313966; 657662; 14
1670091181.338970; 657687; 14
1670091181.363970; 657712; 14
1670091181.388975; 657737; 14
1670091181.413972; 657762; 14
1670091181.438970; 657787; 14
1670091181.463970; 657812; 14
1670091181.488975; 657837; 14
1670091181.513972; 657862; 14
1670091181.538971; 657887; 14
1670091181.563970; 657912; 14
1670091181.588973; 657937; 14
1670091181.613966; 657962; 14
1670091181.638965; 657987; 14
1670091181.663965; 658012; 14
1670091181.688975; 658037; 14
1670091181.713966; 658062; 14
1670091181.738965; 658087; 14
1670091181.763965; 658112; 14
1670091181.788970; 658137; 14
1670091181.813966; 658162; 14
1670091181.838965; 658187; 14
1670091181.863965; 658212; 14
1670091181.888969; 658237; 14
1670091181.913972; 658262; 14
1670091181.938970; 658287; 14
1670091181.963971; 658312; 14
1670091181.988974; 658337; 14
1670091182.013966; 658362; 14
1670091182.038972; 658387; 14
1670091182.063972; 658412; 14
1670091182.088972; 658437; 14
1670091182.113976; 658462; 14
1670091182.138966; 658487; 14
1670091182.163965; 658512; 14
1670091182.188965; 658537; 14
1670091182.213975; 658562; 14
1670091182.238972; 658587; 14
1670091182.263971; 658612; 14
1670091182.288970; 658637; 14
1670091182.313975; 658662; 14
1670091182.338972; 658687; 14
1670091182.363970; 658712; 14
1670091182.388970; 658737; 14
1670091182.413974; 658762; 14
1670091182.438966; 658787; 14
1670091182.463965; 658812; 14
1670091182.488965; 658837; 14
1670091182.513975; 658862; 14
1670091182.538971; 658887; 14
1670091182.563970; 658912; 14
1670091182.588970; 658937; 14
1670091182.613975; 658962; 14
1670091182.638972; 658987; 14
1670091182.663970; 659012; 14
1670091182.688970; 659037; 14
1670091182.713975; 659062; 14
1670091182.738972; 659087; 14
1670091182.763970; 659112; 14
1670091182.788971; 659137; 14
1670091182.813978; 659162; 14
1670091182.838967; 659187; 14
1670091182.863970; 659212; 14
1670091182.888970; 659237; 14
1670091182.913965; 659262; 14
1670091182.938970; 659287; 14
1670091182.963972; 659312; 14
1670091182.988971; 659337; 14
1670091183.013970; 659362; 14
1670091183.038971; 659387; 14
1670091183.063967; 659412; 14
1670091183.088966; 659437; 14
1670091183.113972; 659462; 14
1670091183.138970; 659487; 14
1670091183.163966; 659512; 14
1670091183.188965; 659537; 14
1670091183.213970; 659562; 14
1670091183.238979; 659587; 14
1670091183.263972; 659612; 14
1670091183.288970; 659637; 14
1670091183.313970; 659662; 14
1670091183.338970; 659687; 14
1670091183.363967; 659712; 14
1670091183.388965; 659737; 14
1670091183.413965; 659762; 14
1670091183.438970; 659787; 14
1670091183.463966; 659812; 14
1670091183.488965; 659837; 14
1670091183.513965; 659862; 14
1670091183.538975; 659887; 14
1670091183.563972; 659912; 14
1670091183.588970; 659937; 14
1670091183.613970; 659962; 14
1670091183.638978; 659987; 14
1670091183.663968; 660012; 14
1670091183.688970; 660037; 14
1670091183.713970; 660062; 14
1670091183.738965; 660087; 14
1670091183.763970; 660112; 14
1670091183.788972; 660137; 14
1670091183.813970; 660162; 14
1670091183.838970; 660187; 14
1670091183.863975; 660212; 14
1670091183.888972; 660237; 14
1670091183.913970; 660262; 14
1670091183.938970; 660287; 14
1670091183.963975; 660312; 14
1670091183.988972; 660337; 14
1670091184.013971; 660362; 14
1670091184.038966; 660387; 14
1670091184.063974; 660412; 14
1670091184.088968; 660437; 14
1670091184.113966; 660462; 14
1670091184.138983; 660487; 14
1670091184.163975; 660512; 14
1670091184.188972; 660537; 14
1670091184.213965; 660562; 14
1670091184.238965; 660587; 14
1670091184.263970; 660612; 14
1670091184.288967; 660637; 14
1670091184.313965; 660662; 14
1670091184.338965; 660687; 14
1670091184.363975; 660712; 14
1670091184.388972; 660737; 14
1670091184.413970; 660762; 14
1670091184.438970; 660787; 14
1670091184.463971; 660812; 14
1670091184.488973; 660837; 14
1670091184.513966; 660862; 14
1670091184.538965; 660887; 14
1670091184.563970; 660912; 14
1670091184.588975; 660937; 14
1670091184.613966; 660962; 14
1670091184.638965; 660987; 14
1670091184.663965; 661012; 14
1670091184.688970; 661037; 14
1670091184.713972; 661062; 14
1670091184.738970; 661087; 14
1670091184.763970; 661112; 14
1670091184.788975; 661137; 14
1670091184.813972; 661162; 14
1670091184.838970; 661187; 14
1670091184.863970; 661212; 14
1670091184.888979; 661237; 14
1670091184.913972; 661262; 14
1670091184.938971; 661287; 14
1670091184.963990; 661312; 14
1670091184.988975; 661337; 14
1670091185.013972; 661362; 14
1670091185.038966; 661387; 14
1670091185.063972; 661412; 14
1670091185.088976; 661437; 14
1670091185.113973; 661462; 14
1670091185.138965; 661487; 14
1670091185.163980; 661512; 14
1670091185.188975; 661537; 14
1670091185.213972; 661562; 14
1670091185.238970; 661587; 14
1670091185.263970; 661612; 14
1670091185.288970; 661637; 14
1670091185.313979; 661662; 14
1670091185.338972; 661687; 14
1670091185.363971; 661712; 14
1670091185.388965; 661737; 14
1670091185.413970; 661762; 14
1670091185.438972; 661787; 14
1670091185.463970; 661812; 14
1670091185.488970; 661837; 14
1670091185.513975; 661862; 14
1670091185.538972; 661887; 14
1670091185.563970; 661912; 14
1670091185.588965; 661937; 14
1670091185.613970; 661962; 14
1670091185.638966; 661987; 14
1670091185.663965; 662012; 14
1670091185.688965; 662037; 14
1670091185.713973; 662062; 14
1670091185.738966; 662087; 14
1670091185.763965; 662112; 14
1670091185.788965; 662137; 14
1670091185.813970; 662162; 14
1670091185.838966; 662187; 14
1670091185.863965; 662212; 14
1670091185.888965; 662237; 14
1670091185.913970; 662262; 14
1670091185.938966; 662287; 14
1670091185.963965; 662312; 14
1670091185.988971; 662337; 14
1670091186.013974; 662362; 14
1670091186.038969; 662387; 14
1670091186.063966; 662412; 14
1670091186.088972; 662437; 14
1670091186.113972; 662462; 14
1670091186.138979; 662487; 14
1670091186.163971; 662512; 14
1670091186.188972; 662537; 14
1670091186.213965; 662562; 14
1670091186.238975; 662587; 14
1670091186.263972; 662612; 14
1670091186.288970; 662637; 14
1670091186.313970; 662662; 14
1670091186.338975; 662687; 14
1670091186.363972; 662712; 14
1670091186.388970; 662737; 14
1670091186.413965; 662762; 14
1670091186.438970; 662787; 14
1670091186.463966; 662812; 14
1670091186.488965; 662837; 14
1670091186.513965; 662862; 14
1670091186.538979; 662887; 14
1670091186.563972; 662912; 14
1670091186.588970; 662937; 14
1670091186.613970; 662962; 14
1670091186.638975; 662987; 14
1670091186.663966; 663012; 14
1670091186.688965; 663037; 14
1670091186.713970; 663062; 14
1670091186.738975; 663087; 14
1670091186.763972; 663112; 14
1670091186.788970; 663137; 14
1670091186.813965; 663162; 14
1670091186.838968; 663187; 14
1670091186.863968; 663212; 14
1670091186.888970; 663237; 14
1670091186.913970; 663262; 14
1670091186.938970; 663287; 14
1670091186.963979; 663312; 14
1670091186.988972; 663337; 14
1670091187.013971; 663362; 14
1670091187.038966; 663387; 14
1670091187.063971; 663412; 14
1670091187.088967; 663437; 14
1670091187.113966; 663462; 14
1670091187.138965; 663487; 14
1670091187.163970; 663512; 14
1670091187.188966; 663537; 14
1670091187.213969; 663562; 14
1670091187.238965; 663587; 14
1670091187.263970; 663612; 14
1670091187.288966; 663637; 14
1670091187.313965; 663662; 14
1670091187.338965; 663687; 14
1670091187.363973; 663712; 14
1670091187.388967; 663737; 14
1670091187.413965; 663762; 14
1670091187.438965; 663787; 14
1670091187.463970; 663812; 14
1670091187.488966; 663837; 14
1670091187.513965; 663862; 14
1670091187.538965; 663887; 14
1670091187.563970; 663912; 14
1670091187.588966; 663937; 14
1670091187.613965; 663962; 14
1670091187.638965; 663987; 14
1670091187.663965; 664012; 14
1670091187.688970; 664037; 14
1670091187.713972; 664062; 14
1670091187.738970; 664087; 14
1670091187.763971; 664112; 14
1670091187.788979; 664137; 14
1670091187.813972; 664162; 14
1670091187.838965; 664187; 14
1670091187.863965; 664212; 14
1670091187.888970; 664237; 14
1670091187.913966; 664262; 14
1670091187.938965; 664287; 14
1670091187.963965; 664312; 14
1670091187.988970; 664337; 14
1670091188.013966; 664362; 14
1670091188.038972; 664387; 14
1670091188.063966; 664412; 14
1670091188.088971; 664437; 14
1670091188.113967; 664462; 14
1670091188.138970; 664487; 14
1670091188.163970; 664512; 14
1670091188.188974; 664537; 14
1670091188.213971; 664562; 14
1670091188.238970; 664587; 14
1670091188.263965; 664612; 14
1670091188.288975; 664637; 14
1670091188.313972; 664662; 14
1670091188.338971; 664687; 14
1670091188.363970; 664712; 14
1670091188.388975; 664737; 14
1670091188.413972; 664762; 14
1670091188.438970; 664787; 14
1670091188.463965; 664812; 14
1670091188.488965; 664837; 14
1670091188.513970; 664862; 14
1670091188.538966; 664887; 14
1670091188.563965; 664912; 14
1670091188.588965; 664937; 14
1670091188.613979; 664962; 14
1670091188.638966; 664987; 14
1670091188.663970; 665012; 14
1670091188.688970; 665037; 14
1670091188.713970; 665062; 14
1670091188.738966; 665087; 14
1670091188.763965; 665112; 14
1670091188.788965; 665137; 14
1670091188.813970; 665162; 14
1670091188.838966; 665187; 14
1670091188.863965; 665212; 14
1670091188.888965; 665237; 14
1670091188.913970; 665262; 14
1670091188.938966; 665287; 14
1670091188.963965; 665312; 14
1670091188.988965; 665337; 14
1670091189.013973; 665362; 14
1670091189.038973; 665387; 14
1670091189.063966; 665412; 14
1670091189.088966; 665437; 14
1670091189.113976; 665462; 14
1670091189.138966; 665487; 14
1670091189.163965; 665512; 14
1670091189.188965; 665537; 14
1670091189.213968; 665562; 14
1670091189.238967; 665587; 14
1670091189.263965; 665612; 14
1670091189.288965; 665637; 14
1670091189.313965; 665662; 14
1670091189.338970; 665687; 14
1670091189.363966; 665712; 14
1670091189.388965; 665737; 14
1670091189.413965; 665762; 14
1670091189.438974; 665787; 14
1670091189.463976; 665812; 14
1670091189.488970; 665837; 14
1670091189.513970; 665862; 14
1670091189.538970; 665887; 14
1670091189.563967; 665912; 14
1670091189.588965; 665937; 14
1670091189.613965; 665962; 14
1670091189.638970; 665987; 14
1670091189.663966; 666012; 14
1670091189.688965; 666037; 14
1670091189.713970; 666062; 14
1670091189.738975; 666087; 14
1670091189.763972; 666112; 14
1670091189.788970; 666137; 14
1670091189.813970; 666162; 14
1670091189.838979; 666187; 14
1670091189.863972; 666212; 14
1670091189.888970; 666237; 14
1670091189.913970; 666262; 14
1670091189.938970; 666287; 14
1670091189.963966; 666312; 14
1670091189.988965; 666337; 14
1670091190.013965; 666362; 14
1670091190.038970; 666387; 14
1670091190.063968; 666412; 14
1670091190.088971; 666437; 14
1670091190.113972; 666462; 14
1670091190.138965; 666487; 14
1670091190.163970; 666512; 14
1670091190.188966; 666537; 14
1670091190.213970; 666562; 14
1670091190.238970; 666587; 14
1670091190.263979; 666612; 14
1670091190.288995; 666637; 14
1670091190.313965; 666662; 14
1670091190.338970; 666687; 14
1670091190.363975; 666712; 14
1670091190.388972; 666737; 14
1670091190.413970; 666762; 14
1670091190.438970; 666787; 14
1670091190.463975; 666812; 14
1670091190.488996; 666837; 14
1670091190.513965; 666862; 14
1670091190.538965; 666887; 14
1670091190.563970; 666912; 14
1670091190.588966; 666937; 14
1670091190.613965; 666962; 14
1670091190.638965; 666987; 14
1670091190.663973; 667012; 14
1670091190.688966; 667037; 14
1670091190.713970; 667062; 14
1670091190.738970; 667087; 14
1670091190.763970; 667112; 14
1670091190.788966; 667137; 14
1670091190.813965; 667162; 14
1670091190.838965; 667187; 14
1670091190.863965; 667212; 14
1670091190.888970; 667237; 14
1670091190.913972; 667262; 14
1670091190.938970; 667287; 14
1670091190.963970; 667312; 14
1670091190.988975; 667337; 14
1670091191.013972; 667362; 14
1670091191.038966; 667387; 14
1670091191.063972; 667412; 14
1670091191.088980; 667437; 14
1670091191.113967; 667462; 14
1670091191.138970; 667487; 14
1670091191.163970; 667512; 14
1670091191.188975; 667537; 14
1670091191.213972; 667562; 14
1670091191.238970; 667587; 14
1670091191.263971; 667612; 14
1670091191.288975; 667637; 14
1670091191.313967; 667662; 14
1670091191.338965; 667687; 14
1670091191.363965; 667712; 14
1670091191.388970; 667737; 14
1670091191.413966; 667762; 14
1670091191.438965; 667787; 14
1670091191.463965; 667812; 14
1670091191.488973; 667837; 14
1670091191.513965; 667862; 14
1670091191.538970; 667887; 14
1670091191.563985; 667912; 14
1670091191.588970; 667937; 14
1670091191.613966; 667962; 14
1670091191.638965; 667987; 14
1670091191.663965; 668012; 14
1670091191.688965; 668037; 14
1670091191.713975; 668062; 14
1670091191.738972; 668087; 14
1670091191.763970; 668112; 14
1670091191.788970; 668137; 14
1670091191.813975; 668162; 14
1670091191.838972; 668187; 14
1670091191.863970; 668212; 14
1670091191.888970; 668237; 14
1670091191.913979; 668262; 14
1670091191.938966; 668287; 14
1670091191.963965; 668312; 14
1670091191.988971; 668337; 14
1670091192.013975; 668362; 14
1670091192.038968; 668387; 14
1670091192.063966; 668412; 14
1670091192.088966; 668437; 14
1670091192.113976; 668462; 14
1670091192.138972; 668487; 14
1670091192.163970; 668512; 14
1670091192.188970; 668537; 14
1670091192.213970; 668562; 14
1670091192.238966; 668587; 14
1670091192.263965; 668612; 14
1670091192.288965; 668637; 14
1670091192.313974; 668662; 14
1670091192.338966; 668687; 14
1670091192.363965; 668712; 14
1670091192.388970; 668737; 14
1670091192.413968; 668762; 14
1670091192.438967; 668787; 14
1670091192.463970; 668812; 14
1670091192.488970; 668837; 14
1670091192.513970; 668862; 14
1670091192.538975; 668887; 14
1670091192.563966; 668912; 14
1670091192.588965; 668937; 14
1670091192.613965; 668962; 14
1670091192.638970; 668987; 14
1670091192.663966; 669012; 14
1670091192.688965; 669037; 14
1670091192.713970; 669062; 14
1670091192.738973; 669087; 14
1670091192.763966; 669112; 14
1670091192.788965; 669137; 14
1670091192.813965; 669162; 14
1670091192.838970; 669187; 14
1670091192.863966; 669212; 14
1670091192.888965; 669237; 14
1670091192.913965; 669262; 14
1670091192.938970; 669287; 14
1670091192.963966; 669312; 14
1670091192.988965; 669337; 14
1670091193.013965; 669362; 14
1670091193.038976; 669387; 14
1670091193.063967; 669412; 14
1670091193.088966; 669437; 14
1670091193.113972; 669462; 14
1670091193.138979; 669487; 14
1670091193.163966; 669512; 14
1670091193.188965; 669537; 14
1670091193.213970; 669562; 14
1670091193.238968; 669587; 14
1670091193.263967; 669612; 14
1670091193.288970; 669637; 14
1670091193.313970; 669662; 14
1670091193.338970; 669687; 14
1670091193.363975; 669712; 14
1670091193.388971; 669737; 14
1670091193.413971; 669762; 14
1670091193.438970; 669787; 14
1670091193.463975; 669812; 14
1670091193.488972; 669837; 14
1670091193.513970; 669862; 14
1670091193.538970; 669887; 14
1670091193.563978; 669912; 14
1670091193.588972; 669937; 14
1670091193.613970; 669962; 14
1670091193.638970; 669987; 14
1670091193.663975; 670012; 14
1670091193.688972; 670037; 14
1670091193.713965; 670062; 14
1670091193.738965; 670087; 14
1670091193.763970; 670112; 14
1670091193.788966; 670137; 14
1670091193.813965; 670162; 14
1670091193.838965; 670187; 14
1670091193.863970; 670212; 14
1670091193.888966; 670237; 14
1670091193.913965; 670262; 14
1670091193.938965; 670287; 14
1670091193.963973; 670312; 14
1670091193.988966; 670337; 14
1670091194.013965; 670362; 14
1670091194.038967; 670387; 14
1670091194.063966; 670412; 14
1670091194.088976; 670437; 14
1670091194.113968; 670462; 14
1670091194.138970; 670487; 14
1670091194.163970; 670512; 14
1670091194.188975; 670537; 14
1670091194.213966; 670562; 14
1670091194.238965; 670587; 14
1670091194.263965; 670612; 14
1670091194.288970; 670637; 14
1670091194.313966; 670662; 14
1670091194.338965; 670687; 14
1670091194.363965; 670712; 14
1670091194.388979; 670737; 14
1670091194.413972; 670762; 14
1670091194.438965; 670787; 14
1670091194.463965; 670812; 14
1670091194.488970; 670837; 14
1670091194.513966; 670862; 14
1670091194.538965; 670887; 14
1670091194.563965; 670912; 14
1670091194.588975; 670937; 14
1670091194.613972; 670962; 14
1670091194.638970; 670987; 14
1670091194.663970; 671012; 14
1670091194.688975; 671037; 14
1670091194.713972; 671062; 14
1670091194.738970; 671087; 14
1670091194.763970; 671112; 14
1670091194.788985; 671137; 14
1670091194.813972; 671162; 14
1670091194.838970; 671187; 14
1670091194.863970; 671212; 14
1670091194.888970; 671237; 14
1670091194.913975; 671262; 14
1670091194.938972; 671287; 14
1670091194.963970; 671312; 14
1670091194.988970; 671337; 14
1670091195.013975; 671362; 14
1670091195.038967; 671387; 14
1670091195.063966; 671412; 14
1670091195.088972; 671437; 14
1670091195.113976; 671462; 14
1670091195.138966; 671487; 14
1670091195.163965; 671512; 14
1670091195.188965; 671537; 14
1670091195.213979; 671562; 14
1670091195.238972; 671587; 14
1670091195.263965; 671612; 14
1670091195.288965; 671637; 14
1670091195.313970; 671662; 14
1670091195.338966; 671687; 14
1670091195.363965; 671712; 14
1670091195.388965; 671737; 14
1670091195.413970; 671762; 14
1670091195.438966; 671787; 14
1670091195.463965; 671812; 14
1670091195.488965; 671837; 14
