1670090263.099474; 671772; 17
1670090263.123717; 671797; 17
1670090263.148669; 671822; 17
1670090263.173670; 671847; 17
1670090263.198670; 671872; 17
1670090263.223684; 671897; 16
1670090263.248676; 671922; 16
1670090263.273675; 671947; 16
1670090263.298675; 671972; 16
1670090263.323680; 671997; 16
1670090263.348676; 672022; 16
1670090263.373669; 672047; 16
1670090263.398670; 672072; 16
1670090263.423674; 672097; 16
1670090263.448671; 672122; 17
1670090263.473670; 672147; 17
1670090263.498670; 672172; 17
1670090263.523674; 672197; 17
1670090263.548671; 672222; 17
1670090263.573670; 672247; 17
1670090263.598669; 672272; 17
1670090263.753952; 672427; 17
1670090263.778671; 672452; 17
1670090263.803670; 672477; 17
1670090263.828670; 672502; 17
1670090263.853674; 672527; 17
1670090263.878676; 672552; 17
1670090263.903675; 672577; 17
1670090263.928675; 672602; 17
1670090263.953680; 672627; 17
1670090263.978671; 672652; 17
1670090264.003670; 672677; 17
1670090264.028676; 672702; 17
1670090264.053676; 672727; 17
1670090264.078681; 672752; 17
1670090264.103672; 672777; 17
1670090264.128675; 672802; 17
1670090264.153675; 672827; 17
1670090264.178678; 672852; 17
1670090264.203671; 672877; 17
1670090264.228669; 672902; 17
1670090264.253670; 672927; 17
1670090264.278674; 672952; 17
1670090264.303671; 672977; 17
1670090264.328669; 673002; 17
1670090264.353670; 673027; 17
1670090264.378679; 673052; 17
1670090264.403676; 673077; 17
1670090264.428675; 673102; 17
1670090264.453675; 673127; 17
1670090264.478680; 673152; 17
1670090264.503676; 673177; 17
1670090264.528675; 673202; 17
1670090264.553675; 673227; 17
1670090264.578678; 673252; 17
1670090264.603671; 673277; 17
1670090264.628669; 673302; 17
1670090264.653670; 673327; 17
1670090264.678674; 673352; 17
1670090264.703671; 673377; 17
1670090264.728669; 673402; 17
1670090264.753670; 673427; 17
1670090264.778674; 673452; 17
1670090264.803676; 673477; 17
1670090264.828675; 673502; 17
1670090264.853675; 673527; 17
1670090264.878670; 673552; 17
1670090264.903674; 673577; 17
1670090264.928671; 673602; 17
1670090264.953670; 673627; 17
1670090264.978670; 673652; 17
1670090265.003683; 673677; 17
1670090265.028672; 673702; 17
1670090265.053671; 673727; 17
1670090265.078676; 673752; 17
1670090265.103675; 673777; 17
1670090265.128676; 673802; 17
1670090265.153675; 673827; 17
1670090265.178675; 673852; 17
1670090265.203680; 673877; 17
1670090265.228676; 673902; 17
1670090265.253675; 673927; 17
1670090265.278675; 673952; 17
1670090265.303680; 673977; 17
1670090265.328676; 674002; 17
1670090265.353675; 674027; 17
1670090265.378669; 674052; 17
1670090265.403678; 674077; 17
1670090265.428671; 674102; 17
1670090265.453669; 674127; 17
1670090265.478669; 674152; 17
1670090265.503674; 674177; 17
1670090265.528676; 674202; 17
1670090265.553675; 674227; 17
1670090265.578675; 674252; 17
1670090265.603678; 674277; 17
1670090265.628677; 674302; 17
1670090265.653669; 674327; 17
1670090265.678669; 674352; 17
1670090265.703669; 674377; 17
1670090265.728674; 674402; 17
1670090265.753678; 674427; 17
1670090265.778669; 674452; 17
1670090265.803670; 674477; 17
1670090265.828678; 674502; 17
1670090265.853671; 674527; 17
1670090265.878675; 674552; 17
1670090265.903675; 674577; 17
1670090265.928680; 674602; 17
1670090265.953676; 674627; 17
1670090265.978675; 674652; 17
1670090266.003675; 674677; 17
1670090266.028681; 674702; 17
1670090266.053672; 674727; 17
1670090266.078671; 674752; 17
1670090266.103671; 674777; 17
1670090266.128680; 674802; 17
1670090266.153676; 674827; 17
1670090266.178675; 674852; 17
1670090266.203675; 674877; 17
1670090266.228683; 674902; 17
1670090266.253676; 674927; 17
1670090266.278675; 674952; 17
1670090266.303675; 674977; 17
1670090266.328680; 675002; 17
1670090266.353676; 675027; 17
1670090266.378670; 675052; 17
1670090266.403670; 675077; 17
1670090266.428678; 675102; 17
1670090266.453677; 675127; 17
1670090266.478669; 675152; 17
1670090266.503669; 675177; 17
1670090266.528675; 675202; 17
1670090266.553674; 675227; 17
1670090266.578671; 675252; 17
1670090266.603669; 675277; 18
1670090266.628670; 675302; 18
1670090266.653683; 675327; 18
1670090266.678676; 675352; 18
1670090266.703675; 675377; 18
1670090266.728675; 675402; 18
1670090266.753680; 675427; 18
1670090266.778679; 675452; 18
1670090266.803670; 675477; 17
1670090266.828669; 675502; 17
1670090266.853674; 675527; 17
1670090266.878676; 675552; 17
1670090266.903670; 675577; 17
1670090266.928675; 675602; 17
1670090266.953680; 675627; 17
1670090266.978676; 675652; 17
1670090267.003673; 675677; 17
1670090267.028671; 675702; 17
1670090267.053679; 675727; 17
1670090267.078672; 675752; 17
1670090267.103671; 675777; 17
1670090267.128669; 675802; 17
1670090267.153674; 675827; 17
1670090267.178671; 675852; 17
1670090267.203670; 675877; 17
1670090267.228669; 675902; 18
1670090267.253670; 675927; 18
1670090267.278674; 675952; 18
1670090267.303676; 675977; 18
1670090267.328675; 676002; 17
1670090267.353675; 676027; 17
1670090267.378680; 676052; 17
1670090267.403676; 676077; 17
1670090267.428675; 676102; 17
1670090267.453675; 676127; 17
1670090267.478678; 676152; 17
1670090267.503671; 676177; 17
1670090267.528669; 676202; 17
1670090267.553669; 676227; 17
1670090267.578674; 676252; 17
1670090267.603671; 676277; 17
1670090267.628669; 676302; 17
1670090267.653669; 676327; 17
1670090267.678674; 676352; 17
1670090267.703671; 676377; 17
1670090267.728670; 676402; 17
1670090267.753670; 676427; 17
1670090267.778674; 676452; 17
1670090267.803671; 676477; 17
1670090267.828669; 676502; 17
1670090267.853670; 676527; 17
1670090267.878683; 676552; 17
1670090267.903676; 676577; 17
1670090267.928675; 676602; 17
1670090267.953669; 676627; 17
1670090267.978674; 676652; 17
1670090268.003671; 676677; 17
1670090268.028676; 676702; 17
1670090268.053676; 676727; 17
1670090268.078671; 676752; 17
1670090268.103675; 676777; 17
1670090268.128671; 676802; 18
1670090268.153669; 676827; 18
1670090268.178670; 676852; 18
1670090268.203674; 676877; 18
1670090268.228676; 676902; 17
1670090268.253675; 676927; 17
1670090268.278669; 676952; 17
1670090268.303683; 676977; 17
1670090268.328676; 677002; 17
1670090268.353675; 677027; 17
1670090268.378670; 677052; 17
1670090268.403674; 677077; 17
1670090268.428671; 677102; 17
1670090268.453669; 677127; 17
1670090268.478675; 677152; 17
1670090268.503680; 677177; 17
1670090268.528676; 677202; 17
1670090268.553675; 677227; 17
1670090268.578675; 677252; 17
1670090268.603674; 677277; 17
1670090268.628671; 677302; 17
1670090268.653669; 677327; 17
1670090268.678675; 677352; 17
1670090268.703678; 677377; 17
1670090268.728671; 677402; 17
1670090268.753669; 677427; 17
1670090268.778689; 677452; 17
1670090268.803678; 677477; 17
1670090268.828677; 677502; 17
1670090268.853669; 677527; 17
1670090268.878675; 677552; 17
1670090268.903675; 677577; 17
1670090268.928674; 677602; 17
1670090268.953671; 677627; 18
1670090268.978681; 677652; 18
1670090269.003675; 677677; 18
1670090269.028675; 677702; 18
1670090269.053672; 677727; 18
1670090269.078671; 677752; 18
1670090269.103676; 677777; 18
1670090269.128683; 677802; 18
1670090269.153676; 677827; 17
1670090269.178675; 677852; 17
1670090269.203675; 677877; 17
1670090269.228679; 677902; 17
1670090269.253676; 677927; 17
1670090269.278675; 677952; 17
1670090269.303670; 677977; 17
1670090269.328674; 678002; 17
1670090269.353671; 678027; 18
1670090269.378675; 678052; 18
1670090269.403675; 678077; 18
1670090269.428680; 678102; 18
1670090269.453676; 678127; 18
1670090269.478675; 678152; 18
1670090269.503669; 678177; 18
1670090269.528683; 678202; 18
1670090269.553676; 678227; 18
1670090269.578675; 678252; 18
1670090269.603675; 678277; 18
1670090269.628673; 678302; 18
1670090269.653672; 678327; 18
1670090269.678675; 678352; 18
1670090269.703675; 678377; 18
1670090269.728675; 678402; 18
1670090269.753674; 678427; 18
1670090269.778671; 678452; 18
1670090269.803670; 678477; 18
1670090269.828669; 678502; 18
1670090269.853674; 678527; 18
1670090269.878676; 678552; 18
1670090269.903675; 678577; 18
1670090269.928675; 678602; 18
1670090269.953678; 678627; 18
1670090269.978671; 678652; 18
1670090270.003675; 678677; 18
1670090270.028676; 678702; 18
1670090270.053675; 678727; 18
1670090270.078672; 678752; 17
1670090270.103671; 678777; 17
1670090270.128675; 678802; 17
1670090270.153680; 678827; 17
1670090270.178676; 678852; 18
1670090270.203675; 678877; 18
1670090270.228675; 678902; 18
1670090270.253680; 678927; 18
1670090270.278671; 678952; 18
1670090270.303669; 678977; 18
1670090270.328669; 679002; 18
1670090270.353678; 679027; 18
1670090270.378676; 679052; 18
1670090270.403675; 679077; 18
1670090270.428675; 679102; 18
1670090270.453675; 679127; 18
1670090270.478680; 679152; 18
1670090270.503676; 679177; 18
1670090270.528670; 679202; 18
1670090270.553670; 679227; 18
1670090270.578674; 679252; 18
1670090270.603671; 679277; 18
1670090270.628669; 679302; 18
1670090270.653669; 679327; 18
1670090270.678674; 679352; 18
1670090270.703671; 679377; 18
1670090270.728675; 679402; 18
1670090270.753675; 679427; 18
1670090270.778683; 679452; 18
1670090270.803676; 679477; 18
1670090270.828675; 679502; 18
1670090270.853675; 679527; 18
1670090270.878680; 679552; 18
1670090270.903676; 679577; 18
1670090270.928669; 679602; 18
1670090270.953669; 679627; 18
1670090270.978674; 679652; 18
1670090271.003671; 679677; 18
1670090271.028676; 679702; 18
1670090271.053676; 679727; 18
1670090271.078681; 679752; 18
1670090271.103672; 679777; 18
1670090271.128682; 679802; 18
1670090271.153675; 679827; 18
1670090271.178683; 679852; 18
1670090271.203671; 679877; 19
1670090271.228670; 679902; 19
1670090271.253670; 679927; 19
1670090271.278670; 679952; 19
1670090271.303674; 679977; 19
1670090271.328671; 680002; 19
1670090271.353675; 680027; 19
1670090271.378669; 680052; 19
1670090271.403674; 680077; 18
1670090271.428671; 680102; 18
1670090271.453669; 680127; 18
1670090271.478669; 680152; 18
1670090271.503674; 680177; 18
1670090271.528671; 680202; 18
1670090271.553675; 680227; 18
1670090271.578675; 680252; 18
1670090271.603683; 680277; 19
1670090271.628676; 680302; 19
1670090271.653675; 680327; 19
1670090271.678675; 680352; 19
1670090271.703674; 680377; 19
1670090271.728671; 680402; 19
1670090271.753669; 680427; 19
1670090271.778670; 680452; 19
1670090271.803674; 680477; 19
1670090271.828671; 680502; 19
1670090271.853669; 680527; 19
1670090271.878675; 680552; 19
1670090271.903680; 680577; 19
1670090271.928676; 680602; 19
1670090271.953675; 680627; 19
1670090271.978675; 680652; 19
1670090272.003677; 680677; 19
1670090272.028678; 680702; 19
1670090272.053676; 680727; 19
1670090272.078676; 680752; 19
1670090272.103676; 680777; 19
1670090272.128674; 680802; 19
1670090272.153671; 680827; 19
1670090272.178669; 680852; 19
1670090272.203669; 680877; 19
1670090272.228680; 680902; 19
1670090272.253676; 680927; 19
1670090272.278675; 680952; 19
1670090272.303675; 680977; 19
1670090272.328680; 681002; 19
1670090272.353676; 681027; 19
1670090272.378675; 681052; 19
1670090272.403675; 681077; 19
1670090272.428678; 681102; 19
1670090272.453671; 681127; 19
1670090272.478669; 681152; 19
1670090272.503669; 681177; 19
1670090272.528674; 681202; 19
1670090272.553671; 681227; 19
1670090272.578675; 681252; 19
1670090272.603675; 681277; 19
1670090272.628680; 681302; 20
1670090272.653676; 681327; 20
1670090272.678675; 681352; 20
1670090272.703675; 681377; 20
1670090272.728674; 681402; 20
1670090272.753671; 681427; 20
1670090272.778675; 681452; 20
1670090272.803675; 681477; 20
1670090272.828682; 681502; 20
1670090272.853672; 681527; 20
1670090272.878669; 681552; 20
1670090272.903669; 681577; 20
1670090272.928670; 681602; 20
1670090272.953674; 681627; 21
1670090272.978671; 681652; 21
1670090273.003669; 681677; 21
1670090273.028676; 681702; 21
1670090273.053681; 681727; 21
1670090273.078672; 681752; 21
1670090273.103671; 681777; 21
1670090273.128670; 681802; 21
1670090273.153674; 681827; 21
1670090273.178670; 681852; 21
1670090273.203669; 681877; 21
1670090273.228694; 681902; 21
1670090273.253683; 681927; 20
1670090273.278676; 681952; 20
1670090273.303675; 681977; 20
1670090273.328675; 682002; 20
1670090273.353680; 682027; 21
1670090273.378671; 682052; 21
1670090273.403670; 682077; 21
1670090273.428669; 682102; 21
1670090273.453674; 682127; 22
1670090273.478671; 682152; 22
1670090273.503670; 682177; 22
1670090273.528669; 682202; 22
1670090273.553674; 682227; 22
1670090273.578671; 682252; 22
1670090273.603669; 682277; 22
1670090273.628670; 682302; 22
1670090273.653669; 682327; 22
1670090273.678678; 682352; 22
1670090273.703671; 682377; 22
1670090273.728669; 682402; 22
1670090273.753669; 682427; 21
1670090273.778674; 682452; 21
1670090273.803676; 682477; 21
1670090273.828675; 682502; 21
1670090273.853675; 682527; 21
1670090273.878679; 682552; 21
1670090273.903676; 682577; 21
1670090273.928675; 682602; 21
1670090273.953675; 682627; 21
1670090273.978680; 682652; 21
1670090274.003697; 682677; 21
1670090274.028676; 682702; 21
1670090274.053686; 682727; 21
1670090274.078684; 682752; 21
1670090274.103677; 682777; 21
1670090274.128669; 682802; 21
1670090274.153669; 682827; 21
1670090274.178674; 682852; 21
1670090274.203671; 682877; 21
1670090274.228669; 682902; 21
1670090274.253669; 682927; 21
1670090274.278674; 682952; 22
1670090274.303690; 682977; 22
1670090274.328669; 683002; 22
1670090274.353669; 683027; 22
1670090274.378679; 683052; 23
1670090274.403676; 683077; 23
1670090274.428670; 683102; 23
1670090274.453670; 683127; 23
1670090274.478670; 683152; 23
1670090274.503683; 683177; 23
1670090274.528676; 683202; 23
1670090274.553675; 683227; 23
1670090274.578675; 683252; 23
1670090274.603680; 683277; 23
1670090274.628676; 683302; 23
1670090274.653675; 683327; 23
1670090274.678675; 683352; 23
1670090274.703680; 683377; 23
1670090274.728676; 683402; 23
1670090274.753675; 683427; 23
1670090274.778675; 683452; 24
1670090274.803674; 683477; 24
1670090274.828676; 683502; 24
1670090274.853675; 683527; 24
1670090274.878675; 683552; 24
1670090274.903683; 683577; 24
1670090274.928676; 683602; 24
1670090274.953675; 683627; 24
1670090274.978675; 683652; 24
1670090275.003679; 683677; 24
1670090275.028672; 683702; 24
1670090275.053671; 683727; 24
1670090275.078676; 683752; 25
1670090275.103681; 683777; 25
1670090275.128671; 683802; 25
1670090275.153669; 683827; 25
1670090275.178670; 683852; 25
1670090275.203673; 683877; 25
1670090275.228672; 683902; 25
1670090275.253675; 683927; 25
1670090275.278675; 683952; 25
1670090275.303675; 683977; 25
1670090275.328682; 684002; 25
1670090275.353676; 684027; 25
1670090275.378670; 684052; 25
1670090275.403669; 684077; 25
1670090275.428674; 684102; 25
1670090275.453671; 684127; 25
1670090275.478669; 684152; 25
1670090275.503670; 684177; 25
1670090275.528674; 684202; 25
1670090275.553671; 684227; 25
1670090275.578669; 684252; 25
1670090275.603669; 684277; 25
1670090275.628674; 684302; 25
1670090275.653676; 684327; 25
1670090275.678675; 684352; 25
1670090275.703675; 684377; 25
1670090275.728683; 684402; 25
1670090275.753676; 684427; 25
1670090275.778675; 684452; 25
1670090275.803675; 684477; 26
1670090275.828681; 684502; 26
1670090275.853676; 684527; 26
1670090275.878670; 684552; 26
1670090275.903669; 684577; 26
1670090275.928674; 684602; 26
1670090275.953671; 684627; 26
1670090275.978669; 684652; 26
1670090276.003669; 684677; 25
1670090276.028674; 684702; 25
1670090276.053673; 684727; 25
1670090276.078671; 684752; 25
1670090276.103676; 684777; 26
1670090276.128669; 684802; 26
1670090276.153683; 684827; 26
1670090276.178676; 684852; 26
1670090276.203675; 684877; 26
1670090276.228675; 684902; 26
1670090276.253679; 684927; 26
1670090276.278676; 684952; 26
1670090276.303675; 684977; 27
1670090276.328675; 685002; 27
1670090276.353680; 685027; 27
1670090276.378671; 685052; 27
1670090276.403670; 685077; 27
1670090276.428669; 685102; 27
1670090276.453674; 685127; 27
1670090276.478671; 685152; 27
1670090276.503669; 685177; 27
1670090276.528669; 685202; 27
1670090276.553678; 685227; 27
1670090276.578676; 685252; 27
1670090276.603675; 685277; 27
1670090276.628675; 685302; 27
1670090276.653679; 685327; 27
1670090276.678671; 685352; 27
1670090276.703669; 685377; 27
1670090276.728670; 685402; 27
1670090276.753674; 685427; 27
1670090276.778671; 685452; 27
1670090276.803669; 685477; 27
1670090276.828669; 685502; 28
1670090276.853670; 685527; 28
1670090276.878679; 685552; 28
1670090276.903676; 685577; 28
1670090276.928669; 685602; 29
1670090276.953670; 685627; 29
1670090276.978683; 685652; 29
1670090277.003676; 685677; 29
1670090277.028671; 685702; 30
1670090277.053676; 685727; 30
1670090277.078681; 685752; 30
1670090277.103672; 685777; 30
1670090277.128675; 685802; 31
1670090277.153675; 685827; 31
1670090277.178674; 685852; 31
1670090277.203671; 685877; 31
1670090277.228669; 685902; 31
1670090277.253669; 685927; 31
1670090277.278674; 685952; 31
1670090277.303671; 685977; 31
1670090277.328669; 686002; 32
1670090277.353669; 686027; 32
1670090277.378678; 686052; 32
1670090277.403671; 686077; 32
1670090277.428678; 686102; 34
1670090277.453670; 686127; 34
1670090277.478680; 686152; 34
1670090277.503676; 686177; 34
1670090277.528675; 686202; 35
1670090277.553675; 686227; 35
1670090277.578680; 686252; 35
1670090277.603676; 686277; 35
1670090277.628675; 686302; 35
1670090277.653675; 686327; 34
1670090277.678675; 686352; 34
1670090277.703680; 686377; 34
1670090277.728676; 686402; 34
1670090277.753675; 686427; 34
1670090277.778675; 686452; 34
1670090277.803678; 686477; 34
1670090277.828671; 686502; 34
1670090277.853669; 686527; 34
1670090277.878675; 686552; 34
1670090277.903674; 686577; 34
1670090277.928671; 686602; 34
1670090277.953675; 686627; 33
1670090277.978675; 686652; 33
1670090278.003674; 686677; 33
1670090278.028677; 686702; 33
1670090278.053676; 686727; 35
1670090278.078676; 686752; 35
1670090278.103681; 686777; 35
1670090278.128671; 686802; 35
1670090278.153669; 686827; 37
1670090278.178669; 686852; 37
1670090278.203678; 686877; 37
1670090278.228671; 686902; 37
1670090278.253669; 686927; 39
1670090278.278669; 686952; 39
1670090278.303680; 686977; 39
1670090278.328676; 687002; 39
1670090278.353675; 687027; 35
1670090278.378670; 687052; 35
1670090278.403673; 687077; 35
1670090278.428672; 687102; 35
1670090278.453669; 687127; 36
1670090278.478670; 687152; 36
1670090278.503670; 687177; 36
1670090278.528680; 687202; 36
1670090278.553676; 687227; 35
1670090278.578675; 687252; 35
1670090278.603675; 687277; 35
1670090278.628683; 687302; 35
1670090278.653676; 687327; 35
1670090278.678675; 687352; 35
1670090278.703675; 687377; 35
1670090278.728674; 687402; 35
1670090278.753671; 687427; 35
1670090278.778675; 687452; 39
1670090278.803675; 687477; 39
1670090278.828679; 687502; 39
1670090278.853676; 687527; 39
1670090278.878669; 687552; 35
1670090278.903670; 687577; 35
1670090278.928680; 687602; 35
1670090278.953676; 687627; 35
1670090278.978675; 687652; 30
1670090279.003675; 687677; 30
1670090279.028684; 687702; 30
1670090279.053677; 687727; 30
1670090279.078676; 687752; 29
1670090279.103676; 687777; 29
1670090279.128674; 687802; 29
1670090279.153671; 687827; 29
1670090279.178669; 687852; 29
1670090279.203669; 687877; 29
1670090279.228673; 687902; 29
1670090279.253672; 687927; 29
1670090279.278675; 687952; 30
1670090279.303675; 687977; 30
1670090279.328675; 688002; 30
1670090279.353674; 688027; 30
1670090279.378676; 688052; 30
1670090279.403675; 688077; 30
1670090279.428675; 688102; 30
1670090279.453678; 688127; 30
1670090279.478671; 688152; 30
1670090279.503669; 688177; 30
1670090279.528675; 688202; 30
1670090279.553680; 688227; 30
1670090279.578672; 688252; 31
1670090279.603675; 688277; 31
1670090279.628675; 688302; 31
1670090279.653674; 688327; 31
1670090279.678671; 688352; 31
1670090279.703669; 688377; 31
1670090279.728669; 688402; 31
1670090279.753674; 688427; 31
1670090279.778671; 688452; 30
1670090279.803669; 688477; 30
1670090279.828669; 688502; 30
1670090279.853678; 688527; 30
1670090279.878676; 688552; 30
1670090279.903675; 688577; 30
1670090279.928675; 688602; 30
1670090279.953674; 688627; 30
1670090279.978671; 688652; 30
1670090280.003670; 688677; 30
1670090280.028676; 688702; 30
1670090280.053676; 688727; 30
1670090280.078681; 688752; 30
1670090280.103672; 688777; 30
1670090280.128675; 688802; 30
1670090280.153675; 688827; 30
1670090280.178680; 688852; 30
1670090280.203676; 688877; 32
1670090280.228675; 688902; 32
1670090280.253675; 688927; 32
1670090280.278678; 688952; 32
1670090280.303671; 688977; 33
1670090280.328670; 689002; 33
1670090280.353675; 689027; 33
1670090280.378674; 689052; 33
1670090280.403671; 689077; 34
1670090280.428670; 689102; 34
1670090280.453669; 689127; 34
1670090280.478674; 689152; 34
1670090280.503671; 689177; 35
1670090280.528670; 689202; 35
1670090280.553675; 689227; 35
1670090280.578674; 689252; 35
1670090280.603671; 689277; 37
1670090280.628670; 689302; 37
1670090280.653670; 689327; 37
1670090280.678678; 689352; 37
1670090280.703671; 689377; 38
1670090280.728670; 689402; 38
1670090280.753669; 689427; 38
1670090280.778674; 689452; 38
1670090280.803671; 689477; 38
1670090280.828670; 689502; 38
1670090280.853670; 689527; 38
1670090280.878675; 689552; 38
1670090280.903679; 689577; 39
1670090280.928676; 689602; 39
1670090280.953675; 689627; 39
1670090280.978675; 689652; 39
1670090281.003680; 689677; 40
1670090281.028672; 689702; 40
1670090281.053671; 689727; 40
1670090281.078676; 689752; 40
1670090281.103684; 689777; 40
1670090281.128676; 689802; 41
1670090281.153675; 689827; 41
1670090281.178669; 689852; 41
1670090281.203674; 689877; 41
1670090281.228671; 689902; 41
1670090281.253669; 689927; 41
1670090281.278669; 689952; 41
1670090281.303674; 689977; 41
1670090281.328671; 690002; 42
1670090281.353669; 690027; 42
1670090281.378669; 690052; 42
1670090281.403674; 690077; 42
1670090281.428671; 690102; 44
1670090281.453670; 690127; 44
1670090281.478669; 690152; 44
1670090281.503683; 690177; 44
1670090281.528676; 690202; 44
1670090281.553675; 690227; 44
1670090281.578675; 690252; 44
1670090281.603673; 690277; 44
1670090281.628672; 690302; 43
1670090281.653675; 690327; 43
1670090281.678675; 690352; 43
1670090281.703675; 690377; 43
1670090281.728674; 690402; 44
1670090281.753671; 690427; 44
1670090281.778674; 690452; 44
1670090281.803670; 690477; 44
1670090281.828674; 690502; 47
1670090281.853676; 690527; 47
1670090281.878669; 690552; 47
1670090281.903675; 690577; 47
1670090281.928678; 690602; 49
1670090281.953671; 690627; 49
1670090281.978669; 690652; 49
1670090282.003675; 690677; 49
1670090282.028675; 690702; 47
1670090282.053672; 690727; 47
1670090282.078671; 690752; 47
1670090282.103676; 690777; 47
1670090282.128674; 690802; 49
1670090282.153671; 690827; 49
1670090282.178669; 690852; 49
1670090282.203675; 690877; 49
1670090282.228680; 690902; 49
1670090282.253676; 690927; 53
1670090282.278675; 690952; 53
1670090282.303675; 690977; 53
1670090282.328683; 691002; 53
1670090282.353676; 691027; 54
1670090282.378670; 691052; 54
1670090282.403675; 691077; 54
1670090282.428673; 691102; 54
1670090282.453672; 691127; 60
1670090282.478675; 691152; 60
1670090282.503675; 691177; 60
1670090282.528675; 691202; 60
1670090282.553674; 691227; 53
1670090282.578671; 691252; 53
1670090282.603690; 691277; 53
1670090282.628670; 691302; 53
1670090282.653674; 691327; 41
1670090282.678671; 691352; 41
1670090282.703669; 691377; 41
1670090282.728669; 691402; 41
1670090282.753683; 691427; 30
1670090282.778676; 691452; 30
1670090282.803678; 691477; 30
1670090282.828669; 691502; 30
1670090282.853674; 691527; 29
1670090282.878676; 691552; 29
1670090282.903675; 691577; 29
1670090282.928675; 691602; 29
1670090282.953680; 691627; 28
1670090282.978676; 691652; 28
1670090283.003675; 691677; 28
1670090283.028671; 691702; 28
1670090283.053675; 691727; 28
1670090283.078677; 691752; 28
1670090283.103676; 691777; 28
1670090283.128669; 691802; 28
1670090283.153678; 691827; 27
1670090283.178671; 691852; 27
1670090283.203670; 691877; 27
1670090283.228675; 691902; 27
1670090283.253675; 691927; 27
1670090283.278680; 691952; 27
1670090283.303676; 691977; 27
1670090283.328675; 692002; 27
1670090283.353675; 692027; 28
1670090283.378674; 692052; 28
1670090283.403671; 692077; 28
1670090283.428670; 692102; 28
1670090283.453669; 692127; 28
1670090283.478674; 692152; 29
1670090283.503671; 692177; 29
1670090283.528669; 692202; 29
1670090283.553669; 692227; 29
1670090283.578678; 692252; 29
1670090283.603671; 692277; 29
1670090283.628677; 692302; 29
1670090283.653670; 692327; 29
1670090283.678674; 692352; 30
1670090283.703671; 692377; 30
1670090283.728669; 692402; 30
1670090283.753670; 692427; 30
1670090283.778674; 692452; 32
1670090283.803671; 692477; 32
1670090283.828669; 692502; 32
1670090283.853669; 692527; 32
1670090283.878679; 692552; 33
1670090283.903676; 692577; 33
1670090283.928675; 692602; 33
1670090283.953675; 692627; 33
1670090283.978678; 692652; 35
1670090284.003671; 692677; 35
1670090284.028676; 692702; 35
1670090284.053676; 692727; 35
1670090284.078676; 692752; 36
1670090284.103681; 692777; 36
1670090284.128671; 692802; 36
1670090284.153670; 692827; 36
1670090284.178670; 692852; 37
1670090284.203674; 692877; 37
1670090284.228671; 692902; 37
1670090284.253675; 692927; 37
1670090284.278675; 692952; 38
1670090284.303680; 692977; 38
1670090284.328676; 693002; 38
1670090284.353675; 693027; 38
1670090284.378669; 693052; 37
1670090284.403683; 693077; 37
1670090284.428676; 693102; 37
1670090284.453675; 693127; 37
1670090284.478675; 693152; 37
1670090284.503680; 693177; 37
1670090284.528676; 693202; 37
1670090284.553675; 693227; 37
1670090284.578675; 693252; 37
1670090284.603680; 693277; 36
1670090284.628676; 693302; 36
1670090284.653675; 693327; 36
1670090284.678675; 693352; 36
1670090284.703680; 693377; 37
1670090284.728676; 693402; 37
1670090284.753675; 693427; 37
1670090284.778675; 693452; 37
1670090284.803682; 693477; 42
1670090284.828672; 693502; 42
1670090284.853675; 693527; 42
1670090284.878669; 693552; 42
1670090284.903669; 693577; 44
1670090284.928674; 693602; 44
1670090284.953671; 693627; 44
1670090284.978669; 693652; 44
1670090285.003669; 693677; 45
1670090285.028681; 693702; 45
1670090285.053677; 693727; 45
1670090285.078671; 693752; 45
1670090285.103676; 693777; 42
1670090285.128674; 693802; 42
1670090285.153671; 693827; 42
1670090285.178669; 693852; 42
1670090285.203669; 693877; 40
1670090285.228678; 693902; 40
1670090285.253671; 693927; 40
1670090285.278670; 693952; 40
1670090285.303670; 693977; 40
1670090285.328674; 694002; 40
1670090285.353671; 694027; 40
1670090285.378672; 694052; 40
1670090285.403680; 694077; 40
1670090285.428676; 694102; 40
1670090285.453671; 694127; 40
1670090285.478675; 694152; 40
1670090285.503669; 694177; 47
1670090285.528674; 694202; 47
1670090285.553671; 694227; 47
1670090285.578669; 694252; 47
1670090285.603669; 694277; 48
1670090285.628682; 694302; 48
1670090285.653672; 694327; 48
1670090285.678675; 694352; 48
1670090285.703675; 694377; 47
1670090285.728675; 694402; 47
1670090285.753680; 694427; 47
1670090285.778676; 694452; 47
1670090285.803675; 694477; 47
1670090285.828675; 694502; 51
1670090285.853680; 694527; 51
1670090285.878676; 694552; 51
1670090285.903675; 694577; 51
1670090285.928675; 694602; 40
1670090285.953680; 694627; 40
1670090285.978676; 694652; 40
1670090286.003675; 694677; 40
1670090286.028671; 694702; 38
1670090286.053679; 694727; 38
1670090286.078672; 694752; 38
1670090286.103671; 694777; 38
1670090286.128669; 694802; 38
1670090286.153680; 694827; 38
1670090286.178676; 694852; 38
1670090286.203675; 694877; 38
1670090286.228675; 694902; 44
1670090286.253680; 694927; 44
1670090286.278676; 694952; 44
1670090286.303669; 694977; 44
1670090286.328669; 695002; 55
1670090286.353674; 695027; 55
1670090286.378676; 695052; 55
1670090286.403675; 695077; 55
1670090286.428675; 695102; 54
1670090286.453675; 695127; 54
1670090286.478683; 695152; 54
1670090286.503671; 695177; 54
1670090286.528670; 695202; 44
1670090286.553670; 695227; 44
1670090286.578674; 695252; 44
1670090286.603676; 695277; 44
1670090286.628675; 695302; 33
1670090286.653675; 695327; 33
1670090286.678680; 695352; 33
1670090286.703676; 695377; 33
1670090286.728675; 695402; 32
1670090286.753675; 695427; 32
1670090286.778680; 695452; 32
1670090286.803677; 695477; 32
1670090286.828669; 695502; 32
1670090286.853670; 695527; 32
1670090286.878683; 695552; 32
1670090286.903683; 695577; 32
1670090286.928675; 695602; 32
1670090286.953675; 695627; 33
1670090286.978680; 695652; 33
1670090287.003676; 695677; 33
1670090287.028671; 695702; 33
1670090287.053673; 695727; 33
1670090287.078675; 695752; 33
1670090287.103672; 695777; 33
1670090287.128670; 695802; 33
1670090287.153670; 695827; 33
1670090287.178674; 695852; 33
1670090287.203671; 695877; 33
1670090287.228669; 695902; 33
1670090287.253670; 695927; 34
1670090287.278670; 695952; 34
1670090287.303683; 695977; 34
1670090287.328671; 696002; 34
1670090287.353669; 696027; 35
1670090287.378675; 696052; 35
1670090287.403680; 696077; 35
1670090287.428676; 696102; 35
1670090287.453675; 696127; 36
1670090287.478675; 696152; 36
1670090287.503680; 696177; 36
1670090287.528676; 696202; 36
1670090287.553675; 696227; 38
1670090287.578669; 696252; 38
1670090287.603674; 696277; 38
1670090287.628671; 696302; 38
1670090287.653669; 696327; 38
1670090287.678669; 696352; 38
1670090287.703683; 696377; 38
1670090287.728676; 696402; 38
1670090287.753675; 696427; 40
1670090287.778675; 696452; 40
1670090287.803680; 696477; 40
1670090287.828671; 696502; 40
1670090287.853669; 696527; 39
1670090287.878675; 696552; 39
1670090287.903680; 696577; 39
1670090287.928676; 696602; 39
1670090287.953675; 696627; 42
1670090287.978675; 696652; 42
1670090288.003678; 696677; 42
1670090288.028673; 696702; 42
1670090288.053671; 696727; 42
1670090288.078672; 696752; 44
1670090288.103671; 696777; 44
1670090288.128680; 696802; 44
1670090288.153676; 696827; 44
1670090288.178675; 696852; 48
1670090288.203675; 696877; 48
1670090288.228680; 696902; 48
1670090288.253676; 696927; 48
1670090288.278675; 696952; 52
1670090288.303675; 696977; 52
1670090288.328680; 697002; 52
1670090288.353671; 697027; 52
1670090288.378675; 697052; 53
1670090288.403675; 697077; 53
1670090288.428680; 697102; 53
1670090288.453676; 697127; 53
1670090288.478675; 697152; 50
1670090288.503675; 697177; 50
1670090288.528678; 697202; 50
1670090288.553671; 697227; 50
1670090288.578669; 697252; 49
1670090288.603669; 697277; 49
1670090288.628674; 697302; 49
1670090288.653671; 697327; 49
1670090288.678670; 697352; 48
1670090288.703669; 697377; 48
1670090288.728674; 697402; 48
1670090288.753671; 697427; 48
1670090288.778669; 697452; 47
1670090288.803669; 697477; 47
1670090288.828673; 697502; 47
1670090288.853672; 697527; 47
1670090288.878675; 697552; 46
1670090288.903675; 697577; 46
1670090288.928675; 697602; 46
1670090288.953678; 697627; 46
1670090288.978671; 697652; 53
1670090289.003675; 697677; 53
1670090289.028671; 697702; 53
1670090289.053681; 697727; 53
1670090289.078672; 697752; 56
1670090289.103671; 697777; 56
1670090289.128675; 697802; 56
1670090289.153680; 697827; 56
1670090289.178676; 697852; 48
1670090289.203675; 697877; 48
1670090289.228675; 697902; 48
1670090289.253680; 697927; 48
1670090289.278671; 697952; 48
1670090289.303669; 697977; 45
1670090289.328669; 698002; 45
1670090289.353683; 698027; 45
1670090289.378676; 698052; 45
1670090289.403675; 698077; 44
1670090289.428675; 698102; 44
1670090289.453680; 698127; 44
1670090289.478676; 698152; 44
1670090289.503675; 698177; 43
1670090289.528675; 698202; 43
1670090289.553679; 698227; 43
1670090289.578671; 698252; 43
1670090289.603669; 698277; 46
1670090289.628669; 698302; 46
1670090289.653669; 698327; 46
1670090289.678674; 698352; 46
1670090289.703671; 698377; 45
1670090289.728669; 698402; 45
1670090289.753670; 698427; 45
1670090289.778678; 698452; 45
1670090289.803676; 698477; 37
1670090289.828675; 698502; 37
1670090289.853675; 698527; 37
1670090289.878674; 698552; 37
1670090289.903671; 698577; 31
1670090289.928669; 698602; 31
1670090289.953670; 698627; 31
1670090289.978674; 698652; 31
1670090290.003671; 698677; 30
1670090290.028676; 698702; 30
1670090290.053676; 698727; 30
1670090290.078706; 698752; 30
1670090290.103672; 698777; 30
1670090290.128675; 698802; 30
1670090290.153675; 698827; 30
1670090290.178683; 698852; 30
1670090290.203676; 698877; 29
1670090290.228675; 698902; 29
1670090290.253675; 698927; 29
1670090290.278692; 698952; 29
1670090290.303671; 698977; 30
1670090290.328669; 699002; 30
1670090290.353669; 699027; 30
1670090290.378679; 699052; 30
1670090290.403676; 699077; 30
1670090290.428675; 699102; 30
1670090290.453675; 699127; 30
1670090290.478675; 699152; 30
1670090290.503679; 699177; 30
1670090290.528676; 699202; 31
1670090290.553675; 699227; 31
1670090290.578675; 699252; 31
1670090290.603678; 699277; 31
1670090290.628671; 699302; 30
1670090290.653669; 699327; 30
1670090290.678670; 699352; 30
1670090290.703674; 699377; 30
1670090290.728671; 699402; 31
1670090290.753669; 699427; 31
1670090290.778669; 699452; 31
1670090290.803680; 699477; 31
1670090290.828676; 699502; 30
1670090290.853675; 699527; 30
1670090290.878669; 699552; 30
1670090290.903674; 699577; 30
1670090290.928671; 699602; 32
1670090290.953670; 699627; 32
1670090290.978669; 699652; 32
1670090291.003678; 699677; 32
1670090291.028677; 699702; 33
1670090291.053676; 699727; 33
1670090291.078676; 699752; 33
1670090291.103675; 699777; 33
1670090291.128676; 699802; 29
1670090291.153675; 699827; 29
1670090291.178675; 699852; 29
1670090291.203678; 699877; 29
1670090291.228677; 699902; 31
1670090291.253669; 699927; 31
1670090291.278669; 699952; 31
1670090291.303677; 699977; 31
1670090291.328674; 700002; 31
1670090291.353671; 700027; 31
1670090291.378675; 700052; 31
1670090291.403675; 700077; 31
1670090291.428683; 700102; 29
1670090291.453676; 700127; 29
1670090291.478675; 700152; 29
1670090291.503675; 700177; 29
1670090291.528680; 700202; 27
1670090291.553676; 700227; 27
1670090291.578675; 700252; 27
1670090291.603675; 700277; 27
1670090291.628674; 700302; 27
1670090291.653671; 700327; 26
1670090291.678670; 700352; 26
1670090291.703670; 700377; 26
1670090291.728674; 700402; 26
1670090291.753671; 700427; 23
1670090291.778669; 700452; 23
1670090291.803669; 700477; 23
1670090291.828683; 700502; 23
1670090291.853676; 700527; 19
1670090291.878675; 700552; 19
1670090291.903675; 700577; 19
1670090291.928680; 700602; 19
1670090291.953676; 700627; 17
1670090291.978675; 700652; 17
1670090292.003675; 700677; 17
1670090292.028674; 700702; 17
1670090292.053673; 700727; 17
1670090292.078671; 700752; 17
1670090292.103676; 700777; 17
1670090292.128670; 700802; 17
1670090292.153674; 700827; 17
1670090292.178671; 700852; 17
1670090292.203669; 700877; 17
1670090292.228675; 700902; 17
1670090292.253683; 700927; 17
1670090292.278676; 700952; 17
1670090292.303675; 700977; 17
1670090292.328675; 701002; 17
1670090292.353680; 701027; 16
1670090292.378671; 701052; 16
1670090292.403675; 701077; 16
1670090292.428675; 701102; 16
1670090292.453674; 701127; 16
1670090292.478671; 701152; 16
1670090292.503669; 701177; 16
1670090292.528669; 701202; 16
1670090292.553674; 701227; 17
1670090292.578676; 701252; 17
1670090292.603670; 701277; 17
1670090292.628669; 701302; 17
1670090292.653683; 701327; 17
1670090292.678676; 701352; 17
1670090292.703675; 701377; 17
1670090292.728675; 701402; 17
1670090292.753680; 701427; 17
1670090292.778676; 701452; 16
1670090292.803675; 701477; 16
1670090292.828675; 701502; 16
1670090292.853670; 701527; 16
1670090292.878680; 701552; 16
1670090292.903676; 701577; 16
1670090292.928675; 701602; 16
1670090292.953675; 701627; 16
1670090292.978680; 701652; 16
1670090293.003676; 701677; 16
1670090293.028671; 701702; 16
1670090293.053676; 701727; 16
1670090293.078684; 701752; 17
1670090293.103677; 701777; 17
1670090293.128669; 701802; 17
1670090293.153670; 701827; 17
1670090293.178674; 701852; 16
1670090293.203671; 701877; 16
1670090293.228670; 701902; 16
1670090293.253675; 701927; 16
1670090293.278680; 701952; 16
1670090293.303676; 701977; 16
1670090293.328675; 702002; 16
1670090293.353675; 702027; 16
1670090293.378674; 702052; 16
1670090293.403671; 702077; 16
1670090293.428670; 702102; 16
1670090293.453673; 702127; 16
1670090293.478678; 702152; 17
1670090293.503671; 702177; 17
1670090293.528675; 702202; 17
1670090293.553675; 702227; 17
1670090293.578680; 702252; 17
1670090293.603676; 702277; 17
1670090293.628675; 702302; 17
1670090293.653675; 702327; 17
1670090293.678675; 702352; 16
1670090293.703680; 702377; 16
1670090293.728676; 702402; 16
1670090293.753675; 702427; 16
1670090293.778670; 702452; 16
1670090293.803674; 702477; 16
1670090293.828671; 702502; 16
1670090293.853669; 702527; 16
1670090293.878675; 702552; 16
1670090293.903683; 702577; 16
1670090293.928676; 702602; 16
1670090293.953675; 702627; 16
1670090293.978675; 702652; 16
1670090294.003680; 702677; 17
1670090294.028672; 702702; 17
1670090294.053671; 702727; 17
1670090294.078671; 702752; 17
1670090294.103675; 702777; 16
1670090294.128676; 702802; 16
1670090294.153675; 702827; 16
1670090294.178675; 702852; 16
1670090294.203680; 702877; 16
1670090294.228676; 702902; 16
1670090294.253675; 702927; 16
1670090294.278675; 702952; 16
1670090294.303678; 702977; 16
1670090294.328671; 703002; 16
1670090294.353669; 703027; 16
1670090294.378675; 703052; 16
1670090294.403673; 703077; 17
1670090294.428672; 703102; 17
1670090294.453675; 703127; 17
1670090294.478675; 703152; 17
1670090294.503675; 703177; 17
1670090294.528699; 703202; 17
1670090294.553671; 703227; 17
1670090294.578669; 703252; 17
1670090294.603669; 703277; 16
1670090294.628674; 703302; 16
1670090294.653671; 703327; 16
1670090294.678670; 703352; 16
1670090294.703669; 703377; 16
1670090294.728683; 703402; 16
1670090294.753676; 703427; 16
1670090294.778675; 703452; 16
1670090294.803670; 703477; 16
1670090294.828674; 703502; 16
1670090294.853671; 703527; 16
1670090294.878675; 703552; 16
1670090294.903669; 703577; 17
1670090294.928674; 703602; 17
1670090294.953671; 703627; 17
1670090294.978669; 703652; 17
1670090295.003670; 703677; 16
1670090295.028681; 703702; 16
1670090295.053672; 703727; 16
1670090295.078671; 703752; 16
1670090295.103671; 703777; 16
1670090295.128678; 703802; 16
1670090295.153671; 703827; 16
1670090295.178669; 703852; 16
1670090295.203670; 703877; 16
1670090295.228678; 703902; 16
1670090295.253677; 703927; 16
1670090295.278669; 703952; 16
1670090295.303669; 703977; 16
1670090295.328669; 704002; 17
1670090295.353674; 704027; 17
1670090295.378676; 704052; 17
1670090295.403675; 704077; 17
1670090295.428675; 704102; 17
1670090295.453674; 704127; 17
1670090295.478671; 704152; 17
1670090295.503675; 704177; 17
1670090295.528669; 704202; 16
1670090295.553678; 704227; 16
1670090295.578671; 704252; 16
1670090295.603670; 704277; 16
1670090295.628669; 704302; 16
1670090295.653674; 704327; 16
1670090295.678671; 704352; 16
1670090295.703669; 704377; 16
1670090295.728675; 704402; 16
1670090295.753680; 704427; 16
1670090295.778676; 704452; 16
1670090295.803675; 704477; 16
1670090295.828675; 704502; 17
1670090295.853680; 704527; 17
1670090295.878676; 704552; 17
1670090295.903675; 704577; 17
1670090295.928670; 704602; 16
1670090295.953678; 704627; 16
1670090295.978676; 704652; 16
1670090296.003670; 704677; 16
1670090296.028676; 704702; 16
1670090296.053676; 704727; 16
1670090296.078675; 704752; 16
1670090296.103672; 704777; 16
1670090296.128670; 704802; 16
1670090296.153670; 704827; 16
1670090296.178674; 704852; 16
1670090296.203671; 704877; 16
1670090296.228675; 704902; 16
1670090296.253675; 704927; 17
1670090296.278671; 704952; 17
1670090296.303676; 704977; 17
1670090296.328669; 705002; 17
1670090296.353669; 705027; 17
1670090296.378683; 705052; 17
1670090296.403676; 705077; 17
1670090296.428675; 705102; 17
1670090296.453675; 705127; 16
1670090296.478679; 705152; 16
1670090296.503676; 705177; 16
1670090296.528669; 705202; 16
1670090296.553670; 705227; 16
1670090296.578674; 705252; 16
1670090296.603671; 705277; 16
1670090296.628669; 705302; 16
1670090296.653669; 705327; 16
1670090296.678674; 705352; 16
1670090296.703671; 705377; 16
1670090296.728669; 705402; 16
1670090296.753675; 705427; 17
1670090296.778678; 705452; 17
1670090296.803671; 705477; 17
1670090296.828669; 705502; 17
1670090296.853669; 705527; 16
1670090296.878675; 705552; 16
1670090296.903680; 705577; 16
1670090296.928676; 705602; 16
1670090296.953675; 705627; 16
1670090296.978675; 705652; 16
1670090297.003674; 705677; 16
1670090297.028677; 705702; 16
1670090297.053676; 705727; 16
1670090297.078676; 705752; 16
1670090297.103681; 705777; 16
1670090297.128671; 705802; 16
1670090297.153675; 705827; 17
1670090297.178675; 705852; 17
1670090297.203678; 705877; 17
1670090297.228671; 705902; 17
1670090297.253670; 705927; 17
1670090297.278669; 705952; 17
1670090297.303674; 705977; 17
1670090297.328671; 706002; 17
1670090297.353669; 706027; 17
1670090297.378675; 706052; 16
1670090297.403680; 706077; 16
1670090297.428676; 706102; 16
1670090297.453675; 706127; 16
1670090297.478675; 706152; 16
1670090297.503680; 706177; 16
1670090297.528676; 706202; 16
1670090297.553675; 706227; 16
1670090297.578675; 706252; 16
1670090297.603677; 706277; 16
1670090297.628672; 706302; 16
1670090297.653675; 706327; 16
1670090297.678675; 706352; 17
1670090297.703675; 706377; 17
1670090297.728680; 706402; 17
1670090297.753690; 706427; 17
1670090297.778675; 706452; 16
1670090297.803675; 706477; 16
1670090297.828680; 706502; 16
1670090297.853676; 706527; 16
1670090297.878669; 706552; 16
1670090297.903670; 706577; 16
1670090297.928674; 706602; 16
1670090297.953671; 706627; 16
1670090297.978675; 706652; 16
1670090298.003675; 706677; 16
1670090298.028679; 706702; 16
1670090298.053672; 706727; 16
1670090298.078671; 706752; 17
1670090298.103676; 706777; 17
1670090298.128680; 706802; 17
1670090298.153676; 706827; 17
1670090298.178669; 706852; 17
1670090298.203670; 706877; 17
1670090298.228674; 706902; 17
1670090298.253671; 706927; 17
1670090298.278670; 706952; 16
1670090298.303669; 706977; 16
1670090298.328674; 707002; 16
1670090298.353671; 707027; 16
1670090298.378675; 707052; 16
1670090298.403675; 707077; 16
1670090298.428682; 707102; 16
1670090298.453672; 707127; 16
1670090298.478675; 707152; 17
1670090298.503675; 707177; 17
1670090298.528675; 707202; 17
1670090298.553680; 707227; 17
1670090298.578671; 707252; 17
1670090298.603670; 707277; 17
1670090298.628670; 707302; 17
1670090298.653674; 707327; 17
1670090298.678671; 707352; 17
1670090298.703669; 707377; 16
1670090298.728670; 707402; 16
1670090298.753674; 707427; 16
1670090298.778676; 707452; 16
1670090298.803675; 707477; 16
1670090298.828675; 707502; 16
1670090298.853678; 707527; 16
1670090298.878676; 707552; 16
1670090298.903675; 707577; 16
1670090298.928675; 707602; 16
1670090298.953674; 707627; 16
1670090298.978671; 707652; 16
1670090299.003675; 707677; 17
1670090299.028671; 707702; 17
1670090299.053675; 707727; 17
1670090299.078672; 707752; 17
1670090299.103671; 707777; 17
1670090299.128669; 707802; 17
1670090299.153674; 707827; 17
1670090299.178671; 707852; 17
1670090299.203669; 707877; 16
1670090299.228669; 707902; 16
1670090299.253670; 707927; 16
1670090299.278683; 707952; 16
1670090299.303676; 707977; 16
1670090299.328675; 708002; 16
1670090299.353675; 708027; 16
1670090299.378674; 708052; 16
1670090299.403676; 708077; 16
1670090299.428675; 708102; 16
1670090299.453670; 708127; 16
1670090299.478674; 708152; 16
1670090299.503671; 708177; 17
1670090299.528669; 708202; 17
1670090299.553669; 708227; 17
1670090299.578674; 708252; 17
1670090299.603671; 708277; 16
1670090299.628669; 708302; 16
1670090299.653669; 708327; 16
1670090299.678683; 708352; 16
1670090299.703685; 708377; 16
1670090299.728669; 708402; 16
1670090299.753669; 708427; 16
1670090299.778674; 708452; 16
1670090299.803671; 708477; 16
1670090299.828670; 708502; 16
1670090299.853670; 708527; 16
1670090299.878680; 708552; 16
1670090299.903676; 708577; 16
1670090299.928675; 708602; 17
1670090299.953675; 708627; 17
1670090299.978680; 708652; 17
1670090300.003676; 708677; 17
1670090300.028676; 708702; 17
1670090300.053676; 708727; 17
1670090300.078676; 708752; 17
1670090300.103679; 708777; 17
1670090300.128676; 708802; 16
1670090300.153675; 708827; 16
1670090300.178675; 708852; 16
1670090300.203680; 708877; 16
1670090300.228676; 708902; 16
1670090300.253675; 708927; 16
1670090300.278675; 708952; 16
1670090300.303680; 708977; 16
1670090300.328676; 709002; 17
1670090300.353675; 709027; 17
1670090300.378670; 709052; 17
1670090300.403674; 709077; 17
1670090300.428671; 709102; 17
1670090300.453669; 709127; 17
1670090300.478675; 709152; 17
1670090300.503678; 709177; 17
1670090300.528671; 709202; 16
1670090300.553670; 709227; 16
1670090300.578669; 709252; 16
1670090300.603674; 709277; 16
1670090300.628676; 709302; 16
1670090300.653675; 709327; 16
1670090300.678675; 709352; 16
1670090300.703680; 709377; 16
1670090300.728695; 709402; 16
1670090300.753675; 709427; 16
1670090300.778675; 709452; 16
1670090300.803678; 709477; 16
1670090300.828677; 709502; 16
1670090300.853669; 709527; 17
1670090300.878675; 709552; 17
1670090300.903675; 709577; 17
1670090300.928678; 709602; 17
1670090300.953676; 709627; 17
1670090300.978675; 709652; 17
1670090301.003675; 709677; 17
1670090301.028675; 709702; 17
1670090301.053672; 709727; 16
1670090301.078671; 709752; 16
1670090301.103676; 709777; 16
1670090301.128674; 709802; 16
1670090301.153671; 709827; 16
1670090301.178669; 709852; 16
1670090301.203669; 709877; 16
1670090301.228674; 709902; 16
1670090301.253671; 709927; 17
1670090301.278670; 709952; 17
1670090301.303669; 709977; 17
1670090301.328683; 710002; 17
1670090301.353676; 710027; 17
1670090301.378669; 710052; 17
1670090301.403669; 710077; 17
1670090301.428674; 710102; 17
1670090301.453676; 710127; 16
1670090301.478675; 710152; 16
1670090301.503675; 710177; 16
1670090301.528680; 710202; 16
1670090301.553676; 710227; 16
1670090301.578675; 710252; 16
1670090301.603675; 710277; 16
1670090301.628673; 710302; 16
1670090301.653677; 710327; 16
1670090301.678670; 710352; 16
1670090301.703670; 710377; 16
1670090301.728669; 710402; 16
1670090301.753678; 710427; 17
1670090301.778671; 710452; 17
1670090301.803670; 710477; 17
1670090301.828670; 710502; 17
1670090301.853674; 710527; 17
1670090301.878676; 710552; 17
1670090301.903675; 710577; 17
1670090301.928675; 710602; 17
1670090301.953680; 710627; 16
1670090301.978671; 710652; 16
1670090302.003670; 710677; 16
1670090302.028676; 710702; 16
1670090302.053681; 710727; 16
1670090302.078672; 710752; 16
1670090302.103671; 710777; 16
1670090302.128675; 710802; 16
1670090302.153678; 710827; 16
1670090302.178671; 710852; 17
1670090302.203670; 710877; 17
1670090302.228670; 710902; 17
1670090302.253674; 710927; 17
1670090302.278676; 710952; 17
1670090302.303675; 710977; 17
1670090302.328675; 711002; 17
1670090302.353680; 711027; 17
1670090302.378671; 711052; 17
1670090302.403669; 711077; 17
1670090302.428670; 711102; 17
1670090302.453669; 711127; 17
1670090302.478680; 711152; 16
1670090302.503676; 711177; 16
1670090302.528675; 711202; 16
1670090302.553675; 711227; 16
1670090302.578678; 711252; 17
1670090302.603671; 711277; 17
1670090302.628669; 711302; 17
1670090302.653669; 711327; 17
1670090302.678674; 711352; 17
1670090302.703671; 711377; 17
1670090302.728670; 711402; 17
1670090302.753669; 711427; 17
1670090302.778674; 711452; 17
1670090302.803671; 711477; 17
1670090302.828670; 711502; 17
1670090302.853669; 711527; 17
1670090302.878679; 711552; 17
1670090302.903676; 711577; 17
1670090302.928675; 711602; 17
1670090302.953675; 711627; 17
1670090302.978683; 711652; 16
1670090303.003676; 711677; 16
1670090303.028671; 711702; 16
1670090303.053676; 711727; 16
1670090303.078695; 711752; 17
1670090303.103672; 711777; 17
1670090303.128675; 711802; 17
1670090303.153675; 711827; 17
1670090303.178680; 711852; 17
1670090303.203671; 711877; 17
1670090303.228670; 711902; 17
1670090303.253670; 711927; 17
1670090303.278669; 711952; 17
1670090303.303680; 711977; 17
1670090303.328676; 712002; 17
1670090303.353675; 712027; 17
1670090303.378669; 712052; 17
1670090303.403678; 712077; 16
1670090303.428671; 712102; 16
1670090303.453675; 712127; 16
1670090303.478675; 712152; 16
1670090303.503674; 712177; 17
1670090303.528671; 712202; 17
1670090303.553670; 712227; 17
1670090303.578670; 712252; 17
1670090303.603674; 712277; 17
1670090303.628671; 712302; 17
1670090303.653669; 712327; 17
1670090303.678669; 712352; 17
1670090303.703674; 712377; 17
1670090303.728671; 712402; 17
1670090303.753669; 712427; 17
1670090303.778670; 712452; 17
1670090303.803683; 712477; 17
1670090303.828676; 712502; 17
1670090303.853675; 712527; 17
1670090303.878675; 712552; 17
1670090303.903686; 712577; 17
1670090303.928671; 712602; 17
1670090303.953669; 712627; 17
1670090303.978670; 712652; 17
1670090304.003673; 712677; 17
1670090304.028678; 712702; 17
1670090304.053676; 712727; 17
1670090304.078676; 712752; 17
1670090304.103676; 712777; 17
1670090304.128674; 712802; 17
1670090304.153671; 712827; 17
1670090304.178669; 712852; 17
1670090304.203669; 712877; 17
1670090304.228683; 712902; 17
1670090304.253676; 712927; 17
1670090304.278675; 712952; 17
1670090304.303675; 712977; 17
1670090304.328680; 713002; 16
1670090304.353676; 713027; 16
1670090304.378670; 713052; 16
1670090304.403670; 713077; 16
1670090304.428680; 713102; 17
1670090304.453676; 713127; 17
1670090304.478675; 713152; 17
1670090304.503675; 713177; 17
1670090304.528680; 713202; 17
1670090304.553676; 713227; 17
1670090304.578675; 713252; 17
1670090304.603675; 713277; 17
1670090304.628678; 713302; 17
1670090304.653671; 713327; 17
1670090304.678669; 713352; 17
1670090304.703669; 713377; 17
1670090304.728674; 713402; 17
1670090304.753671; 713427; 17
1670090304.778669; 713452; 17
1670090304.803670; 713477; 17
1670090304.828673; 713502; 17
1670090304.853672; 713527; 17
1670090304.878675; 713552; 17
1670090304.903675; 713577; 17
1670090304.928675; 713602; 17
1670090304.953674; 713627; 17
1670090304.978671; 713652; 17
1670090305.003669; 713677; 17
1670090305.028676; 713702; 17
1670090305.053679; 713727; 17
1670090305.078672; 713752; 17
1670090305.103671; 713777; 17
1670090305.128675; 713802; 17
1670090305.153680; 713827; 17
1670090305.178676; 713852; 17
1670090305.203675; 713877; 17
1670090305.228669; 713902; 17
1670090305.253674; 713927; 17
1670090305.278671; 713952; 17
1670090305.303670; 713977; 17
1670090305.328669; 714002; 17
1670090305.353674; 714027; 17
1670090305.378676; 714052; 17
1670090305.403675; 714077; 17
1670090305.428675; 714102; 17
1670090305.453678; 714127; 17
1670090305.478671; 714152; 17
1670090305.503670; 714177; 17
1670090305.528670; 714202; 17
1670090305.553674; 714227; 17
1670090305.578671; 714252; 17
1670090305.603670; 714277; 17
1670090305.628669; 714302; 17
1670090305.653670; 714327; 17
1670090305.678674; 714352; 17
1670090305.703671; 714377; 17
1670090305.728670; 714402; 17
1670090305.753675; 714427; 17
1670090305.778680; 714452; 17
1670090305.803676; 714477; 17
1670090305.828675; 714502; 17
1670090305.853675; 714527; 17
1670090305.878683; 714552; 17
1670090305.903676; 714577; 17
1670090305.928675; 714602; 17
1670090305.953675; 714627; 17
1670090305.978680; 714652; 17
1670090306.003676; 714677; 17
1670090306.028671; 714702; 17
1670090306.053676; 714727; 17
1670090306.078681; 714752; 17
1670090306.103672; 714777; 17
1670090306.128675; 714802; 17
1670090306.153675; 714827; 17
1670090306.178680; 714852; 17
1670090306.203676; 714877; 17
1670090306.228675; 714902; 17
1670090306.253675; 714927; 17
1670090306.278683; 714952; 17
1670090306.303676; 714977; 17
1670090306.328675; 715002; 17
1670090306.353675; 715027; 17
1670090306.378674; 715052; 17
1670090306.403671; 715077; 17
1670090306.428675; 715102; 17
1670090306.453675; 715127; 17
1670090306.478675; 715152; 17
1670090306.503680; 715177; 17
1670090306.528676; 715202; 17
1670090306.553675; 715227; 17
1670090306.578675; 715252; 17
1670090306.603680; 715277; 17
1670090306.628676; 715302; 17
1670090306.653675; 715327; 17
1670090306.678675; 715352; 16
1670090306.703683; 715377; 16
1670090306.728676; 715402; 16
1670090306.753675; 715427; 16
1670090306.778675; 715452; 17
1670090306.803680; 715477; 17
1670090306.828676; 715502; 17
1670090306.853675; 715527; 17
1670090306.878675; 715552; 17
1670090306.903680; 715577; 17
1670090306.928671; 715602; 17
1670090306.953670; 715627; 17
1670090306.978675; 715652; 17
1670090307.003680; 715677; 17
1670090307.028678; 715702; 17
1670090307.053671; 715727; 17
1670090307.078676; 715752; 16
1670090307.103679; 715777; 16
1670090307.128676; 715802; 16
1670090307.153675; 715827; 16
1670090307.178669; 715852; 16
1670090307.203673; 715877; 16
1670090307.228677; 715902; 16
1670090307.253669; 715927; 16
1670090307.278670; 715952; 17
1670090307.303670; 715977; 17
1670090307.328674; 716002; 17
1670090307.353671; 716027; 17
1670090307.378675; 716052; 17
1670090307.403669; 716077; 17
1670090307.428674; 716102; 17
1670090307.453671; 716127; 17
1670090307.478669; 716152; 17
1670090307.503669; 716177; 17
1670090307.528683; 716202; 17
1670090307.553676; 716227; 17
1670090307.578675; 716252; 16
1670090307.603670; 716277; 16
1670090307.628674; 716302; 16
1670090307.653676; 716327; 16
1670090307.678675; 716352; 16
1670090307.703675; 716377; 16
1670090307.728674; 716402; 16
1670090307.753671; 716427; 16
1670090307.778669; 716452; 17
1670090307.803675; 716477; 17
1670090307.828680; 716502; 17
1670090307.853676; 716527; 17
1670090307.878675; 716552; 17
1670090307.903675; 716577; 17
1670090307.928683; 716602; 17
1670090307.953676; 716627; 17
1670090307.978675; 716652; 17
1670090308.003669; 716677; 16
1670090308.028674; 716702; 16
1670090308.053673; 716727; 16
1670090308.078671; 716752; 16
1670090308.103671; 716777; 16
1670090308.128675; 716802; 16
1670090308.153674; 716827; 16
1670090308.178671; 716852; 16
1670090308.203690; 716877; 17
1670090308.228670; 716902; 17
1670090308.253674; 716927; 17
1670090308.278671; 716952; 17
1670090308.303669; 716977; 17
1670090308.328669; 717002; 17
1670090308.353683; 717027; 17
1670090308.378671; 717052; 17
1670090308.403683; 717077; 17
1670090308.428670; 717102; 17
1670090308.453674; 717127; 17
1670090308.478671; 717152; 17
1670090308.503670; 717177; 16
1670090308.528670; 717202; 16
1670090308.553674; 717227; 16
1670090308.578671; 717252; 16
1670090308.603670; 717277; 16
1670090308.628675; 717302; 16
1670090308.653680; 717327; 16
1670090308.678676; 717352; 16
1670090308.703675; 717377; 17
1670090308.728675; 717402; 17
1670090308.753678; 717427; 17
1670090308.778671; 717452; 17
1670090308.803669; 717477; 17
1670090308.828669; 717502; 17
1670090308.853669; 717527; 17
1670090308.878680; 717552; 17
1670090308.903676; 717577; 16
1670090308.928675; 717602; 16
1670090308.953675; 717627; 16
1670090308.978674; 717652; 16
1670090309.003671; 717677; 16
1670090309.028671; 717702; 16
1670090309.053676; 717727; 16
1670090309.078681; 717752; 16
1670090309.103672; 717777; 16
1670090309.128675; 717802; 17
1670090309.153675; 717827; 17
1670090309.178678; 717852; 17
1670090309.203671; 717877; 17
1670090309.228670; 717902; 17
1670090309.253670; 717927; 17
1670090309.278674; 717952; 17
1670090309.303671; 717977; 17
1670090309.328669; 718002; 17
1670090309.353670; 718027; 17
1670090309.378680; 718052; 17
1670090309.403676; 718077; 17
1670090309.428674; 718102; 16
1670090309.453675; 718127; 16
1670090309.478680; 718152; 16
1670090309.503676; 718177; 16
1670090309.528675; 718202; 16
1670090309.553675; 718227; 16
1670090309.578683; 718252; 16
1670090309.603676; 718277; 16
1670090309.628675; 718302; 17
1670090309.653669; 718327; 17
1670090309.678670; 718352; 17
1670090309.703674; 718377; 17
1670090309.728671; 718402; 17
1670090309.753669; 718427; 17
1670090309.778669; 718452; 17
1670090309.803674; 718477; 17
1670090309.828671; 718502; 16
1670090309.853669; 718527; 16
1670090309.878675; 718552; 16
1670090309.903680; 718577; 16
1670090309.928676; 718602; 16
1670090309.953675; 718627; 16
1670090309.978675; 718652; 16
1670090310.003678; 718677; 16
1670090310.028677; 718702; 17
1670090310.053676; 718727; 17
1670090310.078676; 718752; 17
1670090310.103681; 718777; 17
1670090310.128671; 718802; 17
1670090310.153670; 718827; 17
1670090310.178670; 718852; 17
1670090310.203674; 718877; 17
1670090310.228671; 718902; 17
1670090310.253670; 718927; 17
1670090310.278669; 718952; 17
1670090310.303674; 718977; 17
1670090310.328671; 719002; 17
1670090310.353670; 719027; 16
1670090310.378675; 719052; 16
1670090310.403677; 719077; 16
1670090310.428672; 719102; 16
1670090310.453675; 719127; 16
1670090310.478675; 719152; 16
1670090310.503678; 719177; 16
1670090310.528674; 719202; 16
1670090310.553671; 719227; 17
1670090310.578670; 719252; 17
1670090310.603669; 719277; 17
1670090310.628674; 719302; 17
1670090310.653671; 719327; 17
1670090310.678675; 719352; 17
1670090310.703675; 719377; 17
1670090310.728680; 719402; 17
1670090310.753676; 719427; 16
1670090310.778675; 719452; 16
1670090310.803675; 719477; 16
1670090310.828678; 719502; 16
1670090310.853671; 719527; 16
1670090310.878675; 719552; 16
1670090310.903675; 719577; 16
1670090310.928680; 719602; 16
1670090310.953676; 719627; 17
1670090310.978675; 719652; 17
1670090311.003675; 719677; 17
1670090311.028675; 719702; 17
1670090311.053672; 719727; 17
1670090311.078676; 719752; 17
1670090311.103676; 719777; 17
1670090311.128674; 719802; 17
1670090311.153671; 719827; 17
1670090311.178670; 719852; 17
1670090311.203669; 719877; 17
1670090311.228677; 719902; 17
1670090311.253672; 719927; 16
1670090311.278670; 719952; 16
1670090311.303670; 719977; 16
1670090311.328675; 720002; 16
1670090311.353680; 720027; 16
1670090311.378671; 720052; 16
1670090311.403670; 720077; 16
1670090311.428669; 720102; 16
1670090311.453674; 720127; 16
1670090311.478676; 720152; 17
1670090311.503675; 720177; 17
1670090311.528675; 720202; 17
1670090311.553680; 720227; 17
1670090311.578676; 720252; 17
1670090311.603675; 720277; 17
1670090311.628675; 720302; 17
1670090311.653678; 720327; 17
1670090311.678671; 720352; 17
1670090311.703669; 720377; 17
1670090311.728669; 720402; 17
1670090311.753674; 720427; 17
1670090311.778671; 720452; 16
1670090311.803669; 720477; 16
1670090311.828669; 720502; 16
1670090311.853674; 720527; 16
1670090311.878671; 720552; 17
1670090311.903675; 720577; 17
1670090311.928669; 720602; 17
1670090311.953674; 720627; 17
1670090311.978671; 720652; 17
1670090312.003670; 720677; 17
1670090312.028676; 720702; 17
1670090312.053676; 720727; 17
1670090312.078684; 720752; 17
1670090312.103677; 720777; 17
1670090312.128670; 720802; 17
1670090312.153675; 720827; 17
1670090312.178680; 720852; 17
1670090312.203676; 720877; 17
1670090312.228670; 720902; 17
1670090312.253670; 720927; 17
1670090312.278675; 720952; 17
1670090312.303675; 720977; 17
1670090312.328674; 721002; 17
1670090312.353674; 721027; 17
1670090312.378675; 721052; 17
1670090312.403672; 721077; 17
1670090312.428670; 721102; 17
1670090312.453670; 721127; 17
1670090312.478679; 721152; 17
1670090312.503671; 721177; 17
1670090312.528675; 721202; 17
1670090312.553670; 721227; 17
1670090312.578674; 721252; 17
1670090312.603671; 721277; 17
1670090312.628669; 721302; 17
1670090312.653669; 721327; 17
1670090312.678674; 721352; 17
1670090312.703673; 721377; 17
1670090312.728670; 721402; 17
1670090312.753669; 721427; 17
1670090312.778674; 721452; 17
1670090312.803671; 721477; 17
1670090312.828669; 721502; 17
1670090312.853670; 721527; 17
1670090312.878675; 721552; 17
1670090312.903683; 721577; 17
1670090312.928676; 721602; 17
1670090312.953675; 721627; 17
1670090312.978670; 721652; 17
1670090313.003674; 721677; 17
1670090313.028677; 721702; 17
1670090313.053676; 721727; 17
1670090313.078676; 721752; 17
1670090313.103681; 721777; 17
1670090313.128676; 721802; 17
1670090313.153675; 721827; 17
1670090313.178675; 721852; 17
1670090313.203680; 721877; 17
1670090313.228676; 721902; 17
1670090313.253675; 721927; 17
1670090313.278675; 721952; 17
1670090313.303678; 721977; 17
1670090313.328671; 722002; 17
1670090313.353670; 722027; 17
1670090313.378675; 722052; 17
1670090313.403680; 722077; 17
1670090313.428676; 722102; 17
1670090313.453675; 722127; 17
1670090313.478675; 722152; 17
1670090313.503680; 722177; 17
1670090313.528707; 722202; 17
1670090313.553669; 722227; 17
1670090313.578670; 722252; 17
1670090313.603673; 722277; 17
1670090313.628672; 722302; 17
1670090313.653675; 722327; 17
1670090313.678675; 722352; 17
1670090313.703675; 722377; 17
1670090313.728693; 722402; 17
1670090313.753676; 722427; 17
1670090313.778675; 722452; 17
1670090313.803669; 722477; 17
1670090313.828674; 722502; 17
1670090313.853671; 722527; 17
1670090313.878675; 722552; 17
1670090313.903675; 722577; 17
1670090313.928680; 722602; 17
1670090313.953676; 722627; 17
1670090313.978675; 722652; 17
1670090314.003675; 722677; 17
1670090314.028675; 722702; 17
1670090314.053672; 722727; 17
1670090314.078671; 722752; 17
1670090314.103676; 722777; 17
1670090314.128683; 722802; 17
1670090314.153676; 722827; 17
1670090314.178675; 722852; 17
1670090314.203675; 722877; 17
1670090314.228680; 722902; 17
1670090314.253676; 722927; 17
1670090314.278675; 722952; 17
1670090314.303675; 722977; 17
1670090314.328680; 723002; 17
1670090314.353676; 723027; 17
1670090314.378669; 723052; 17
1670090314.403670; 723077; 17
1670090314.428673; 723102; 17
1670090314.453672; 723127; 17
1670090314.478675; 723152; 17
1670090314.503675; 723177; 17
1670090314.528675; 723202; 17
1670090314.553678; 723227; 17
1670090314.578671; 723252; 17
1670090314.603669; 723277; 17
1670090314.628670; 723302; 17
1670090314.653674; 723327; 17
1670090314.678671; 723352; 17
1670090314.703669; 723377; 17
1670090314.728669; 723402; 17
1670090314.753680; 723427; 17
1670090314.778676; 723452; 17
1670090314.803675; 723477; 17
1670090314.828675; 723502; 17
1670090314.853680; 723527; 17
1670090314.878676; 723552; 17
1670090314.903675; 723577; 17
1670090314.928675; 723602; 17
1670090314.953683; 723627; 17
1670090314.978676; 723652; 17
1670090315.003675; 723677; 17
1670090315.028671; 723702; 17
1670090315.053681; 723727; 17
1670090315.078672; 723752; 17
1670090315.103671; 723777; 17
1670090315.128675; 723802; 17
1670090315.153680; 723827; 17
1670090315.178676; 723852; 17
1670090315.203675; 723877; 17
1670090315.228675; 723902; 17
1670090315.253675; 723927; 17
1670090315.278680; 723952; 17
1670090315.303676; 723977; 17
1670090315.328675; 724002; 17
1670090315.353675; 724027; 17
1670090315.378678; 724052; 17
1670090315.403671; 724077; 17
1670090315.428670; 724102; 17
1670090315.453670; 724127; 17
1670090315.478674; 724152; 17
1670090315.503671; 724177; 17
1670090315.528670; 724202; 17
1670090315.553669; 724227; 17
1670090315.578675; 724252; 17
1670090315.603671; 724277; 17
1670090315.628669; 724302; 17
1670090315.653669; 724327; 17
1670090315.678674; 724352; 17
1670090315.703671; 724377; 17
1670090315.728669; 724402; 17
1670090315.753669; 724427; 17
1670090315.778678; 724452; 17
1670090315.803676; 724477; 17
1670090315.828678; 724502; 17
1670090315.853669; 724527; 17
1670090315.878680; 724552; 17
1670090315.903676; 724577; 17
1670090315.928675; 724602; 17
1670090315.953675; 724627; 17
1670090315.978680; 724652; 17
1670090316.003671; 724677; 17
1670090316.028676; 724702; 17
1670090316.053676; 724727; 17
1670090316.078676; 724752; 17
1670090316.103681; 724777; 17
1670090316.128671; 724802; 17
1670090316.153670; 724827; 17
1670090316.178669; 724852; 17
1670090316.203683; 724877; 17
1670090316.228671; 724902; 17
1670090316.253675; 724927; 17
1670090316.278675; 724952; 17
1670090316.303680; 724977; 17
1670090316.328676; 725002; 17
1670090316.353675; 725027; 17
1670090316.378669; 725052; 17
1670090316.403680; 725077; 17
1670090316.428676; 725102; 17
1670090316.453675; 725127; 17
1670090316.478675; 725152; 17
1670090316.503680; 725177; 17
1670090316.528676; 725202; 17
1670090316.553675; 725227; 17
1670090316.578675; 725252; 17
1670090316.603678; 725277; 17
1670090316.628671; 725302; 17
1670090316.653675; 725327; 17
1670090316.678675; 725352; 17
1670090316.703680; 725377; 17
1670090316.728676; 725402; 17
1670090316.753675; 725427; 17
1670090316.778675; 725452; 17
1670090316.803679; 725477; 17
1670090316.828677; 725502; 17
1670090316.853669; 725527; 17
1670090316.878675; 725552; 17
1670090316.903675; 725577; 17
1670090316.928674; 725602; 17
1670090316.953671; 725627; 17
1670090316.978669; 725652; 17
1670090317.003669; 725677; 17
1670090317.028679; 725702; 17
1670090317.053672; 725727; 17
1670090317.078676; 725752; 17
1670090317.103676; 725777; 17
1670090317.128680; 725802; 17
1670090317.153676; 725827; 17
1670090317.178675; 725852; 17
1670090317.203675; 725877; 17
1670090317.228680; 725902; 17
1670090317.253676; 725927; 17
1670090317.278675; 725952; 17
1670090317.303675; 725977; 17
1670090317.328680; 726002; 17
1670090317.353676; 726027; 17
1670090317.378670; 726052; 17
1670090317.403669; 726077; 17
1670090317.428683; 726102; 17
1670090317.453676; 726127; 17
1670090317.478675; 726152; 17
1670090317.503675; 726177; 17
1670090317.528680; 726202; 17
1670090317.553676; 726227; 17
1670090317.578675; 726252; 17
1670090317.603675; 726277; 17
1670090317.628702; 726302; 17
1670090317.653672; 726327; 17
1670090317.678675; 726352; 17
1670090317.703675; 726377; 17
1670090317.728675; 726402; 17
1670090317.753674; 726427; 17
1670090317.778671; 726452; 17
1670090317.803670; 726477; 17
1670090317.828670; 726502; 17
1670090317.853683; 726527; 17
1670090317.878671; 726552; 17
1670090317.903670; 726577; 17
1670090317.928670; 726602; 17
1670090317.953674; 726627; 17
1670090317.978671; 726652; 17
1670090318.003669; 726677; 17
1670090318.028694; 726702; 17
1670090318.053675; 726727; 17
1670090318.078672; 726752; 17
1670090318.103671; 726777; 17
1670090318.128669; 726802; 17
1670090318.153674; 726827; 17
1670090318.178671; 726852; 17
1670090318.203669; 726877; 17
1670090318.228669; 726902; 17
1670090318.253678; 726927; 17
1670090318.278671; 726952; 17
1670090318.303675; 726977; 17
1670090318.328675; 727002; 17
1670090318.353680; 727027; 17
1670090318.378671; 727052; 17
1670090318.403670; 727077; 17
1670090318.428669; 727102; 17
1670090318.453669; 727127; 17
1670090318.478674; 727152; 17
1670090318.503671; 727177; 17
1670090318.528669; 727202; 17
1670090318.553669; 727227; 17
1670090318.578674; 727252; 17
1670090318.603671; 727277; 17
1670090318.628670; 727302; 17
1670090318.653675; 727327; 17
1670090318.678683; 727352; 17
1670090318.703676; 727377; 17
1670090318.728675; 727402; 17
1670090318.753675; 727427; 17
1670090318.778680; 727452; 17
1670090318.803676; 727477; 17
1670090318.828675; 727502; 17
1670090318.853692; 727527; 17
1670090318.878679; 727552; 17
1670090318.903676; 727577; 17
1670090318.928675; 727602; 17
1670090318.953675; 727627; 17
1670090318.978680; 727652; 17
1670090319.003676; 727677; 17
1670090319.028671; 727702; 17
1670090319.053694; 727727; 17
1670090319.078679; 727752; 17
1670090319.103672; 727777; 17
1670090319.128675; 727802; 17
1670090319.153675; 727827; 17
1670090319.178680; 727852; 17
1670090319.203676; 727877; 17
1670090319.228675; 727902; 17
1670090319.253675; 727927; 17
1670090319.278670; 727952; 17
1670090319.303674; 727977; 17
1670090319.328671; 728002; 17
1670090319.353669; 728027; 17
1670090319.378675; 728052; 17
1670090319.403680; 728077; 17
1670090319.428676; 728102; 17
1670090319.453675; 728127; 17
1670090319.478675; 728152; 17
1670090319.503683; 728177; 17
1670090319.528676; 728202; 17
1670090319.553675; 728227; 17
1670090319.578675; 728252; 17
1670090319.603680; 728277; 17
1670090319.628676; 728302; 17
1670090319.653675; 728327; 17
1670090319.678669; 728352; 17
1670090319.703674; 728377; 17
1670090319.728671; 728402; 17
1670090319.753669; 728427; 17
1670090319.778669; 728452; 17
1670090319.803674; 728477; 17
1670090319.828671; 728502; 17
1670090319.853670; 728527; 18
1670090319.878674; 728552; 18
1670090319.903678; 728577; 18
1670090319.928676; 728602; 18
1670090319.953675; 728627; 18
1670090319.978675; 728652; 18
1670090320.003673; 728677; 18
1670090320.028678; 728702; 18
1670090320.053676; 728727; 18
1670090320.078676; 728752; 18
1670090320.103676; 728777; 18
1670090320.128674; 728802; 18
1670090320.153671; 728827; 18
1670090320.178670; 728852; 18
1670090320.203670; 728877; 18
1670090320.228674; 728902; 18
1670090320.253671; 728927; 18
1670090320.278669; 728952; 18
1670090320.303669; 728977; 18
1670090320.328678; 729002; 18
1670090320.353676; 729027; 18
1670090320.378670; 729052; 18
1670090320.403669; 729077; 18
1670090320.428674; 729102; 18
1670090320.453671; 729127; 18
1670090320.478669; 729152; 18
1670090320.503675; 729177; 18
1670090320.528680; 729202; 18
1670090320.553676; 729227; 18
1670090320.578675; 729252; 18
1670090320.603675; 729277; 18
1670090320.628680; 729302; 18
1670090320.653676; 729327; 18
1670090320.678675; 729352; 18
1670090320.703669; 729377; 18
1670090320.728683; 729402; 18
1670090320.753676; 729427; 18
1670090320.778675; 729452; 18
1670090320.803675; 729477; 18
1670090320.828673; 729502; 18
1670090320.853672; 729527; 18
1670090320.878675; 729552; 18
1670090320.903670; 729577; 18
1670090320.928670; 729602; 18
1670090320.953674; 729627; 18
1670090320.978671; 729652; 18
1670090321.003670; 729677; 18
1670090321.028676; 729702; 18
1670090321.053681; 729727; 18
1670090321.078672; 729752; 18
1670090321.103675; 729777; 18
1670090321.128675; 729802; 18
1670090321.153686; 729827; 18
1670090321.178671; 729852; 18
1670090321.203669; 729877; 18
1670090321.228670; 729902; 18
1670090321.253674; 729927; 18
1670090321.278671; 729952; 19
1670090321.303669; 729977; 19
1670090321.328670; 730002; 19
1670090321.353674; 730027; 19
1670090321.378676; 730052; 19
1670090321.403675; 730077; 19
1670090321.428675; 730102; 19
1670090321.453680; 730127; 19
1670090321.478676; 730152; 18
1670090321.503675; 730177; 18
1670090321.528675; 730202; 18
1670090321.553683; 730227; 18
1670090321.578676; 730252; 18
1670090321.603675; 730277; 18
1670090321.628675; 730302; 18
1670090321.653675; 730327; 18
1670090321.678680; 730352; 19
1670090321.703676; 730377; 19
1670090321.728675; 730402; 19
1670090321.753675; 730427; 19
1670090321.778680; 730452; 19
1670090321.803676; 730477; 19
1670090321.828675; 730502; 19
1670090321.853675; 730527; 19
1670090321.878679; 730552; 19
1670090321.903676; 730577; 19
1670090321.928669; 730602; 19
1670090321.953669; 730627; 19
1670090321.978683; 730652; 19
1670090322.003676; 730677; 19
1670090322.028671; 730702; 19
1670090322.053671; 730727; 19
1670090322.078681; 730752; 19
1670090322.103672; 730777; 20
1670090322.128675; 730802; 20
1670090322.153669; 730827; 20
1670090322.178674; 730852; 20
1670090322.203671; 730877; 20
1670090322.228670; 730902; 20
1670090322.253669; 730927; 20
1670090322.278674; 730952; 20
1670090322.303671; 730977; 21
1670090322.328670; 731002; 21
1670090322.353675; 731027; 21
1670090322.378683; 731052; 21
1670090322.403676; 731077; 20
1670090322.428675; 731102; 20
1670090322.453675; 731127; 20
1670090322.478675; 731152; 20
1670090322.503680; 731177; 21
1670090322.528676; 731202; 21
1670090322.553675; 731227; 21
1670090322.578675; 731252; 21
1670090322.603680; 731277; 22
1670090322.628676; 731302; 22
1670090322.653675; 731327; 22
1670090322.678675; 731352; 22
1670090322.703680; 731377; 21
1670090322.728676; 731402; 21
1670090322.753675; 731427; 21
1670090322.778675; 731452; 21
1670090322.803683; 731477; 21
1670090322.828676; 731502; 21
1670090322.853675; 731527; 21
1670090322.878675; 731552; 21
1670090322.903680; 731577; 21
1670090322.928676; 731602; 21
1670090322.953675; 731627; 21
1670090322.978675; 731652; 21
1670090323.003680; 731677; 21
1670090323.028672; 731702; 22
1670090323.053671; 731727; 22
1670090323.078676; 731752; 22
