1670089898.767679; 307440; 21
1670089898.791673; 307465; 21
1670089898.816675; 307490; 21
1670089898.841675; 307515; 21
1670089898.866675; 307540; 21
1670089898.891689; 307565; 21
1670089898.916676; 307590; 22
1670089898.941669; 307615; 22
1670089898.966670; 307640; 22
1670089898.991674; 307665; 22
1670089899.016671; 307690; 23
1670089899.041676; 307715; 23
1670089899.066676; 307740; 23
1670089899.091681; 307765; 23
1670089899.116677; 307790; 23
1670089899.141669; 307815; 23
1670089899.166669; 307840; 23
1670089899.191674; 307865; 23
1670089899.216676; 307890; 23
1670089899.241669; 307915; 23
1670089899.266669; 307940; 23
1670089899.422912; 308096; 24
1670089899.447671; 308121; 24
1670089899.472675; 308146; 24
1670089899.497675; 308171; 24
1670089899.522680; 308196; 24
1670089899.547676; 308221; 24
1670089899.572669; 308246; 24
1670089899.597669; 308271; 24
1670089899.622679; 308296; 24
1670089899.647676; 308321; 24
1670089899.672669; 308346; 24
1670089899.697669; 308371; 24
1670089899.722670; 308396; 24
1670089899.747674; 308421; 24
1670089899.772671; 308446; 24
1670089899.797669; 308471; 24
1670089899.822670; 308496; 25
1670089899.847683; 308521; 25
1670089899.872676; 308546; 25
1670089899.897669; 308571; 25
1670089899.922670; 308596; 26
1670089899.947674; 308621; 26
1670089899.972671; 308646; 26
1670089899.997669; 308671; 26
1670089900.022675; 308696; 26
1670089900.047681; 308721; 26
1670089900.072677; 308746; 26
1670089900.097676; 308771; 26
1670089900.122676; 308796; 26
1670089900.147674; 308821; 26
1670089900.172671; 308846; 26
1670089900.197669; 308871; 26
1670089900.222670; 308896; 26
1670089900.247683; 308921; 25
1670089900.272671; 308946; 25
1670089900.297670; 308971; 25
1670089900.322670; 308996; 25
1670089900.347674; 309021; 25
1670089900.372676; 309046; 25
1670089900.397669; 309071; 25
1670089900.422669; 309096; 25
1670089900.447674; 309121; 25
1670089900.472671; 309146; 25
1670089900.497670; 309171; 25
1670089900.522669; 309196; 25
1670089900.547670; 309221; 26
1670089900.572674; 309246; 26
1670089900.597671; 309271; 26
1670089900.622669; 309296; 26
1670089900.647675; 309321; 27
1670089900.672683; 309346; 27
1670089900.697676; 309371; 27
1670089900.722669; 309396; 27
1670089900.747670; 309421; 25
1670089900.772674; 309446; 25
1670089900.797671; 309471; 25
1670089900.822670; 309496; 25
1670089900.847675; 309521; 25
1670089900.872674; 309546; 25
1670089900.897671; 309571; 25
1670089900.922669; 309596; 25
1670089900.947669; 309621; 25
1670089900.972674; 309646; 25
1670089900.997671; 309671; 25
1670089901.022670; 309696; 25
1670089901.047672; 309721; 24
1670089901.072679; 309746; 24
1670089901.097678; 309771; 24
1670089901.122676; 309796; 24
1670089901.147669; 309821; 23
1670089901.172674; 309846; 23
1670089901.197671; 309871; 23
1670089901.222670; 309896; 23
1670089901.247669; 309921; 23
1670089901.272673; 309946; 24
1670089901.297672; 309971; 24
1670089901.322675; 309996; 24
1670089901.347675; 310021; 24
1670089901.372669; 310046; 24
1670089901.397680; 310071; 24
1670089901.422676; 310096; 24
1670089901.447669; 310121; 24
1670089901.472675; 310146; 24
1670089901.497683; 310171; 24
1670089901.522671; 310196; 24
1670089901.547670; 310221; 24
1670089901.572670; 310246; 24
1670089901.597674; 310271; 24
1670089901.622671; 310296; 24
1670089901.647670; 310321; 24
1670089901.672669; 310346; 24
1670089901.697674; 310371; 24
1670089901.722671; 310396; 24
1670089901.747669; 310421; 24
1670089901.772670; 310446; 24
1670089901.797674; 310471; 24
1670089901.822671; 310496; 24
1670089901.847670; 310521; 24
1670089901.872675; 310546; 25
1670089901.897678; 310571; 25
1670089901.922676; 310596; 25
1670089901.947669; 310621; 25
1670089901.972669; 310646; 25
1670089901.997674; 310671; 25
1670089902.022671; 310696; 25
1670089902.047676; 310721; 25
1670089902.072676; 310746; 24
1670089902.097674; 310771; 24
1670089902.122673; 310796; 24
1670089902.147675; 310821; 24
1670089902.172675; 310846; 24
1670089902.197675; 310871; 24
1670089902.222674; 310896; 24
1670089902.247671; 310921; 24
1670089902.272670; 310946; 24
1670089902.297670; 310971; 24
1670089902.322683; 310996; 24
1670089902.347676; 311021; 24
1670089902.372675; 311046; 24
1670089902.397675; 311071; 24
1670089902.422680; 311096; 24
1670089902.447676; 311121; 24
1670089902.472669; 311146; 24
1670089902.497669; 311171; 25
1670089902.522674; 311196; 25
1670089902.547671; 311221; 25
1670089902.572669; 311246; 25
1670089902.597670; 311271; 25
1670089902.622674; 311296; 25
1670089902.647671; 311321; 25
1670089902.672669; 311346; 25
1670089902.697670; 311371; 24
1670089902.722678; 311396; 24
1670089902.747676; 311421; 24
1670089902.772669; 311446; 24
1670089902.797669; 311471; 24
1670089902.822674; 311496; 24
1670089902.847671; 311521; 24
1670089902.872675; 311546; 24
1670089902.897669; 311571; 24
1670089902.922669; 311596; 24
1670089902.947674; 311621; 24
1670089902.972671; 311646; 24
1670089902.997669; 311671; 24
1670089903.022669; 311696; 24
1670089903.047681; 311721; 24
1670089903.072677; 311746; 24
1670089903.097682; 311771; 25
1670089903.122676; 311796; 25
1670089903.147678; 311821; 25
1670089903.172671; 311846; 25
1670089903.197670; 311871; 25
1670089903.222669; 311896; 25
1670089903.247674; 311921; 25
1670089903.272671; 311946; 25
1670089903.297688; 311971; 24
1670089903.322675; 311996; 24
1670089903.347674; 312021; 24
1670089903.372676; 312046; 24
1670089903.397669; 312071; 24
1670089903.422670; 312096; 24
1670089903.447674; 312121; 24
1670089903.472671; 312146; 24
1670089903.497670; 312171; 24
1670089903.522669; 312196; 24
1670089903.547683; 312221; 24
1670089903.572676; 312246; 24
1670089903.597670; 312271; 24
1670089903.622670; 312296; 24
1670089903.647674; 312321; 24
1670089903.672671; 312346; 24
1670089903.697670; 312371; 24
1670089903.722670; 312396; 24
1670089903.747670; 312421; 24
1670089903.772674; 312446; 24
1670089903.797671; 312471; 24
1670089903.822669; 312496; 22
1670089903.847670; 312521; 22
1670089903.872674; 312546; 22
1670089903.897671; 312571; 22
1670089903.922670; 312596; 20
1670089903.947670; 312621; 20
1670089903.972683; 312646; 20
1670089903.997671; 312671; 20
1670089904.022669; 312696; 19
1670089904.047676; 312721; 19
1670089904.072681; 312746; 19
1670089904.097677; 312771; 19
1670089904.122711; 312796; 19
1670089904.147669; 312821; 19
1670089904.172674; 312846; 19
1670089904.197671; 312871; 19
1670089904.222669; 312896; 19
1670089904.247669; 312921; 19
1670089904.272674; 312946; 19
1670089904.297671; 312971; 19
1670089904.322687; 312996; 19
1670089904.347669; 313021; 19
1670089904.372683; 313046; 19
1670089904.397676; 313071; 19
1670089904.422670; 313096; 20
1670089904.447670; 313121; 20
1670089904.472678; 313146; 20
1670089904.497677; 313171; 20
1670089904.522669; 313196; 20
1670089904.547675; 313221; 20
1670089904.572675; 313246; 20
1670089904.597674; 313271; 20
1670089904.622671; 313296; 20
1670089904.647669; 313321; 20
1670089904.672669; 313346; 20
1670089904.697674; 313371; 20
1670089904.722671; 313396; 20
1670089904.747669; 313421; 20
1670089904.772670; 313446; 20
1670089904.797683; 313471; 20
1670089904.822671; 313496; 20
1670089904.847669; 313521; 20
1670089904.872669; 313546; 20
1670089904.897674; 313571; 20
1670089904.922671; 313596; 20
1670089904.947675; 313621; 20
1670089904.972675; 313646; 20
1670089904.997674; 313671; 20
1670089905.022671; 313696; 20
1670089905.047676; 313721; 20
1670089905.072676; 313746; 20
1670089905.097681; 313771; 20
1670089905.122677; 313796; 20
1670089905.147675; 313821; 20
1670089905.172675; 313846; 20
1670089905.197683; 313871; 20
1670089905.222676; 313896; 20
1670089905.247670; 313921; 20
1670089905.272670; 313946; 20
1670089905.297678; 313971; 20
1670089905.322677; 313996; 20
1670089905.347671; 314021; 21
1670089905.372675; 314046; 21
1670089905.397675; 314071; 21
1670089905.422674; 314096; 21
1670089905.447671; 314121; 24
1670089905.472670; 314146; 24
1670089905.497669; 314171; 24
1670089905.522674; 314196; 24
1670089905.547671; 314221; 25
1670089905.572675; 314246; 25
1670089905.597675; 314271; 25
1670089905.622678; 314296; 25
1670089905.647676; 314321; 25
1670089905.672670; 314346; 25
1670089905.697669; 314371; 25
1670089905.722674; 314396; 25
1670089905.747671; 314421; 25
1670089905.772675; 314446; 25
1670089905.797675; 314471; 25
1670089905.822674; 314496; 25
1670089905.847671; 314521; 25
1670089905.872669; 314546; 25
1670089905.897670; 314571; 25
1670089905.922674; 314596; 25
1670089905.947671; 314621; 25
1670089905.972675; 314646; 26
1670089905.997675; 314671; 26
1670089906.022683; 314696; 26
1670089906.047672; 314721; 26
1670089906.072671; 314746; 27
1670089906.097671; 314771; 27
1670089906.122671; 314796; 27
1670089906.147674; 314821; 27
1670089906.172676; 314846; 27
1670089906.197669; 314871; 27
1670089906.222669; 314896; 27
1670089906.247674; 314921; 27
1670089906.272671; 314946; 25
1670089906.297669; 314971; 25
1670089906.322669; 314996; 25
1670089906.347674; 315021; 25
1670089906.372676; 315046; 25
1670089906.397675; 315071; 25
1670089906.422678; 315096; 25
1670089906.447683; 315121; 25
1670089906.472671; 315146; 25
1670089906.497669; 315171; 25
1670089906.522669; 315196; 25
1670089906.547674; 315221; 25
1670089906.572671; 315246; 25
1670089906.597675; 315271; 25
1670089906.622675; 315296; 25
1670089906.647674; 315321; 25
1670089906.672671; 315346; 25
1670089906.697669; 315371; 25
1670089906.722669; 315396; 25
1670089906.747674; 315421; 25
1670089906.772671; 315446; 26
1670089906.797669; 315471; 26
1670089906.822669; 315496; 26
1670089906.847683; 315521; 26
1670089906.872671; 315546; 26
1670089906.897670; 315571; 26
1670089906.922669; 315596; 26
1670089906.947670; 315621; 26
1670089906.972674; 315646; 27
1670089906.997671; 315671; 27
1670089907.022669; 315696; 27
1670089907.047676; 315721; 27
1670089907.072681; 315746; 27
1670089907.097677; 315771; 26
1670089907.122676; 315796; 26
1670089907.147670; 315821; 26
1670089907.172674; 315846; 26
1670089907.197671; 315871; 25
1670089907.222669; 315896; 25
1670089907.247675; 315921; 25
1670089907.272683; 315946; 25
1670089907.297671; 315971; 26
1670089907.322669; 315996; 26
1670089907.347669; 316021; 26
1670089907.372679; 316046; 26
1670089907.397671; 316071; 26
1670089907.422670; 316096; 26
1670089907.447670; 316121; 26
1670089907.472674; 316146; 26
1670089907.497671; 316171; 27
1670089907.522669; 316196; 27
1670089907.547669; 316221; 27
1670089907.572674; 316246; 27
1670089907.597671; 316271; 28
1670089907.622675; 316296; 28
1670089907.647675; 316321; 28
1670089907.672677; 316346; 28
1670089907.697677; 316371; 29
1670089907.722669; 316396; 29
1670089907.747669; 316421; 29
1670089907.772669; 316446; 29
1670089907.797674; 316471; 28
1670089907.822671; 316496; 28
1670089907.847669; 316521; 28
1670089907.872669; 316546; 28
1670089907.897674; 316571; 28
1670089907.922671; 316596; 28
1670089907.947669; 316621; 28
1670089907.972669; 316646; 28
1670089907.997674; 316671; 28
1670089908.022676; 316696; 28
1670089908.047671; 316721; 28
1670089908.072676; 316746; 28
1670089908.097679; 316771; 28
1670089908.122672; 316796; 28
1670089908.147675; 316821; 28
1670089908.172675; 316846; 28
1670089908.197680; 316871; 28
1670089908.222676; 316896; 28
1670089908.247670; 316921; 28
1670089908.272669; 316946; 28
1670089908.297674; 316971; 28
1670089908.322671; 316996; 27
1670089908.347670; 317021; 27
1670089908.372675; 317046; 27
1670089908.397674; 317071; 27
1670089908.422670; 317096; 27
1670089908.447675; 317121; 27
1670089908.472669; 317146; 27
1670089908.497677; 317171; 27
1670089908.522677; 317196; 28
1670089908.547670; 317221; 28
1670089908.572670; 317246; 28
1670089908.597670; 317271; 28
1670089908.622710; 317296; 28
1670089908.647676; 317321; 28
1670089908.672670; 317346; 28
1670089908.697669; 317371; 28
1670089908.722674; 317396; 28
1670089908.747671; 317421; 28
1670089908.772669; 317446; 28
1670089908.797669; 317471; 28
1670089908.822674; 317496; 28
1670089908.847676; 317521; 28
1670089908.872669; 317546; 28
1670089908.897675; 317571; 28
1670089908.922683; 317596; 28
1670089908.947671; 317621; 28
1670089908.972669; 317646; 28
1670089908.997670; 317671; 28
1670089909.022674; 317696; 29
1670089909.047677; 317721; 29
1670089909.072676; 317746; 29
1670089909.097676; 317771; 29
1670089909.122681; 317796; 29
1670089909.147671; 317821; 29
1670089909.172669; 317846; 29
1670089909.197669; 317871; 29
1670089909.222674; 317896; 29
1670089909.247676; 317921; 29
1670089909.272670; 317946; 29
1670089909.297669; 317971; 29
1670089909.322669; 317996; 30
1670089909.347678; 318021; 30
1670089909.372676; 318046; 30
1670089909.397670; 318071; 30
1670089909.422669; 318096; 30
1670089909.447698; 318121; 30
1670089909.472676; 318146; 30
1670089909.497669; 318171; 30
1670089909.522669; 318196; 30
1670089909.547674; 318221; 31
1670089909.572671; 318246; 31
1670089909.597669; 318271; 31
1670089909.622669; 318296; 31
1670089909.647683; 318321; 31
1670089909.672676; 318346; 31
1670089909.697669; 318371; 31
1670089909.722675; 318396; 31
1670089909.747678; 318421; 31
1670089909.772676; 318446; 31
1670089909.797669; 318471; 31
1670089909.822669; 318496; 31
1670089909.847674; 318521; 31
1670089909.872671; 318546; 31
1670089909.897669; 318571; 31
1670089909.922669; 318596; 31
1670089909.947674; 318621; 30
1670089909.972671; 318646; 30
1670089909.997669; 318671; 30
1670089910.022669; 318696; 30
1670089910.047681; 318721; 31
1670089910.072677; 318746; 31
1670089910.097676; 318771; 31
1670089910.122676; 318796; 31
1670089910.147670; 318821; 34
1670089910.172683; 318846; 34
1670089910.197671; 318871; 34
1670089910.222670; 318896; 34
1670089910.247669; 318921; 37
1670089910.272674; 318946; 37
1670089910.297671; 318971; 37
1670089910.322669; 318996; 37
1670089910.347669; 319021; 36
1670089910.372679; 319046; 36
1670089910.397676; 319071; 36
1670089910.422670; 319096; 36
1670089910.447669; 319121; 41
1670089910.472681; 319146; 41
1670089910.497671; 319171; 41
1670089910.522669; 319196; 41
1670089910.547669; 319221; 41
1670089910.572683; 319246; 42
1670089910.597671; 319271; 42
1670089910.622669; 319296; 42
1670089910.647669; 319321; 42
1670089910.672679; 319346; 40
1670089910.697676; 319371; 40
1670089910.722669; 319396; 40
1670089910.747670; 319421; 40
1670089910.772674; 319446; 43
1670089910.797671; 319471; 43
1670089910.822669; 319496; 43
1670089910.847670; 319521; 43
1670089910.872673; 319546; 45
1670089910.897677; 319571; 45
1670089910.922669; 319596; 45
1670089910.947669; 319621; 45
1670089910.972670; 319646; 35
1670089910.997678; 319671; 35
1670089911.022676; 319696; 35
1670089911.047676; 319721; 35
1670089911.072676; 319746; 24
1670089911.097675; 319771; 24
1670089911.122672; 319796; 24
1670089911.147675; 319821; 24
1670089911.172675; 319846; 22
1670089911.197674; 319871; 22
1670089911.222671; 319896; 22
1670089911.247670; 319921; 22
1670089911.272670; 319946; 20
1670089911.297679; 319971; 20
1670089911.322676; 319996; 20
1670089911.347675; 320021; 20
1670089911.372669; 320046; 21
1670089911.397683; 320071; 21
1670089911.422671; 320096; 21
1670089911.447669; 320121; 21
1670089911.472670; 320146; 21
1670089911.497680; 320171; 21
1670089911.522676; 320196; 21
1670089911.547669; 320221; 21
1670089911.572669; 320246; 20
1670089911.597674; 320271; 20
1670089911.622671; 320296; 20
1670089911.647669; 320321; 20
1670089911.672669; 320346; 20
1670089911.697678; 320371; 20
1670089911.722672; 320396; 20
1670089911.747670; 320421; 20
1670089911.772669; 320446; 20
1670089911.797669; 320471; 21
1670089911.822683; 320496; 21
1670089911.847671; 320521; 21
1670089911.872669; 320546; 21
1670089911.897670; 320571; 21
1670089911.922680; 320596; 21
1670089911.947676; 320621; 21
1670089911.972669; 320646; 21
1670089911.997669; 320671; 21
1670089912.022674; 320696; 21
1670089912.047677; 320721; 21
1670089912.072676; 320746; 21
1670089912.097676; 320771; 21
1670089912.122681; 320796; 21
1670089912.147671; 320821; 21
1670089912.172669; 320846; 21
1670089912.197670; 320871; 21
1670089912.222678; 320896; 21
1670089912.247671; 320921; 21
1670089912.272670; 320946; 21
1670089912.297669; 320971; 21
1670089912.322674; 320996; 21
1670089912.347671; 321021; 21
1670089912.372675; 321046; 21
1670089912.397675; 321071; 21
1670089912.422674; 321096; 21
1670089912.447671; 321121; 21
1670089912.472670; 321146; 21
1670089912.497669; 321171; 22
1670089912.522675; 321196; 22
1670089912.547674; 321221; 22
1670089912.572671; 321246; 22
1670089912.597669; 321271; 22
1670089912.622669; 321296; 22
1670089912.647678; 321321; 22
1670089912.672676; 321346; 22
1670089912.697669; 321371; 23
1670089912.722675; 321396; 23
1670089912.747680; 321421; 23
1670089912.772676; 321446; 23
1670089912.797670; 321471; 24
1670089912.822669; 321496; 24
1670089912.847674; 321521; 24
1670089912.872671; 321546; 24
1670089912.897670; 321571; 24
1670089912.922670; 321596; 23
1670089912.947679; 321621; 23
1670089912.972676; 321646; 23
1670089912.997669; 321671; 23
1670089913.022669; 321696; 26
1670089913.047679; 321721; 26
1670089913.072672; 321746; 26
1670089913.097671; 321771; 26
1670089913.122671; 321796; 24
1670089913.147674; 321821; 24
1670089913.172671; 321846; 24
1670089913.197670; 321871; 24
1670089913.222669; 321896; 23
1670089913.247674; 321921; 23
1670089913.272671; 321946; 23
1670089913.297669; 321971; 23
1670089913.322669; 321996; 23
1670089913.347669; 322021; 23
1670089913.372680; 322046; 23
1670089913.397676; 322071; 23
1670089913.422669; 322096; 23
1670089913.447669; 322121; 23
1670089913.472678; 322146; 23
1670089913.497676; 322171; 23
1670089913.522669; 322196; 23
1670089913.547669; 322221; 23
1670089913.572674; 322246; 23
1670089913.597676; 322271; 23
1670089913.622669; 322296; 23
1670089913.647669; 322321; 23
1670089913.672674; 322346; 23
1670089913.697671; 322371; 23
1670089913.722669; 322396; 23
1670089913.747686; 322421; 23
1670089913.772679; 322446; 23
1670089913.797676; 322471; 23
1670089913.822669; 322496; 23
1670089913.847669; 322521; 23
1670089913.872678; 322546; 23
1670089913.897671; 322571; 23
1670089913.922669; 322596; 24
1670089913.947702; 322621; 24
1670089913.972680; 322646; 24
1670089913.997676; 322671; 24
1670089914.022670; 322696; 24
1670089914.047676; 322721; 24
1670089914.072674; 322746; 24
1670089914.097673; 322771; 24
1670089914.122671; 322796; 24
1670089914.147675; 322821; 25
1670089914.172669; 322846; 25
1670089914.197679; 322871; 25
1670089914.222676; 322896; 25
1670089914.247670; 322921; 25
1670089914.272669; 322946; 25
1670089914.297678; 322971; 25
1670089914.322671; 322996; 25
1670089914.347670; 323021; 24
1670089914.372675; 323046; 24
1670089914.397680; 323071; 24
1670089914.422676; 323096; 24
1670089914.447670; 323121; 24
1670089914.472669; 323146; 24
1670089914.497674; 323171; 24
1670089914.522671; 323196; 24
1670089914.547669; 323221; 24
1670089914.572675; 323246; 24
1670089914.597674; 323271; 24
1670089914.622671; 323296; 24
1670089914.647670; 323321; 24
1670089914.672670; 323346; 24
1670089914.697683; 323371; 24
1670089914.722671; 323396; 24
1670089914.747669; 323421; 24
1670089914.772698; 323446; 24
1670089914.797674; 323471; 24
1670089914.822676; 323496; 24
1670089914.847669; 323521; 25
1670089914.872669; 323546; 25
1670089914.897673; 323571; 25
1670089914.922672; 323596; 25
1670089914.947675; 323621; 25
1670089914.972683; 323646; 25
1670089914.997675; 323671; 25
1670089915.022674; 323696; 25
1670089915.047677; 323721; 25
1670089915.072676; 323746; 25
1670089915.097676; 323771; 25
1670089915.122684; 323796; 25
1670089915.147671; 323821; 25
1670089915.172669; 323846; 25
1670089915.197675; 323871; 25
1670089915.222680; 323896; 25
1670089915.247676; 323921; 25
1670089915.272670; 323946; 26
1670089915.297669; 323971; 26
1670089915.322674; 323996; 26
1670089915.347671; 324021; 26
1670089915.372675; 324046; 26
1670089915.397675; 324071; 26
1670089915.422674; 324096; 26
1670089915.447671; 324121; 26
1670089915.472669; 324146; 27
1670089915.497669; 324171; 27
1670089915.522683; 324196; 27
1670089915.547671; 324221; 27
1670089915.572670; 324246; 26
1670089915.597675; 324271; 26
1670089915.622680; 324296; 26
1670089915.647676; 324321; 26
1670089915.672669; 324346; 26
1670089915.697669; 324371; 26
1670089915.722669; 324396; 26
1670089915.747674; 324421; 26
1670089915.772671; 324446; 25
1670089915.797689; 324471; 25
1670089915.822675; 324496; 25
1670089915.847674; 324521; 25
1670089915.872676; 324546; 23
1670089915.897669; 324571; 23
1670089915.922670; 324596; 23
1670089915.947678; 324621; 23
1670089915.972676; 324646; 23
1670089915.997670; 324671; 23
1670089916.022669; 324696; 23
1670089916.047693; 324721; 23
1670089916.072677; 324746; 23
1670089916.097676; 324771; 23
1670089916.122676; 324796; 23
1670089916.147674; 324821; 23
1670089916.172671; 324846; 23
1670089916.197670; 324871; 23
1670089916.222669; 324896; 23
1670089916.247674; 324921; 23
1670089916.272671; 324946; 23
1670089916.297669; 324971; 23
1670089916.322669; 324996; 23
1670089916.347678; 325021; 23
1670089916.372676; 325046; 23
1670089916.397669; 325071; 21
1670089916.422669; 325096; 21
1670089916.447674; 325121; 21
1670089916.472671; 325146; 21
1670089916.497670; 325171; 19
1670089916.522669; 325196; 19
1670089916.547670; 325221; 19
1670089916.572674; 325246; 19
1670089916.597671; 325271; 17
1670089916.622670; 325296; 17
1670089916.647669; 325321; 17
1670089916.672674; 325346; 17
1670089916.697671; 325371; 17
1670089916.722669; 325396; 17
1670089916.747669; 325421; 17
1670089916.772683; 325446; 17
1670089916.797671; 325471; 17
1670089916.822675; 325496; 17
1670089916.847675; 325521; 17
1670089916.872679; 325546; 17
1670089916.897676; 325571; 17
1670089916.922670; 325596; 17
1670089916.947670; 325621; 17
1670089916.972674; 325646; 17
1670089916.997671; 325671; 17
1670089917.022669; 325696; 17
1670089917.047671; 325721; 17
1670089917.072675; 325746; 17
1670089917.097672; 325771; 17
1670089917.122671; 325796; 17
1670089917.147675; 325821; 17
1670089917.172683; 325846; 17
1670089917.197671; 325871; 16
1670089917.222670; 325896; 16
1670089917.247669; 325921; 16
1670089917.272678; 325946; 16
1670089917.297677; 325971; 17
1670089917.322669; 325996; 17
1670089917.347670; 326021; 17
1670089917.372675; 326046; 17
1670089917.397674; 326071; 17
1670089917.422671; 326096; 17
1670089917.447675; 326121; 17
1670089917.472675; 326146; 17
1670089917.497674; 326171; 17
1670089917.522671; 326196; 17
1670089917.547670; 326221; 17
1670089917.572669; 326246; 17
1670089917.597678; 326271; 17
1670089917.622671; 326296; 16
1670089917.647670; 326321; 16
1670089917.672670; 326346; 16
1670089917.697680; 326371; 16
1670089917.722676; 326396; 16
1670089917.747669; 326421; 16
1670089917.772669; 326446; 16
1670089917.797674; 326471; 16
1670089917.822671; 326496; 17
1670089917.847669; 326521; 17
1670089917.872669; 326546; 17
1670089917.897674; 326571; 17
1670089917.922671; 326596; 17
1670089917.947670; 326621; 17
1670089917.972669; 326646; 17
1670089917.997678; 326671; 17
1670089918.022676; 326696; 16
1670089918.047676; 326721; 16
1670089918.072671; 326746; 16
1670089918.097674; 326771; 16
1670089918.122673; 326796; 16
1670089918.147675; 326821; 16
1670089918.172675; 326846; 16
1670089918.197675; 326871; 16
1670089918.222674; 326896; 16
1670089918.247671; 326921; 16
1670089918.272675; 326946; 16
1670089918.297675; 326971; 16
1670089918.322674; 326996; 17
1670089918.347671; 327021; 17
1670089918.372675; 327046; 17
1670089918.397675; 327071; 17
1670089918.422678; 327096; 17
1670089918.447676; 327121; 17
1670089918.472669; 327146; 17
1670089918.497670; 327171; 17
1670089918.522680; 327196; 16
1670089918.547676; 327221; 16
1670089918.572669; 327246; 16
1670089918.597670; 327271; 16
1670089918.622674; 327296; 16
1670089918.647671; 327321; 16
1670089918.672675; 327346; 16
1670089918.697675; 327371; 16
1670089918.722674; 327396; 16
1670089918.747671; 327421; 16
1670089918.772669; 327446; 16
1670089918.797670; 327471; 16
1670089918.822678; 327496; 16
1670089918.847676; 327521; 17
1670089918.872675; 327546; 17
1670089918.897675; 327571; 17
1670089918.922675; 327596; 17
1670089918.947680; 327621; 16
1670089918.972676; 327646; 16
1670089918.997670; 327671; 16
1670089919.022674; 327696; 16
1670089919.047680; 327721; 16
1670089919.072686; 327746; 16
1670089919.097672; 327771; 16
1670089919.122672; 327796; 16
1670089919.147679; 327821; 16
1670089919.172676; 327846; 16
1670089919.197674; 327871; 16
1670089919.222674; 327896; 16
1670089919.247679; 327921; 17
1670089919.272686; 327946; 17
1670089919.297670; 327971; 17
1670089919.322669; 327996; 17
1670089919.347680; 328021; 17
1670089919.372671; 328046; 17
1670089919.397670; 328071; 17
1670089919.422669; 328096; 17
1670089919.447674; 328121; 16
1670089919.472671; 328146; 16
1670089919.497670; 328171; 16
1670089919.522669; 328196; 16
1670089919.547674; 328221; 16
1670089919.572671; 328246; 16
1670089919.597669; 328271; 16
1670089919.622670; 328296; 16
1670089919.647683; 328321; 17
1670089919.672671; 328346; 17
1670089919.697670; 328371; 17
1670089919.722670; 328396; 17
1670089919.747675; 328421; 17
1670089919.772680; 328446; 17
1670089919.797676; 328471; 17
1670089919.822670; 328496; 17
1670089919.847669; 328521; 17
1670089919.872674; 328546; 17
1670089919.897676; 328571; 17
1670089919.922670; 328596; 17
1670089919.947670; 328621; 17
1670089919.972674; 328646; 16
1670089919.997671; 328671; 16
1670089920.022670; 328696; 16
1670089920.047676; 328721; 16
1670089920.072684; 328746; 16
1670089920.097696; 328771; 16
1670089920.122676; 328796; 16
1670089920.147670; 328821; 16
1670089920.172674; 328846; 17
1670089920.197671; 328871; 17
1670089920.222670; 328896; 17
1670089920.247670; 328921; 17
1670089920.272674; 328946; 17
1670089920.297680; 328971; 17
1670089920.322669; 328996; 17
1670089920.347670; 329021; 17
1670089920.372679; 329046; 17
1670089920.397676; 329071; 17
1670089920.422670; 329096; 17
1670089920.447669; 329121; 17
1670089920.472677; 329146; 18
1670089920.497677; 329171; 18
1670089920.522669; 329196; 18
1670089920.547670; 329221; 18
1670089920.572669; 329246; 18
1670089920.597674; 329271; 18
1670089920.622671; 329296; 18
1670089920.647670; 329321; 18
1670089920.672669; 329346; 18
1670089920.697674; 329371; 18
1670089920.722671; 329396; 18
1670089920.747670; 329421; 18
1670089920.772669; 329446; 18
1670089920.797674; 329471; 18
1670089920.822671; 329496; 18
1670089920.847670; 329521; 18
1670089920.872670; 329546; 18
1670089920.897678; 329571; 18
1670089920.922671; 329596; 18
1670089920.947669; 329621; 18
1670089920.972675; 329646; 18
1670089920.997680; 329671; 18
1670089921.022676; 329696; 18
1670089921.047676; 329721; 18
1670089921.072676; 329746; 18
1670089921.097681; 329771; 18
1670089921.122677; 329796; 18
1670089921.147670; 329821; 18
1670089921.172669; 329846; 18
1670089921.197674; 329871; 18
1670089921.222671; 329896; 18
1670089921.247669; 329921; 18
1670089921.272670; 329946; 18
1670089921.297677; 329971; 18
1670089921.322681; 329996; 18
1670089921.347675; 330021; 18
1670089921.372687; 330046; 18
1670089921.397670; 330071; 18
1670089921.422674; 330096; 18
1670089921.447671; 330121; 18
1670089921.472670; 330146; 18
1670089921.497670; 330171; 19
1670089921.522674; 330196; 19
1670089921.547676; 330221; 19
1670089921.572669; 330246; 19
1670089921.597670; 330271; 19
1670089921.622674; 330296; 19
1670089921.647671; 330321; 19
1670089921.672669; 330346; 19
1670089921.697669; 330371; 18
1670089921.722683; 330396; 18
1670089921.747676; 330421; 18
1670089921.772669; 330446; 18
1670089921.797675; 330471; 17
1670089921.822680; 330496; 17
1670089921.847676; 330521; 17
1670089921.872675; 330546; 17
1670089921.897675; 330571; 17
1670089921.922674; 330596; 17
1670089921.947671; 330621; 17
1670089921.972669; 330646; 17
1670089921.997670; 330671; 19
1670089922.022680; 330696; 19
1670089922.047672; 330721; 19
1670089922.072671; 330746; 19
1670089922.097671; 330771; 19
1670089922.122671; 330796; 19
1670089922.147683; 330821; 19
1670089922.172671; 330846; 19
1670089922.197669; 330871; 19
1670089922.222669; 330896; 18
1670089922.247674; 330921; 18
1670089922.272671; 330946; 18
1670089922.297669; 330971; 18
1670089922.322669; 330996; 19
1670089922.347674; 331021; 19
1670089922.372676; 331046; 19
1670089922.397669; 331071; 19
1670089922.422669; 331096; 19
1670089922.447674; 331121; 19
1670089922.472671; 331146; 19
1670089922.497670; 331171; 19
1670089922.522669; 331196; 19
1670089922.547678; 331221; 19
1670089922.572676; 331246; 19
1670089922.597669; 331271; 19
1670089922.622670; 331296; 18
1670089922.647674; 331321; 18
1670089922.672671; 331346; 18
1670089922.697669; 331371; 18
1670089922.722669; 331396; 18
1670089922.747674; 331421; 18
1670089922.772676; 331446; 18
1670089922.797669; 331471; 18
1670089922.822675; 331496; 18
1670089922.847674; 331521; 18
1670089922.872671; 331546; 18
1670089922.897669; 331571; 18
1670089922.922670; 331596; 18
1670089922.947669; 331621; 18
1670089922.972678; 331646; 18
1670089922.997676; 331671; 18
1670089923.022670; 331696; 18
1670089923.047676; 331721; 18
1670089923.072681; 331746; 18
1670089923.097677; 331771; 18
1670089923.122676; 331796; 18
1670089923.147669; 331821; 18
1670089923.172674; 331846; 18
1670089923.197671; 331871; 18
1670089923.222669; 331896; 19
1670089923.247670; 331921; 19
1670089923.272674; 331946; 19
1670089923.297671; 331971; 19
1670089923.322669; 331996; 19
1670089923.347669; 332021; 19
1670089923.372678; 332046; 19
1670089923.397671; 332071; 19
1670089923.422669; 332096; 19
1670089923.447669; 332121; 19
1670089923.472683; 332146; 19
1670089923.497671; 332171; 19
1670089923.522669; 332196; 19
1670089923.547669; 332221; 19
1670089923.572674; 332246; 19
1670089923.597671; 332271; 19
1670089923.622670; 332296; 19
1670089923.647669; 332321; 18
1670089923.672673; 332346; 18
1670089923.697672; 332371; 18
1670089923.722675; 332396; 18
1670089923.747675; 332421; 19
1670089923.772675; 332446; 19
1670089923.797678; 332471; 19
1670089923.822676; 332496; 19
1670089923.847670; 332521; 19
1670089923.872675; 332546; 19
1670089923.897679; 332571; 19
1670089923.922676; 332596; 19
1670089923.947670; 332621; 19
1670089923.972669; 332646; 19
1670089923.997679; 332671; 19
1670089924.022676; 332696; 19
1670089924.047676; 332721; 18
1670089924.072676; 332746; 18
1670089924.097681; 332771; 18
1670089924.122677; 332796; 18
1670089924.147669; 332821; 19
1670089924.172669; 332846; 19
1670089924.197678; 332871; 19
1670089924.222671; 332896; 19
1670089924.247669; 332921; 19
1670089924.272670; 332946; 19
1670089924.297674; 332971; 19
1670089924.322671; 332996; 19
1670089924.347669; 333021; 19
1670089924.372669; 333046; 19
1670089924.397679; 333071; 19
1670089924.422676; 333096; 19
1670089924.447669; 333121; 19
1670089924.472669; 333146; 19
1670089924.497673; 333171; 19
1670089924.522672; 333196; 19
1670089924.547675; 333221; 19
1670089924.572675; 333246; 18
1670089924.597681; 333271; 18
1670089924.622678; 333296; 18
1670089924.647676; 333321; 18
1670089924.672669; 333346; 19
1670089924.697669; 333371; 19
1670089924.722674; 333396; 19
1670089924.747671; 333421; 19
1670089924.772669; 333446; 19
1670089924.797670; 333471; 19
1670089924.822680; 333496; 19
1670089924.847676; 333521; 19
1670089924.872675; 333546; 19
1670089924.897675; 333571; 19
1670089924.922674; 333596; 19
1670089924.947671; 333621; 19
1670089924.972669; 333646; 18
1670089924.997669; 333671; 18
1670089925.022683; 333696; 18
1670089925.047672; 333721; 18
1670089925.072671; 333746; 18
1670089925.097671; 333771; 18
1670089925.122681; 333796; 18
1670089925.147676; 333821; 18
1670089925.172669; 333846; 19
1670089925.197669; 333871; 19
1670089925.222674; 333896; 19
1670089925.247671; 333921; 19
1670089925.272669; 333946; 19
1670089925.297675; 333971; 19
1670089925.322675; 333996; 19
1670089925.347674; 334021; 19
1670089925.372676; 334046; 18
1670089925.397669; 334071; 18
1670089925.422669; 334096; 18
1670089925.447683; 334121; 18
1670089925.472671; 334146; 18
1670089925.497669; 334171; 18
1670089925.522675; 334196; 18
1670089925.547680; 334221; 18
1670089925.572676; 334246; 18
1670089925.597670; 334271; 18
1670089925.622671; 334296; 18
1670089925.647680; 334321; 18
1670089925.672676; 334346; 18
1670089925.697669; 334371; 18
1670089925.722669; 334396; 18
1670089925.747674; 334421; 18
1670089925.772671; 334446; 18
1670089925.797675; 334471; 17
1670089925.822675; 334496; 17
1670089925.847678; 334521; 17
1670089925.872676; 334546; 17
1670089925.897670; 334571; 17
1670089925.922669; 334596; 17
1670089925.947674; 334621; 17
1670089925.972671; 334646; 17
1670089925.997670; 334671; 18
1670089926.022700; 334696; 18
1670089926.047706; 334721; 18
1670089926.072672; 334746; 18
1670089926.097671; 334771; 19
1670089926.122671; 334796; 19
1670089926.147675; 334821; 19
1670089926.172674; 334846; 19
1670089926.197671; 334871; 19
1670089926.222669; 334896; 19
1670089926.247669; 334921; 19
1670089926.272678; 334946; 19
1670089926.297676; 334971; 18
1670089926.322670; 334996; 18
1670089926.347669; 335021; 18
1670089926.372674; 335046; 18
1670089926.397671; 335071; 17
1670089926.422669; 335096; 17
1670089926.447669; 335121; 17
1670089926.472674; 335146; 17
1670089926.497671; 335171; 17
1670089926.522670; 335196; 17
1670089926.547669; 335221; 17
1670089926.572674; 335246; 17
1670089926.597671; 335271; 17
1670089926.622670; 335296; 17
1670089926.647675; 335321; 17
1670089926.672683; 335346; 17
1670089926.697691; 335371; 17
1670089926.722675; 335396; 17
1670089926.747675; 335421; 17
1670089926.772680; 335446; 17
1670089926.797676; 335471; 17
1670089926.822669; 335496; 16
1670089926.847670; 335521; 16
1670089926.872679; 335546; 16
1670089926.897677; 335571; 16
1670089926.922669; 335596; 16
1670089926.947670; 335621; 16
1670089926.972670; 335646; 16
1670089926.997680; 335671; 16
1670089927.022676; 335696; 17
1670089927.047671; 335721; 17
1670089927.072671; 335746; 17
1670089927.097684; 335771; 17
1670089927.122672; 335796; 17
1670089927.147675; 335821; 17
1670089927.172675; 335846; 17
1670089927.197680; 335871; 17
1670089927.222676; 335896; 16
1670089927.247669; 335921; 16
1670089927.272675; 335946; 16
1670089927.297674; 335971; 16
1670089927.322671; 335996; 16
1670089927.347669; 336021; 16
1670089927.372669; 336046; 16
1670089927.397674; 336071; 16
1670089927.422671; 336096; 16
1670089927.447670; 336121; 16
1670089927.472670; 336146; 16
1670089927.497678; 336171; 16
1670089927.522676; 336196; 16
1670089927.547670; 336221; 16
1670089927.572669; 336246; 16
1670089927.597674; 336271; 16
1670089927.622671; 336296; 16
1670089927.647669; 336321; 16
1670089927.672670; 336346; 16
1670089927.697673; 336371; 16
1670089927.722674; 336396; 16
1670089927.747669; 336421; 16
1670089927.772669; 336446; 16
1670089927.797670; 336471; 16
1670089927.822680; 336496; 16
1670089927.847676; 336521; 16
1670089927.872675; 336546; 16
1670089927.897675; 336571; 16
1670089927.922683; 336596; 16
1670089927.947671; 336621; 16
1670089927.972669; 336646; 16
1670089927.997675; 336671; 16
1670089928.022680; 336696; 16
1670089928.047672; 336721; 16
1670089928.072671; 336746; 16
1670089928.097671; 336771; 16
1670089928.122675; 336796; 16
1670089928.147676; 336821; 16
1670089928.172670; 336846; 16
1670089928.197670; 336871; 16
1670089928.222674; 336896; 16
1670089928.247671; 336921; 16
1670089928.272670; 336946; 16
1670089928.297670; 336971; 16
1670089928.322683; 336996; 16
1670089928.347671; 337021; 16
1670089928.372670; 337046; 16
1670089928.397670; 337071; 16
1670089928.422674; 337096; 16
1670089928.447671; 337121; 16
1670089928.472669; 337146; 16
1670089928.497670; 337171; 16
1670089928.522669; 337196; 16
1670089928.547674; 337221; 16
1670089928.572671; 337246; 16
1670089928.597669; 337271; 16
1670089928.622669; 337296; 16
1670089928.647674; 337321; 16
1670089928.672671; 337346; 16
1670089928.697669; 337371; 16
1670089928.722669; 337396; 16
1670089928.747683; 337421; 16
1670089928.772671; 337446; 16
1670089928.797669; 337471; 16
1670089928.822670; 337496; 16
1670089928.847674; 337521; 16
1670089928.872676; 337546; 16
1670089928.897669; 337571; 16
1670089928.922670; 337596; 16
1670089928.947674; 337621; 16
1670089928.972676; 337646; 16
1670089928.997669; 337671; 16
1670089929.022675; 337696; 16
1670089929.047675; 337721; 16
1670089929.072677; 337746; 16
1670089929.097676; 337771; 16
1670089929.122676; 337796; 16
1670089929.147683; 337821; 16
1670089929.172671; 337846; 16
1670089929.197669; 337871; 16
1670089929.222670; 337896; 16
1670089929.247674; 337921; 16
1670089929.272671; 337946; 16
1670089929.297669; 337971; 16
1670089929.322675; 337996; 16
1670089929.347675; 338021; 16
1670089929.372674; 338046; 16
1670089929.397671; 338071; 16
1670089929.422669; 338096; 16
1670089929.447669; 338121; 16
1670089929.472674; 338146; 16
1670089929.497671; 338171; 16
1670089929.522670; 338196; 16
1670089929.547669; 338221; 16
1670089929.572678; 338246; 16
1670089929.597676; 338271; 16
1670089929.622670; 338296; 16
1670089929.647669; 338321; 16
1670089929.672674; 338346; 16
1670089929.697671; 338371; 16
1670089929.722669; 338396; 16
1670089929.747669; 338421; 16
1670089929.772679; 338446; 16
1670089929.797676; 338471; 16
1670089929.822670; 338496; 16
1670089929.847670; 338521; 16
1670089929.872680; 338546; 16
1670089929.897676; 338571; 16
1670089929.922690; 338596; 16
1670089929.947669; 338621; 16
1670089929.972683; 338646; 16
1670089929.997671; 338671; 16
1670089930.022669; 338696; 16
1670089930.047671; 338721; 16
1670089930.072674; 338746; 16
1670089930.097673; 338771; 16
1670089930.122671; 338796; 16
1670089930.147670; 338821; 16
1670089930.172670; 338846; 16
1670089930.197680; 338871; 16
1670089930.222676; 338896; 16
1670089930.247670; 338921; 16
1670089930.272669; 338946; 17
1670089930.297680; 338971; 17
1670089930.322676; 338996; 17
1670089930.347670; 339021; 17
1670089930.372675; 339046; 17
1670089930.397683; 339071; 16
1670089930.422676; 339096; 16
1670089930.447675; 339121; 16
1670089930.472675; 339146; 16
1670089930.497680; 339171; 16
1670089930.522676; 339196; 16
1670089930.547675; 339221; 16
1670089930.572675; 339246; 16
1670089930.597674; 339271; 16
1670089930.622671; 339296; 16
1670089930.647670; 339321; 16
1670089930.672670; 339346; 16
1670089930.697674; 339371; 17
1670089930.722671; 339396; 17
1670089930.747669; 339421; 17
1670089930.772669; 339446; 17
1670089930.797683; 339471; 16
1670089930.822671; 339496; 16
1670089930.847669; 339521; 16
1670089930.872675; 339546; 16
1670089930.897673; 339571; 16
1670089930.922672; 339596; 16
1670089930.947675; 339621; 16
1670089930.972675; 339646; 16
1670089930.997675; 339671; 16
1670089931.022674; 339696; 16
1670089931.047677; 339721; 16
1670089931.072676; 339746; 16
1670089931.097676; 339771; 16
1670089931.122681; 339796; 16
1670089931.147671; 339821; 16
1670089931.172670; 339846; 16
1670089931.197669; 339871; 17
1670089931.222678; 339896; 17
1670089931.247676; 339921; 17
1670089931.272669; 339946; 17
1670089931.297669; 339971; 16
1670089931.322674; 339996; 16
1670089931.347671; 340021; 16
1670089931.372670; 340046; 16
1670089931.397669; 340071; 16
1670089931.422674; 340096; 16
1670089931.447671; 340121; 16
1670089931.472669; 340146; 16
1670089931.497675; 340171; 16
1670089931.522674; 340196; 16
1670089931.547671; 340221; 16
1670089931.572675; 340246; 16
1670089931.597675; 340271; 16
1670089931.622678; 340296; 17
1670089931.647676; 340321; 17
1670089931.672669; 340346; 17
1670089931.697675; 340371; 17
1670089931.722675; 340396; 17
1670089931.747674; 340421; 17
1670089931.772671; 340446; 17
1670089931.797670; 340471; 17
1670089931.822670; 340496; 17
1670089931.847674; 340521; 17
1670089931.872676; 340546; 17
1670089931.897670; 340571; 17
1670089931.922669; 340596; 17
1670089931.947674; 340621; 17
1670089931.972671; 340646; 17
1670089931.997669; 340671; 17
1670089932.022669; 340696; 17
1670089932.047679; 340721; 17
1670089932.072672; 340746; 17
1670089932.097671; 340771; 17
1670089932.122671; 340796; 17
1670089932.147674; 340821; 17
1670089932.172671; 340846; 17
1670089932.197669; 340871; 17
1670089932.222669; 340896; 17
1670089932.247694; 340921; 17
1670089932.272671; 340946; 17
1670089932.297670; 340971; 17
1670089932.322672; 340996; 17
1670089932.347695; 341021; 17
1670089932.372671; 341046; 17
1670089932.397669; 341071; 17
1670089932.422669; 341096; 17
1670089932.447715; 341121; 17
1670089932.472671; 341146; 17
1670089932.497669; 341171; 17
1670089932.522675; 341196; 17
1670089932.547670; 341221; 17
1670089932.572674; 341246; 17
1670089932.597676; 341271; 17
1670089932.622675; 341296; 17
1670089932.647675; 341321; 17
1670089932.672680; 341346; 17
1670089932.697676; 341371; 17
1670089932.722675; 341396; 17
1670089932.747675; 341421; 17
1670089932.772680; 341446; 17
1670089932.797671; 341471; 17
1670089932.822670; 341496; 17
1670089932.847675; 341521; 17
1670089932.872683; 341546; 17
1670089932.897676; 341571; 17
1670089932.922675; 341596; 17
1670089932.947675; 341621; 17
1670089932.972680; 341646; 17
1670089932.997676; 341671; 17
1670089933.022675; 341696; 17
1670089933.047671; 341721; 17
1670089933.072675; 341746; 17
1670089933.097672; 341771; 17
1670089933.122676; 341796; 17
1670089933.147670; 341821; 17
1670089933.172674; 341846; 17
1670089933.197671; 341871; 17
1670089933.222669; 341896; 17
1670089933.247670; 341921; 17
1670089933.272677; 341946; 17
1670089933.297672; 341971; 17
1670089933.322675; 341996; 17
1670089933.347675; 342021; 17
1670089933.372669; 342046; 17
1670089933.397674; 342071; 17
1670089933.422676; 342096; 17
1670089933.447675; 342121; 17
1670089933.472670; 342146; 17
1670089933.497680; 342171; 17
1670089933.522675; 342196; 17
1670089933.547675; 342221; 17
1670089933.572675; 342246; 17
1670089933.597680; 342271; 17
1670089933.622671; 342296; 17
1670089933.647670; 342321; 16
1670089933.672670; 342346; 16
1670089933.697683; 342371; 16
1670089933.722676; 342396; 16
1670089933.747675; 342421; 17
1670089933.772675; 342446; 17
1670089933.797679; 342471; 17
1670089933.822676; 342496; 17
1670089933.847675; 342521; 17
1670089933.872675; 342546; 17
1670089933.897680; 342571; 17
1670089933.922676; 342596; 17
1670089933.947675; 342621; 17
1670089933.972675; 342646; 17
1670089933.997680; 342671; 17
1670089934.022676; 342696; 17
1670089934.047671; 342721; 17
1670089934.072676; 342746; 17
1670089934.097683; 342771; 17
1670089934.122678; 342796; 17
1670089934.147675; 342821; 17
1670089934.172675; 342846; 17
1670089934.197675; 342871; 17
1670089934.222680; 342896; 17
1670089934.247671; 342921; 17
1670089934.272669; 342946; 17
1670089934.297669; 342971; 17
1670089934.322674; 342996; 17
1670089934.347671; 343021; 17
1670089934.372675; 343046; 17
1670089934.397669; 343071; 17
1670089934.422674; 343096; 17
1670089934.447671; 343121; 17
1670089934.472669; 343146; 17
1670089934.497670; 343171; 17
1670089934.522683; 343196; 17
1670089934.547676; 343221; 17
1670089934.572675; 343246; 17
1670089934.597675; 343271; 17
1670089934.622680; 343296; 17
1670089934.647671; 343321; 17
1670089934.672669; 343346; 17
1670089934.697669; 343371; 17
1670089934.722674; 343396; 17
1670089934.747671; 343421; 17
1670089934.772669; 343446; 17
1670089934.797670; 343471; 17
1670089934.822674; 343496; 17
1670089934.847671; 343521; 17
1670089934.872675; 343546; 17
1670089934.897669; 343571; 17
1670089934.922670; 343596; 17
1670089934.947683; 343621; 17
1670089934.972676; 343646; 17
1670089934.997675; 343671; 17
1670089935.022675; 343696; 17
1670089935.047681; 343721; 17
1670089935.072672; 343746; 17
1670089935.097671; 343771; 17
1670089935.122671; 343796; 17
1670089935.147681; 343821; 17
1670089935.172676; 343846; 17
1670089935.197675; 343871; 17
1670089935.222675; 343896; 17
1670089935.247675; 343921; 17
1670089935.272671; 343946; 17
1670089935.297669; 343971; 17
1670089935.322669; 343996; 17
1670089935.347683; 344021; 17
1670089935.372671; 344046; 17
1670089935.397670; 344071; 17
1670089935.422669; 344096; 17
1670089935.447674; 344121; 17
1670089935.472671; 344146; 17
1670089935.497669; 344171; 17
1670089935.522670; 344196; 17
1670089935.547674; 344221; 17
1670089935.572671; 344246; 17
1670089935.597670; 344271; 17
1670089935.622669; 344296; 17
1670089935.647674; 344321; 17
1670089935.672676; 344346; 17
1670089935.697675; 344371; 17
1670089935.722675; 344396; 17
1670089935.747675; 344421; 17
1670089935.772678; 344446; 17
1670089935.797671; 344471; 17
1670089935.822669; 344496; 17
1670089935.847670; 344521; 17
1670089935.872679; 344546; 17
1670089935.897676; 344571; 17
1670089935.922675; 344596; 17
1670089935.947675; 344621; 17
1670089935.972680; 344646; 17
1670089935.997676; 344671; 17
1670089936.022675; 344696; 17
1670089936.047671; 344721; 17
1670089936.072675; 344746; 17
1670089936.097677; 344771; 17
1670089936.122676; 344796; 17
1670089936.147670; 344821; 17
1670089936.172684; 344846; 17
1670089936.197676; 344871; 17
1670089936.222675; 344896; 17
1670089936.247675; 344921; 17
1670089936.272682; 344946; 17
1670089936.297676; 344971; 17
1670089936.322675; 344996; 20
1670089936.347675; 345021; 20
1670089936.372674; 345046; 20
1670089936.397671; 345071; 20
1670089936.422669; 345096; 19
1670089936.447669; 345121; 19
1670089936.472673; 345146; 19
1670089936.497677; 345171; 19
1670089936.522669; 345196; 20
1670089936.547669; 345221; 20
1670089936.572669; 345246; 20
1670089936.597683; 345271; 20
1670089936.622676; 345296; 19
1670089936.647675; 345321; 19
1670089936.672675; 345346; 19
1670089936.697674; 345371; 19
1670089936.722671; 345396; 17
1670089936.747675; 345421; 17
1670089936.772675; 345446; 17
1670089936.797680; 345471; 17
1670089936.822676; 345496; 17
1670089936.847675; 345521; 17
1670089936.872669; 345546; 17
1670089936.897674; 345571; 17
1670089936.922671; 345596; 17
1670089936.947669; 345621; 17
1670089936.972669; 345646; 17
1670089936.997683; 345671; 17
1670089937.022676; 345696; 17
1670089937.047671; 345721; 17
1670089937.072676; 345746; 17
1670089937.097681; 345771; 17
1670089937.122672; 345796; 20
1670089937.147669; 345821; 20
1670089937.172670; 345846; 20
1670089937.197674; 345871; 20
1670089937.222671; 345896; 19
1670089937.247669; 345921; 19
1670089937.272669; 345946; 19
1670089937.297678; 345971; 19
1670089937.322677; 345996; 19
1670089937.347670; 346021; 19
1670089937.372675; 346046; 19
1670089937.397675; 346071; 19
1670089937.422683; 346096; 19
1670089937.447676; 346121; 18
1670089937.472675; 346146; 18
1670089937.497675; 346171; 18
1670089937.522674; 346196; 18
1670089937.547671; 346221; 17
1670089937.572670; 346246; 17
1670089937.597669; 346271; 17
1670089937.622680; 346296; 17
1670089937.647676; 346321; 17
1670089937.672675; 346346; 17
1670089937.697675; 346371; 17
1670089937.722674; 346396; 17
1670089937.747671; 346421; 17
1670089937.772669; 346446; 17
1670089937.797670; 346471; 17
1670089937.822683; 346496; 17
1670089937.847676; 346521; 18
1670089937.872670; 346546; 18
1670089937.897669; 346571; 18
1670089937.922680; 346596; 18
1670089937.947676; 346621; 19
1670089937.972675; 346646; 19
1670089937.997675; 346671; 19
1670089938.022679; 346696; 19
1670089938.047672; 346721; 19
1670089938.072671; 346746; 19
1670089938.097676; 346771; 19
1670089938.122671; 346796; 19
1670089938.147680; 346821; 19
1670089938.172676; 346846; 19
1670089938.197675; 346871; 19
1670089938.222675; 346896; 19
1670089938.247678; 346921; 18
1670089938.272671; 346946; 18
1670089938.297669; 346971; 18
1670089938.322670; 346996; 18
1670089938.347674; 347021; 17
1670089938.372679; 347046; 17
1670089938.397669; 347071; 17
1670089938.422670; 347096; 17
1670089938.447674; 347121; 17
1670089938.472671; 347146; 17
1670089938.497669; 347171; 17
1670089938.522669; 347196; 17
1670089938.547674; 347221; 17
1670089938.572671; 347246; 17
1670089938.597669; 347271; 17
1670089938.622669; 347296; 17
1670089938.647683; 347321; 17
1670089938.672676; 347346; 18
1670089938.697675; 347371; 18
1670089938.722675; 347396; 18
1670089938.747680; 347421; 18
1670089938.772676; 347446; 19
1670089938.797675; 347471; 19
1670089938.822675; 347496; 19
1670089938.847680; 347521; 19
1670089938.872676; 347546; 19
1670089938.897675; 347571; 19
1670089938.922675; 347596; 19
1670089938.947670; 347621; 19
1670089938.972674; 347646; 19
1670089938.997671; 347671; 19
1670089939.022675; 347696; 19
1670089939.047671; 347721; 19
1670089939.072679; 347746; 17
1670089939.097672; 347771; 17
1670089939.122671; 347796; 17
1670089939.147675; 347821; 17
1670089939.172680; 347846; 16
1670089939.197676; 347871; 16
1670089939.222675; 347896; 16
1670089939.247675; 347921; 16
1670089939.272680; 347946; 17
1670089939.297676; 347971; 17
1670089939.322675; 347996; 17
1670089939.347669; 348021; 17
1670089939.372679; 348046; 17
1670089939.397671; 348071; 17
1670089939.422669; 348096; 17
1670089939.447669; 348121; 17
1670089939.472683; 348146; 17
1670089939.497676; 348171; 17
1670089939.522675; 348196; 17
1670089939.547675; 348221; 17
1670089939.572680; 348246; 16
1670089939.597676; 348271; 16
1670089939.622675; 348296; 16
1670089939.647675; 348321; 16
1670089939.672678; 348346; 16
1670089939.697677; 348371; 16
1670089939.722670; 348396; 16
1670089939.747669; 348421; 16
1670089939.772669; 348446; 16
1670089939.797674; 348471; 17
1670089939.822671; 348496; 17
1670089939.847669; 348521; 17
1670089939.872675; 348546; 17
1670089939.897678; 348571; 17
1670089939.922676; 348596; 17
1670089939.947675; 348621; 17
1670089939.972675; 348646; 17
1670089939.997680; 348671; 16
1670089940.022676; 348696; 16
1670089940.047671; 348721; 16
1670089940.072676; 348746; 16
1670089940.097681; 348771; 16
1670089940.122672; 348796; 16
1670089940.147675; 348821; 16
1670089940.172675; 348846; 16
1670089940.197680; 348871; 17
1670089940.222676; 348896; 17
1670089940.247675; 348921; 17
1670089940.272675; 348946; 17
1670089940.297683; 348971; 17
1670089940.322676; 348996; 17
1670089940.347675; 349021; 17
1670089940.372675; 349046; 17
1670089940.397680; 349071; 17
1670089940.422676; 349096; 17
1670089940.447675; 349121; 17
1670089940.472675; 349146; 17
1670089940.497673; 349171; 16
1670089940.522672; 349196; 16
1670089940.547675; 349221; 16
1670089940.572679; 349246; 16
1670089940.597670; 349271; 16
1670089940.622674; 349296; 16
1670089940.647671; 349321; 16
1670089940.672670; 349346; 16
1670089940.697669; 349371; 17
1670089940.722678; 349396; 17
1670089940.747671; 349421; 17
1670089940.772670; 349446; 17
1670089940.797675; 349471; 17
1670089940.822680; 349496; 17
1670089940.847676; 349521; 17
1670089940.872669; 349546; 17
1670089940.897670; 349571; 17
1670089940.922674; 349596; 16
1670089940.947671; 349621; 16
1670089940.972670; 349646; 16
1670089940.997669; 349671; 16
1670089941.022674; 349696; 16
1670089941.047672; 349721; 16
1670089941.072671; 349746; 16
1670089941.097676; 349771; 16
1670089941.122684; 349796; 16
1670089941.147671; 349821; 16
1670089941.172670; 349846; 16
1670089941.197675; 349871; 16
1670089941.222680; 349896; 17
1670089941.247676; 349921; 17
1670089941.272675; 349946; 17
1670089941.297675; 349971; 17
1670089941.322675; 349996; 16
1670089941.347680; 350021; 16
1670089941.372671; 350046; 16
1670089941.397669; 350071; 16
1670089941.422669; 350096; 16
1670089941.447674; 350121; 16
1670089941.472671; 350146; 16
1670089941.497669; 350171; 16
1670089941.522669; 350196; 16
1670089941.547678; 350221; 16
1670089941.572671; 350246; 16
1670089941.597672; 350271; 16
1670089941.622675; 350296; 17
1670089941.647680; 350321; 17
1670089941.672676; 350346; 17
1670089941.697675; 350371; 17
1670089941.722675; 350396; 17
1670089941.747680; 350421; 17
1670089941.772676; 350446; 17
1670089941.797675; 350471; 17
1670089941.822675; 350496; 16
1670089941.847680; 350521; 16
1670089941.872676; 350546; 16
1670089941.897675; 350571; 16
1670089941.922675; 350596; 16
1670089941.947683; 350621; 16
1670089941.972676; 350646; 16
1670089941.997675; 350671; 16
1670089942.022675; 350696; 16
1670089942.047675; 350721; 16
1670089942.072672; 350746; 16
1670089942.097671; 350771; 16
1670089942.122676; 350796; 16
1670089942.147670; 350821; 17
1670089942.172674; 350846; 17
1670089942.197671; 350871; 17
1670089942.222669; 350896; 17
1670089942.247670; 350921; 16
1670089942.272674; 350946; 16
1670089942.297671; 350971; 16
1670089942.322670; 350996; 16
1670089942.347670; 351021; 16
1670089942.372683; 351046; 16
1670089942.397676; 351071; 16
1670089942.422675; 351096; 16
1670089942.447675; 351121; 16
1670089942.472680; 351146; 16
1670089942.497676; 351171; 16
1670089942.522675; 351196; 16
1670089942.547675; 351221; 17
1670089942.572679; 351246; 17
1670089942.597676; 351271; 17
1670089942.622675; 351296; 17
1670089942.647675; 351321; 17
1670089942.672674; 351346; 17
1670089942.697671; 351371; 17
1670089942.722670; 351396; 17
1670089942.747670; 351421; 16
1670089942.772683; 351446; 16
1670089942.797676; 351471; 16
1670089942.822675; 351496; 16
1670089942.847670; 351521; 16
1670089942.872678; 351546; 16
1670089942.897672; 351571; 16
1670089942.922675; 351596; 16
1670089942.947675; 351621; 16
1670089942.972675; 351646; 16
1670089942.997674; 351671; 16
1670089943.022671; 351696; 16
1670089943.047671; 351721; 17
1670089943.072676; 351746; 17
1670089943.097675; 351771; 17
1670089943.122672; 351796; 17
1670089943.147675; 351821; 17
1670089943.172675; 351846; 16
1670089943.197683; 351871; 16
1670089943.222676; 351896; 16
1670089943.247669; 351921; 16
1670089943.272670; 351946; 16
1670089943.297674; 351971; 16
1670089943.322671; 351996; 16
1670089943.347670; 352021; 16
1670089943.372675; 352046; 16
1670089943.397680; 352071; 16
1670089943.422676; 352096; 16
1670089943.447670; 352121; 16
1670089943.472670; 352146; 17
1670089943.497674; 352171; 17
1670089943.522671; 352196; 17
1670089943.547669; 352221; 17
1670089943.572670; 352246; 17
1670089943.597683; 352271; 17
1670089943.622671; 352296; 17
1670089943.647675; 352321; 17
1670089943.672675; 352346; 16
1670089943.697673; 352371; 16
1670089943.722672; 352396; 16
1670089943.747675; 352421; 16
1670089943.772675; 352446; 16
1670089943.797675; 352471; 16
1670089943.822674; 352496; 16
1670089943.847671; 352521; 16
1670089943.872675; 352546; 16
1670089943.897675; 352571; 16
1670089943.922680; 352596; 16
1670089943.947676; 352621; 16
1670089943.972675; 352646; 17
1670089943.997675; 352671; 17
1670089944.022678; 352696; 17
1670089944.047677; 352721; 17
1670089944.072676; 352746; 17
1670089944.097676; 352771; 17
1670089944.122676; 352796; 17
1670089944.147671; 352821; 17
1670089944.172675; 352846; 16
1670089944.197669; 352871; 16
1670089944.222677; 352896; 16
1670089944.247676; 352921; 16
1670089944.272669; 352946; 16
1670089944.297669; 352971; 16
1670089944.322674; 352996; 16
1670089944.347671; 353021; 16
1670089944.372670; 353046; 16
1670089944.397670; 353071; 17
1670089944.422683; 353096; 17
1670089944.447676; 353121; 17
1670089944.472675; 353146; 17
1670089944.497675; 353171; 17
1670089944.522675; 353196; 17
1670089944.547680; 353221; 17
1670089944.572676; 353246; 17
1670089944.597675; 353271; 16
1670089944.622675; 353296; 16
1670089944.647680; 353321; 16
1670089944.672676; 353346; 16
1670089944.697675; 353371; 16
1670089944.722675; 353396; 16
1670089944.747680; 353421; 16
1670089944.772676; 353446; 16
1670089944.797675; 353471; 16
1670089944.822675; 353496; 16
1670089944.847678; 353521; 16
1670089944.872676; 353546; 16
1670089944.897675; 353571; 17
1670089944.922675; 353596; 17
1670089944.947680; 353621; 17
1670089944.972676; 353646; 17
1670089944.997675; 353671; 17
1670089945.022675; 353696; 17
1670089945.047675; 353721; 17
1670089945.072672; 353746; 17
1670089945.097671; 353771; 16
1670089945.122676; 353796; 16
1670089945.147680; 353821; 16
1670089945.172676; 353846; 16
1670089945.197675; 353871; 16
1670089945.222675; 353896; 16
1670089945.247683; 353921; 16
1670089945.272676; 353946; 16
1670089945.297669; 353971; 17
1670089945.322670; 353996; 17
1670089945.347670; 354021; 17
1670089945.372674; 354046; 17
1670089945.397676; 354071; 17
1670089945.422675; 354096; 17
1670089945.447675; 354121; 17
1670089945.472680; 354146; 17
1670089945.497676; 354171; 17
1670089945.522675; 354196; 16
1670089945.547675; 354221; 16
1670089945.572680; 354246; 16
1670089945.597676; 354271; 16
1670089945.622675; 354296; 16
1670089945.647675; 354321; 16
1670089945.672678; 354346; 16
1670089945.697676; 354371; 16
1670089945.722675; 354396; 16
1670089945.747675; 354421; 16
1670089945.772680; 354446; 16
1670089945.797676; 354471; 16
1670089945.822675; 354496; 17
1670089945.847675; 354521; 17
1670089945.872674; 354546; 17
1670089945.897693; 354571; 17
1670089945.922670; 354596; 17
1670089945.947670; 354621; 17
1670089945.972674; 354646; 17
1670089945.997671; 354671; 17
1670089946.022670; 354696; 16
1670089946.047676; 354721; 16
1670089946.072683; 354746; 16
1670089946.097678; 354771; 16
1670089946.122676; 354796; 16
1670089946.147670; 354821; 16
1670089946.172675; 354846; 16
1670089946.197680; 354871; 16
1670089946.222676; 354896; 17
1670089946.247675; 354921; 17
1670089946.272675; 354946; 17
1670089946.297680; 354971; 17
1670089946.322676; 354996; 17
1670089946.347675; 355021; 17
1670089946.372673; 355046; 17
1670089946.397680; 355071; 17
1670089946.422671; 355096; 16
1670089946.447669; 355121; 16
1670089946.472669; 355146; 16
1670089946.497683; 355171; 16
1670089946.522671; 355196; 16
1670089946.547670; 355221; 16
1670089946.572670; 355246; 16
1670089946.597674; 355271; 16
1670089946.622671; 355296; 16
1670089946.647670; 355321; 16
1670089946.672670; 355346; 16
1670089946.697674; 355371; 16
1670089946.722671; 355396; 16
1670089946.747669; 355421; 17
1670089946.772675; 355446; 17
1670089946.797680; 355471; 17
1670089946.822676; 355496; 17
1670089946.847675; 355521; 17
1670089946.872669; 355546; 17
1670089946.897677; 355571; 17
1670089946.922680; 355596; 17
1670089946.947675; 355621; 16
1670089946.972675; 355646; 16
1670089946.997675; 355671; 16
1670089947.022680; 355696; 16
1670089947.047677; 355721; 16
1670089947.072676; 355746; 16
1670089947.097676; 355771; 16
1670089947.122681; 355796; 16
1670089947.147671; 355821; 17
1670089947.172670; 355846; 17
1670089947.197669; 355871; 17
1670089947.222674; 355896; 17
1670089947.247671; 355921; 17
1670089947.272670; 355946; 17
1670089947.297675; 355971; 17
1670089947.322678; 355996; 17
1670089947.347676; 356021; 16
1670089947.372670; 356046; 16
1670089947.397669; 356071; 16
1670089947.422674; 356096; 16
1670089947.447671; 356121; 16
1670089947.472669; 356146; 16
1670089947.497669; 356171; 16
1670089947.522674; 356196; 16
1670089947.547671; 356221; 16
1670089947.572670; 356246; 16
1670089947.597670; 356271; 16
1670089947.622674; 356296; 16
1670089947.647671; 356321; 17
1670089947.672670; 356346; 17
1670089947.697670; 356371; 17
1670089947.722670; 356396; 17
1670089947.747683; 356421; 17
1670089947.772676; 356446; 17
1670089947.797675; 356471; 17
1670089947.822675; 356496; 17
1670089947.847680; 356521; 17
1670089947.872676; 356546; 16
1670089947.897675; 356571; 16
1670089947.922675; 356596; 16
1670089947.947675; 356621; 16
1670089947.972671; 356646; 16
1670089947.997670; 356671; 16
1670089948.022670; 356696; 16
1670089948.047681; 356721; 16
1670089948.072677; 356746; 16
1670089948.097676; 356771; 16
1670089948.122676; 356796; 16
1670089948.147683; 356821; 16
1670089948.172676; 356846; 17
1670089948.197675; 356871; 17
1670089948.222675; 356896; 17
1670089948.247680; 356921; 17
1670089948.272671; 356946; 16
1670089948.297670; 356971; 16
1670089948.322670; 356996; 16
1670089948.347674; 357021; 16
1670089948.372676; 357046; 16
1670089948.397675; 357071; 16
1670089948.422675; 357096; 16
1670089948.447680; 357121; 16
1670089948.472676; 357146; 16
1670089948.497675; 357171; 16
1670089948.522675; 357196; 16
1670089948.547675; 357221; 16
1670089948.572683; 357246; 17
1670089948.597676; 357271; 17
1670089948.622675; 357296; 17
1670089948.647675; 357321; 17
1670089948.672680; 357346; 17
1670089948.697676; 357371; 17
1670089948.722675; 357396; 17
1670089948.747675; 357421; 17
1670089948.772679; 357446; 16
1670089948.797676; 357471; 16
1670089948.822675; 357496; 16
1670089948.847675; 357521; 16
1670089948.872679; 357546; 16
1670089948.897676; 357571; 16
1670089948.922675; 357596; 16
1670089948.947675; 357621; 16
1670089948.972683; 357646; 16
1670089948.997676; 357671; 16
1670089949.022675; 357696; 16
1670089949.047671; 357721; 16
1670089949.072681; 357746; 16
1670089949.097672; 357771; 17
1670089949.122671; 357796; 17
1670089949.147675; 357821; 17
1670089949.172680; 357846; 17
1670089949.197676; 357871; 16
1670089949.222675; 357896; 16
1670089949.247675; 357921; 16
1670089949.272673; 357946; 16
1670089949.297672; 357971; 16
1670089949.322675; 357996; 16
1670089949.347675; 358021; 16
1670089949.372669; 358046; 16
1670089949.397683; 358071; 16
1670089949.422676; 358096; 16
1670089949.447675; 358121; 16
1670089949.472675; 358146; 16
1670089949.497680; 358171; 17
1670089949.522676; 358196; 17
1670089949.547675; 358221; 17
1670089949.572675; 358246; 17
1670089949.597674; 358271; 17
1670089949.622671; 358296; 17
1670089949.647670; 358321; 17
1670089949.672669; 358346; 17
1670089949.697674; 358371; 16
1670089949.722671; 358396; 16
1670089949.747670; 358421; 16
1670089949.772669; 358446; 16
1670089949.797683; 358471; 16
1670089949.822676; 358496; 16
1670089949.847675; 358521; 16
1670089949.872675; 358546; 16
1670089949.897674; 358571; 16
1670089949.922671; 358596; 16
1670089949.947669; 358621; 16
1670089949.972670; 358646; 16
1670089949.997679; 358671; 17
1670089950.022676; 358696; 17
1670089950.047671; 358721; 17
1670089950.072676; 358746; 17
1670089950.097674; 358771; 17
1670089950.122673; 358796; 16
1670089950.147675; 358821; 16
1670089950.172675; 358846; 16
1670089950.197675; 358871; 16
1670089950.222683; 358896; 16
1670089950.247676; 358921; 16
1670089950.272675; 358946; 16
1670089950.297675; 358971; 16
1670089950.322680; 358996; 16
1670089950.347676; 359021; 16
1670089950.372669; 359046; 16
1670089950.397670; 359071; 16
1670089950.422679; 359096; 17
1670089950.447676; 359121; 17
1670089950.472675; 359146; 17
1670089950.497670; 359171; 17
1670089950.522680; 359196; 17
1670089950.547676; 359221; 17
1670089950.572675; 359246; 17
1670089950.597675; 359271; 17
1670089950.622683; 359296; 16
1670089950.647676; 359321; 16
1670089950.672675; 359346; 16
1670089950.697675; 359371; 16
1670089950.722680; 359396; 16
1670089950.747676; 359421; 16
1670089950.772675; 359446; 16
1670089950.797675; 359471; 16
1670089950.822674; 359496; 16
1670089950.847671; 359521; 16
1670089950.872675; 359546; 16
1670089950.897675; 359571; 16
1670089950.922675; 359596; 17
1670089950.947680; 359621; 17
1670089950.972676; 359646; 17
1670089950.997675; 359671; 17
1670089951.022675; 359696; 16
1670089951.047679; 359721; 16
1670089951.072672; 359746; 16
1670089951.097671; 359771; 16
1670089951.122676; 359796; 16
1670089951.147680; 359821; 16
1670089951.172676; 359846; 16
1670089951.197675; 359871; 16
1670089951.222677; 359896; 16
1670089951.247674; 359921; 16
1670089951.272671; 359946; 16
1670089951.297670; 359971; 16
1670089951.322669; 359996; 16
1670089951.347674; 360021; 17
1670089951.372676; 360046; 17
1670089951.397675; 360071; 17
1670089951.422675; 360096; 17
1670089951.447683; 360121; 17
1670089951.472676; 360146; 17
1670089951.497675; 360171; 17
1670089951.522675; 360196; 17
1670089951.547680; 360221; 16
1670089951.572676; 360246; 16
1670089951.597675; 360271; 16
1670089951.622675; 360296; 16
1670089951.647680; 360321; 16
1670089951.672676; 360346; 16
1670089951.697675; 360371; 16
1670089951.722675; 360396; 16
1670089951.747675; 360421; 16
1670089951.772680; 360446; 16
1670089951.797671; 360471; 16
1670089951.822670; 360496; 16
1670089951.847675; 360521; 17
1670089951.872683; 360546; 17
1670089951.897671; 360571; 17
1670089951.922669; 360596; 17
1670089951.947670; 360621; 17
1670089951.972674; 360646; 17
1670089951.997671; 360671; 17
1670089952.022669; 360696; 17
1670089952.047726; 360721; 16
1670089952.072675; 360746; 16
1670089952.097677; 360771; 16
1670089952.122676; 360796; 16
1670089952.147670; 360821; 16
1670089952.172674; 360846; 16
1670089952.197671; 360871; 16
1670089952.222670; 360896; 16
1670089952.247677; 360921; 17
1670089952.272678; 360946; 17
1670089952.297671; 360971; 17
1670089952.322669; 360996; 17
1670089952.347670; 361021; 17
1670089952.372679; 361046; 17
1670089952.397676; 361071; 17
1670089952.422675; 361096; 17
1670089952.447675; 361121; 17
1670089952.472673; 361146; 17
1670089952.497672; 361171; 17
1670089952.522675; 361196; 17
1670089952.547675; 361221; 17
1670089952.572675; 361246; 16
1670089952.597674; 361271; 16
1670089952.622671; 361296; 16
1670089952.647669; 361321; 16
1670089952.672675; 361346; 16
1670089952.697678; 361371; 16
1670089952.722671; 361396; 16
1670089952.747670; 361421; 16
1670089952.772669; 361446; 17
1670089952.797674; 361471; 17
1670089952.822671; 361496; 17
1670089952.847670; 361521; 17
1670089952.872669; 361546; 17
1670089952.897674; 361571; 17
1670089952.922671; 361596; 17
1670089952.947669; 361621; 17
1670089952.972669; 361646; 16
1670089952.997674; 361671; 16
1670089953.022671; 361696; 16
1670089953.047676; 361721; 16
1670089953.072673; 361746; 16
1670089953.097679; 361771; 16
1670089953.122672; 361796; 16
1670089953.147675; 361821; 16
1670089953.172675; 361846; 17
1670089953.197680; 361871; 17
1670089953.222676; 361896; 17
1670089953.247675; 361921; 17
1670089953.272669; 361946; 17
1670089953.297678; 361971; 17
1670089953.322678; 361996; 17
1670089953.347669; 362021; 17
1670089953.372675; 362046; 17
1670089953.397675; 362071; 17
1670089953.422674; 362096; 17
1670089953.447671; 362121; 17
1670089953.472669; 362146; 16
1670089953.497669; 362171; 16
1670089953.522683; 362196; 16
1670089953.547676; 362221; 16
1670089953.572675; 362246; 16
1670089953.597675; 362271; 16
1670089953.622680; 362296; 16
1670089953.647676; 362321; 16
1670089953.672675; 362346; 16
1670089953.697669; 362371; 17
1670089953.722674; 362396; 17
1670089953.747676; 362421; 17
1670089953.772675; 362446; 17
1670089953.797675; 362471; 17
1670089953.822680; 362496; 17
1670089953.847676; 362521; 17
1670089953.872675; 362546; 17
1670089953.897669; 362571; 17
1670089953.922678; 362596; 17
1670089953.947671; 362621; 17
1670089953.972669; 362646; 17
1670089953.997670; 362671; 17
1670089954.022674; 362696; 17
1670089954.047677; 362721; 17
1670089954.072676; 362746; 17
1670089954.097676; 362771; 17
1670089954.122676; 362796; 17
1670089954.147674; 362821; 17
1670089954.172671; 362846; 17
1670089954.197669; 362871; 17
1670089954.222670; 362896; 17
1670089954.247674; 362921; 17
1670089954.272671; 362946; 17
1670089954.297669; 362971; 17
1670089954.322670; 362996; 17
1670089954.347678; 363021; 17
1670089954.372676; 363046; 17
1670089954.397697; 363071; 17
1670089954.422670; 363096; 17
1670089954.447674; 363121; 17
1670089954.472671; 363146; 17
1670089954.497669; 363171; 17
1670089954.522669; 363196; 17
1670089954.547674; 363221; 17
1670089954.572671; 363246; 17
1670089954.597669; 363271; 17
1670089954.622669; 363296; 17
1670089954.647674; 363321; 17
1670089954.672676; 363346; 17
1670089954.697675; 363371; 17
1670089954.722670; 363396; 17
1670089954.747683; 363421; 17
1670089954.772676; 363446; 17
1670089954.797675; 363471; 17
1670089954.822675; 363496; 17
1670089954.847680; 363521; 17
1670089954.872676; 363546; 17
1670089954.897675; 363571; 17
1670089954.922670; 363596; 16
1670089954.947670; 363621; 16
1670089954.972674; 363646; 16
1670089954.997671; 363671; 16
1670089955.022670; 363696; 17
1670089955.047676; 363721; 17
1670089955.072681; 363746; 17
1670089955.097677; 363771; 17
1670089955.122671; 363796; 17
1670089955.147675; 363821; 17
1670089955.172678; 363846; 17
1670089955.197671; 363871; 17
1670089955.222670; 363896; 17
1670089955.247670; 363921; 17
1670089955.272674; 363946; 17
1670089955.297671; 363971; 17
1670089955.322675; 363996; 17
1670089955.347675; 364021; 17
1670089955.372674; 364046; 17
1670089955.397671; 364071; 17
1670089955.422675; 364096; 17
1670089955.447675; 364121; 17
1670089955.472680; 364146; 17
1670089955.497676; 364171; 17
1670089955.522675; 364196; 17
1670089955.547675; 364221; 17
1670089955.572678; 364246; 17
1670089955.597671; 364271; 17
1670089955.622669; 364296; 17
1670089955.647669; 364321; 17
1670089955.672678; 364346; 17
1670089955.697677; 364371; 17
1670089955.722669; 364396; 17
1670089955.747669; 364421; 17
1670089955.772669; 364446; 17
1670089955.797674; 364471; 17
1670089955.822671; 364496; 16
1670089955.847670; 364521; 16
1670089955.872675; 364546; 16
1670089955.897680; 364571; 16
1670089955.922676; 364596; 16
1670089955.947675; 364621; 17
1670089955.972675; 364646; 17
1670089955.997683; 364671; 17
1670089956.022676; 364696; 17
1670089956.047671; 364721; 17
1670089956.072676; 364746; 17
1670089956.097675; 364771; 17
1670089956.122672; 364796; 17
1670089956.147675; 364821; 17
1670089956.172675; 364846; 17
1670089956.197680; 364871; 17
1670089956.222676; 364896; 17
1670089956.247675; 364921; 17
1670089956.272675; 364946; 17
1670089956.297680; 364971; 17
1670089956.322676; 364996; 17
1670089956.347669; 365021; 17
1670089956.372675; 365046; 17
1670089956.397683; 365071; 17
1670089956.422676; 365096; 17
1670089956.447669; 365121; 17
1670089956.472670; 365146; 17
1670089956.497678; 365171; 17
1670089956.522677; 365196; 17
1670089956.547696; 365221; 17
1670089956.572670; 365246; 17
1670089956.597670; 365271; 17
1670089956.622674; 365296; 17
1670089956.647671; 365321; 17
1670089956.672669; 365346; 17
1670089956.697669; 365371; 17
1670089956.722674; 365396; 17
1670089956.747671; 365421; 17
1670089956.772669; 365446; 17
1670089956.797669; 365471; 17
1670089956.822683; 365496; 17
1670089956.847676; 365521; 17
1670089956.872675; 365546; 17
1670089956.897675; 365571; 17
1670089956.922680; 365596; 17
1670089956.947676; 365621; 17
1670089956.972669; 365646; 17
1670089956.997670; 365671; 17
1670089957.022674; 365696; 17
1670089957.047677; 365721; 17
1670089957.072676; 365746; 17
1670089957.097676; 365771; 17
1670089957.122681; 365796; 17
1670089957.147671; 365821; 17
1670089957.172675; 365846; 17
1670089957.197710; 365871; 17
1670089957.222683; 365896; 17
1670089957.247671; 365921; 17
1670089957.272675; 365946; 17
1670089957.297675; 365971; 17
1670089957.322675; 365996; 17
1670089957.347680; 366021; 17
1670089957.372676; 366046; 17
1670089957.397675; 366071; 17
1670089957.422675; 366096; 17
1670089957.447680; 366121; 17
1670089957.472676; 366146; 17
1670089957.497675; 366171; 17
1670089957.522675; 366196; 17
1670089957.547680; 366221; 17
1670089957.572678; 366246; 17
1670089957.597669; 366271; 17
1670089957.622669; 366296; 17
1670089957.647678; 366321; 17
1670089957.672671; 366346; 17
1670089957.697669; 366371; 17
1670089957.722670; 366396; 17
1670089957.747674; 366421; 17
1670089957.772671; 366446; 17
1670089957.797670; 366471; 17
1670089957.822669; 366496; 17
1670089957.847674; 366521; 17
1670089957.872676; 366546; 17
1670089957.897675; 366571; 17
1670089957.922675; 366596; 17
1670089957.947680; 366621; 17
1670089957.972676; 366646; 17
1670089957.997675; 366671; 17
1670089958.022675; 366696; 17
1670089958.047679; 366721; 17
1670089958.072672; 366746; 17
1670089958.097671; 366771; 17
1670089958.122676; 366796; 17
1670089958.147669; 366821; 17
1670089958.172674; 366846; 17
1670089958.197671; 366871; 17
1670089958.222669; 366896; 17
1670089958.247669; 366921; 17
1670089958.272674; 366946; 17
1670089958.297671; 366971; 17
1670089958.322670; 366996; 17
1670089958.347670; 367021; 17
1670089958.372674; 367046; 17
1670089958.397676; 367071; 17
1670089958.422675; 367096; 17
1670089958.447675; 367121; 17
1670089958.472678; 367146; 17
1670089958.497671; 367171; 17
1670089958.522669; 367196; 17
1670089958.547669; 367221; 17
1670089958.572674; 367246; 17
1670089958.597676; 367271; 17
1670089958.622675; 367296; 17
1670089958.647675; 367321; 17
1670089958.672680; 367346; 17
1670089958.697676; 367371; 17
1670089958.722675; 367396; 17
1670089958.747675; 367421; 17
