1670091771.747685; 551019; 22
1670091771.772363; 551044; 22
1670091771.797359; 551069; 22
1670091771.822359; 551094; 23
1670091771.847359; 551119; 23
1670091771.872368; 551144; 23
1670091771.897360; 551169; 23
1670091771.922359; 551194; 24
1670091771.947359; 551219; 24
1670091771.972359; 551244; 24
1670091771.997355; 551269; 24
1670091772.022359; 551294; 23
1670091772.047355; 551319; 23
1670091772.072365; 551344; 23
1670091772.097356; 551369; 23
1670091772.122360; 551394; 22
1670091772.147354; 551419; 22
1670091772.172359; 551444; 22
1670091772.197355; 551469; 22
1670091772.222354; 551494; 22
1670091772.247354; 551519; 21
1670091772.404260; 551675; 18
1670091772.428355; 551700; 18
1670091772.453359; 551725; 19
1670091772.478354; 551750; 19
1670091772.503359; 551775; 19
1670091772.528355; 551800; 19
1670091772.553359; 551825; 18
1670091772.578359; 551850; 18
1670091772.603359; 551875; 18
1670091772.628355; 551900; 18
1670091772.653359; 551925; 20
1670091772.678354; 551950; 20
1670091772.703354; 551975; 20
1670091772.728359; 552000; 20
1670091772.753355; 552025; 19
1670091772.778359; 552050; 19
1670091772.803359; 552075; 19
1670091772.828368; 552100; 19
1670091772.853355; 552125; 18
1670091772.878359; 552150; 18
1670091772.903354; 552175; 18
1670091772.928359; 552200; 18
1670091772.953360; 552225; 15
1670091772.978354; 552250; 15
1670091773.003354; 552275; 15
1670091773.028365; 552300; 15
1670091773.053356; 552325; 15
1670091773.078355; 552350; 15
1670091773.103355; 552375; 15
1670091773.128364; 552400; 15
1670091773.153355; 552425; 15
1670091773.178359; 552450; 15
1670091773.203361; 552475; 15
1670091773.228362; 552500; 15
1670091773.253355; 552525; 16
1670091773.278359; 552550; 16
1670091773.303359; 552575; 16
1670091773.328364; 552600; 16
1670091773.353360; 552625; 19
1670091773.378354; 552650; 19
1670091773.403354; 552675; 19
1670091773.428359; 552700; 19
1670091773.453360; 552725; 18
1670091773.478354; 552750; 18
1670091773.503354; 552775; 18
1670091773.528354; 552800; 18
1670091773.553359; 552825; 17
1670091773.578355; 552850; 17
1670091773.603359; 552875; 17
1670091773.628359; 552900; 17
1670091773.653368; 552925; 17
1670091773.678355; 552950; 13
1670091773.703359; 552975; 13
1670091773.728359; 553000; 13
1670091773.753364; 553025; 13
1670091773.778355; 553050; 14
1670091773.803359; 553075; 14
1670091773.828359; 553100; 14
1670091773.853359; 553125; 14
1670091773.878355; 553150; 15
1670091773.903359; 553175; 15
1670091773.928359; 553200; 15
1670091773.953359; 553225; 15
1670091773.978361; 553250; 18
1670091774.003354; 553275; 18
1670091774.028361; 553300; 18
1670091774.053369; 553325; 18
1670091774.078362; 553350; 22
1670091774.103360; 553375; 22
1670091774.128359; 553400; 22
1670091774.153364; 553425; 22
1670091774.178360; 553450; 22
1670091774.203354; 553475; 22
1670091774.228359; 553500; 22
1670091774.253363; 553525; 22
1670091774.278362; 553550; 21
1670091774.303354; 553575; 21
1670091774.328359; 553600; 21
1670091774.353359; 553625; 21
1670091774.378359; 553650; 16
1670091774.403355; 553675; 16
1670091774.428354; 553700; 16
1670091774.453354; 553725; 16
1670091774.478367; 553750; 17
1670091774.503355; 553775; 17
1670091774.528354; 553800; 17
1670091774.553354; 553825; 17
1670091774.578359; 553850; 18
1670091774.603355; 553875; 18
1670091774.628354; 553900; 18
1670091774.653354; 553925; 18
1670091774.678359; 553950; 22
1670091774.703355; 553975; 22
1670091774.728359; 554000; 22
1670091774.753359; 554025; 22
1670091774.778364; 554050; 22
1670091774.803360; 554075; 25
1670091774.828354; 554100; 25
1670091774.853354; 554125; 25
1670091774.878368; 554150; 25
1670091774.903355; 554175; 25
1670091774.928363; 554200; 25
1670091774.953354; 554225; 25
1670091774.978359; 554250; 25
1670091775.003355; 554275; 20
1670091775.028360; 554300; 20
1670091775.053355; 554325; 20
1670091775.078364; 554350; 20
1670091775.103357; 554375; 16
1670091775.128359; 554400; 16
1670091775.153354; 554425; 16
1670091775.178354; 554450; 16
1670091775.203364; 554475; 18
1670091775.228355; 554500; 18
1670091775.253354; 554525; 18
1670091775.278359; 554550; 18
1670091775.303368; 554575; 19
1670091775.328355; 554600; 19
1670091775.353359; 554625; 19
1670091775.378359; 554650; 19
1670091775.403364; 554675; 25
1670091775.428361; 554700; 25
1670091775.453354; 554725; 25
1670091775.478354; 554750; 25
1670091775.503359; 554775; 25
1670091775.528355; 554800; 25
1670091775.553359; 554825; 25
1670091775.578359; 554850; 25
1670091775.603359; 554875; 25
1670091775.628355; 554900; 25
1670091775.653359; 554925; 25
1670091775.678359; 554950; 25
1670091775.703368; 554975; 17
1670091775.728371; 555000; 17
1670091775.753359; 555025; 17
1670091775.778354; 555050; 17
1670091775.803359; 555075; 16
1670091775.828355; 555100; 16
1670091775.853359; 555125; 16
1670091775.878359; 555150; 16
1670091775.903359; 555175; 17
1670091775.928359; 555200; 17
1670091775.953370; 555225; 17
1670091775.978354; 555250; 17
1670091776.003354; 555275; 17
1670091776.028365; 555300; 20
1670091776.053356; 555325; 20
1670091776.078355; 555350; 20
1670091776.103360; 555375; 20
1670091776.128362; 555400; 24
1670091776.153360; 555425; 24
1670091776.178354; 555450; 24
1670091776.203354; 555475; 24
1670091776.228359; 555500; 23
1670091776.253355; 555525; 23
1670091776.278354; 555550; 23
1670091776.303354; 555575; 23
1670091776.328359; 555600; 21
1670091776.353355; 555625; 21
1670091776.378359; 555650; 21
1670091776.403359; 555675; 21
1670091776.428359; 555700; 14
1670091776.453355; 555725; 14
1670091776.478359; 555750; 14
1670091776.503359; 555775; 14
1670091776.528362; 555800; 14
1670091776.553360; 555825; 14
1670091776.578354; 555850; 14
1670091776.603354; 555875; 14
1670091776.628359; 555900; 14
1670091776.653355; 555925; 14
1670091776.678359; 555950; 14
1670091776.703359; 555975; 14
1670091776.728359; 556000; 18
1670091776.753359; 556025; 18
1670091776.778361; 556050; 18
1670091776.803354; 556075; 18
1670091776.828354; 556100; 22
1670091776.853359; 556125; 22
1670091776.878355; 556150; 22
1670091776.903359; 556175; 22
1670091776.928359; 556200; 22
1670091776.953368; 556225; 22
1670091776.978361; 556250; 22
1670091777.003354; 556275; 22
1670091777.028361; 556300; 18
1670091777.053365; 556325; 18
1670091777.078356; 556350; 18
1670091777.103361; 556375; 18
1670091777.128359; 556400; 18
1670091777.153359; 556425; 14
1670091777.178355; 556450; 14
1670091777.203354; 556475; 14
1670091777.228354; 556500; 14
1670091777.253359; 556525; 13
1670091777.278361; 556550; 13
1670091777.303354; 556575; 13
1670091777.328354; 556600; 13
1670091777.353362; 556625; 14
1670091777.378361; 556650; 14
1670091777.403354; 556675; 14
1670091777.428354; 556700; 14
1670091777.453363; 556725; 20
1670091777.478356; 556750; 20
1670091777.503359; 556775; 20
1670091777.528359; 556800; 20
1670091777.553359; 556825; 22
1670091777.578359; 556850; 22
1670091777.603355; 556875; 22
1670091777.628354; 556900; 22
1670091777.653354; 556925; 22
1670091777.678364; 556950; 22
1670091777.703355; 556975; 22
1670091777.728359; 557000; 22
1670091777.753359; 557025; 14
1670091777.778368; 557050; 14
1670091777.803360; 557075; 14
1670091777.828354; 557100; 14
1670091777.853354; 557125; 13
1670091777.878359; 557150; 13
1670091777.903355; 557175; 13
1670091777.928359; 557200; 13
1670091777.953359; 557225; 13
1670091777.978359; 557250; 13
1670091778.003355; 557275; 13
1670091778.028360; 557300; 13
1670091778.053355; 557325; 16
1670091778.078365; 557350; 16
1670091778.103356; 557375; 16
1670091778.128359; 557400; 16
1670091778.153359; 557425; 23
1670091778.178362; 557450; 23
1670091778.203361; 557475; 23
1670091778.228354; 557500; 23
1670091778.253354; 557525; 23
1670091778.278363; 557550; 24
1670091778.303362; 557575; 24
1670091778.328354; 557600; 24
1670091778.353354; 557625; 24
1670091778.378354; 557650; 22
1670091778.403364; 557675; 22
1670091778.428355; 557700; 22
1670091778.453359; 557725; 22
1670091778.478359; 557750; 16
1670091778.503359; 557775; 16
1670091778.528355; 557800; 16
1670091778.553354; 557825; 16
1670091778.578354; 557850; 14
1670091778.603368; 557875; 14
1670091778.628355; 557900; 14
1670091778.653354; 557925; 14
1670091778.678354; 557950; 13
1670091778.703359; 557975; 13
1670091778.728355; 558000; 13
1670091778.753359; 558025; 13
1670091778.778359; 558050; 17
1670091778.803359; 558075; 17
1670091778.828355; 558100; 17
1670091778.853359; 558125; 17
1670091778.878359; 558150; 24
1670091778.903359; 558175; 24
1670091778.928355; 558200; 24
1670091778.953359; 558225; 24
1670091778.978359; 558250; 28
1670091779.003362; 558275; 28
1670091779.028362; 558300; 28
1670091779.053361; 558325; 28
1670091779.078361; 558350; 23
1670091779.103361; 558375; 23
1670091779.128364; 558400; 23
1670091779.153360; 558425; 23
1670091779.178354; 558450; 16
1670091779.203354; 558475; 16
1670091779.228359; 558500; 16
1670091779.253360; 558525; 16
1670091779.278359; 558550; 15
1670091779.303359; 558575; 15
1670091779.328367; 558600; 15
1670091779.353361; 558625; 15
1670091779.378354; 558650; 17
1670091779.403354; 558675; 17
1670091779.428362; 558700; 17
1670091779.453360; 558725; 17
1670091779.478354; 558750; 17
1670091779.503354; 558775; 26
1670091779.528359; 558800; 26
1670091779.553355; 558825; 26
1670091779.578354; 558850; 26
1670091779.603354; 558875; 25
1670091779.628359; 558900; 25
1670091779.653360; 558925; 25
1670091779.678354; 558950; 25
1670091779.703354; 558975; 21
1670091779.728359; 559000; 21
1670091779.753355; 559025; 21
1670091779.778359; 559050; 21
1670091779.803359; 559075; 10
1670091779.828362; 559100; 10
1670091779.853360; 559125; 10
1670091779.878354; 559150; 10
1670091779.903354; 559175; 9
1670091779.928354; 559200; 9
1670091779.953359; 559225; 9
1670091779.978355; 559250; 9
1670091780.003354; 559275; 9
1670091780.028361; 559300; 9
1670091780.053365; 559325; 9
1670091780.078356; 559350; 9
1670091780.103379; 559375; 9
1670091780.128359; 559400; 9
1670091780.153364; 559425; 9
1670091780.178361; 559450; 9
1670091780.203359; 559475; 10
1670091780.228359; 559500; 10
1670091780.253376; 559525; 10
1670091780.278355; 559550; 10
1670091780.303359; 559575; 10
1670091780.328359; 559600; 10
1670091780.353357; 559625; 10
1670091780.378362; 559650; 10
1670091780.403354; 559675; 10
1670091780.428354; 559700; 10
1670091780.453354; 559725; 10
1670091780.478364; 559750; 10
1670091780.503360; 559775; 10
1670091780.528354; 559800; 10
1670091780.553354; 559825; 10
1670091780.578359; 559850; 10
1670091780.603355; 559875; 10
1670091780.628359; 559900; 10
1670091780.653359; 559925; 10
1670091780.678362; 559950; 10
1670091780.703360; 559975; 10
1670091780.728354; 560000; 11
1670091780.753354; 560025; 11
1670091780.778364; 560050; 11
1670091780.803355; 560075; 11
1670091780.828354; 560100; 11
1670091780.853354; 560125; 11
1670091780.878359; 560150; 11
1670091780.903355; 560175; 11
1670091780.928354; 560200; 11
1670091780.953354; 560225; 11
1670091780.978359; 560250; 11
1670091781.003355; 560275; 11
1670091781.028361; 560300; 12
1670091781.053355; 560325; 12
1670091781.078369; 560350; 12
1670091781.103356; 560375; 12
1670091781.128360; 560400; 12
1670091781.153354; 560425; 12
1670091781.178363; 560450; 12
1670091781.203356; 560475; 12
1670091781.228359; 560500; 12
1670091781.253359; 560525; 12
1670091781.278355; 560550; 12
1670091781.303364; 560575; 12
1670091781.328355; 560600; 13
1670091781.353354; 560625; 13
1670091781.378354; 560650; 13
1670091781.403364; 560675; 13
1670091781.428355; 560700; 14
1670091781.453359; 560725; 14
1670091781.478359; 560750; 14
1670091781.503362; 560775; 14
1670091781.528360; 560800; 15
1670091781.553354; 560825; 15
1670091781.578354; 560850; 15
1670091781.603359; 560875; 15
1670091781.628355; 560900; 16
1670091781.653354; 560925; 16
1670091781.678354; 560950; 16
1670091781.703364; 560975; 16
1670091781.728360; 561000; 17
1670091781.753354; 561025; 17
1670091781.778359; 561050; 17
1670091781.803359; 561075; 17
1670091781.828355; 561100; 17
1670091781.853359; 561125; 17
1670091781.878359; 561150; 17
1670091781.903362; 561175; 17
1670091781.928360; 561200; 17
1670091781.953354; 561225; 18
1670091781.978354; 561250; 18
1670091782.003354; 561275; 18
1670091782.028360; 561300; 18
1670091782.053362; 561325; 19
1670091782.078360; 561350; 19
1670091782.103355; 561375; 19
1670091782.128364; 561400; 19
1670091782.153361; 561425; 19
1670091782.178354; 561450; 19
1670091782.203354; 561475; 19
1670091782.228359; 561500; 19
1670091782.253355; 561525; 20
1670091782.278359; 561550; 20
1670091782.303359; 561575; 20
1670091782.328368; 561600; 20
1670091782.353355; 561625; 22
1670091782.378354; 561650; 22
1670091782.403354; 561675; 22
1670091782.428359; 561700; 22
1670091782.453355; 561725; 23
1670091782.478359; 561750; 23
1670091782.503359; 561775; 23
1670091782.528359; 561800; 23
1670091782.553355; 561825; 23
1670091782.578354; 561850; 23
1670091782.603354; 561875; 23
1670091782.628364; 561900; 23
1670091782.653360; 561925; 24
1670091782.678354; 561950; 24
1670091782.703354; 561975; 24
1670091782.728368; 562000; 24
1670091782.753355; 562025; 24
1670091782.778359; 562050; 24
1670091782.803359; 562075; 24
1670091782.828359; 562100; 24
1670091782.853364; 562125; 24
1670091782.878355; 562150; 24
1670091782.903359; 562175; 24
1670091782.928359; 562200; 24
1670091782.953359; 562225; 24
1670091782.978355; 562250; 24
1670091783.003359; 562275; 24
1670091783.028355; 562300; 24
1670091783.053365; 562325; 24
1670091783.078356; 562350; 23
1670091783.103361; 562375; 23
1670091783.128354; 562400; 23
1670091783.153362; 562425; 23
1670091783.178381; 562450; 23
1670091783.203354; 562475; 23
1670091783.228354; 562500; 23
1670091783.253359; 562525; 23
1670091783.278355; 562550; 23
1670091783.303354; 562575; 23
1670091783.328359; 562600; 23
1670091783.353359; 562625; 23
1670091783.378355; 562650; 21
1670091783.403354; 562675; 21
1670091783.428354; 562700; 21
1670091783.453359; 562725; 21
1670091783.478355; 562750; 19
1670091783.503354; 562775; 19
1670091783.528354; 562800; 19
1670091783.553361; 562825; 19
1670091783.578362; 562850; 21
1670091783.603354; 562875; 21
1670091783.628354; 562900; 21
1670091783.653354; 562925; 21
1670091783.678359; 562950; 23
1670091783.703355; 562975; 23
1670091783.728359; 563000; 23
1670091783.753354; 563025; 23
1670091783.778359; 563050; 24
1670091783.803355; 563075; 24
1670091783.828359; 563100; 24
1670091783.853359; 563125; 24
1670091783.878359; 563150; 25
1670091783.903355; 563175; 25
1670091783.928359; 563200; 25
1670091783.953354; 563225; 25
1670091783.978362; 563250; 24
1670091784.003360; 563275; 24
1670091784.028355; 563300; 24
1670091784.053361; 563325; 24
1670091784.078360; 563350; 24
1670091784.103362; 563375; 24
1670091784.128354; 563400; 24
1670091784.153354; 563425; 24
1670091784.178359; 563450; 24
1670091784.203355; 563475; 22
1670091784.228354; 563500; 22
1670091784.253354; 563525; 22
1670091784.278364; 563550; 22
1670091784.303360; 563575; 21
1670091784.328354; 563600; 21
1670091784.353354; 563625; 21
1670091784.378361; 563650; 21
1670091784.403362; 563675; 18
1670091784.428354; 563700; 18
1670091784.453354; 563725; 18
1670091784.478354; 563750; 18
1670091784.503379; 563775; 16
1670091784.528361; 563800; 16
1670091784.553354; 563825; 16
1670091784.578359; 563850; 16
1670091784.603359; 563875; 15
1670091784.628355; 563900; 15
1670091784.653354; 563925; 15
1670091784.678354; 563950; 15
1670091784.703359; 563975; 16
1670091784.728355; 564000; 16
1670091784.753359; 564025; 16
1670091784.778354; 564050; 16
1670091784.803368; 564075; 16
1670091784.828355; 564100; 16
1670091784.853359; 564125; 16
1670091784.878359; 564150; 16
1670091784.903364; 564175; 15
1670091784.928360; 564200; 15
1670091784.953354; 564225; 15
1670091784.978354; 564250; 15
1670091785.003359; 564275; 15
1670091785.028362; 564300; 15
1670091785.053360; 564325; 15
1670091785.078355; 564350; 15
1670091785.103365; 564375; 15
1670091785.128355; 564400; 15
1670091785.153359; 564425; 15
1670091785.178359; 564450; 15
1670091785.203359; 564475; 14
1670091785.228362; 564500; 14
1670091785.253360; 564525; 14
1670091785.278354; 564550; 14
1670091785.303354; 564575; 14
1670091785.328359; 564600; 11
1670091785.353355; 564625; 11
1670091785.378356; 564650; 11
1670091785.403354; 564675; 11
1670091785.428359; 564700; 11
1670091785.453355; 564725; 11
1670091785.478354; 564750; 11
1670091785.503354; 564775; 11
1670091785.528359; 564800; 12
1670091785.553355; 564825; 12
1670091785.578377; 564850; 12
1670091785.603354; 564875; 12
1670091785.628362; 564900; 12
1670091785.653355; 564925; 12
1670091785.678359; 564950; 12
1670091785.703359; 564975; 12
1670091785.728364; 565000; 11
1670091785.753355; 565025; 11
1670091785.778359; 565050; 11
1670091785.803354; 565075; 11
1670091785.828359; 565100; 11
1670091785.853355; 565125; 11
1670091785.878359; 565150; 11
1670091785.903359; 565175; 11
1670091785.928359; 565200; 10
1670091785.953355; 565225; 10
1670091785.978359; 565250; 10
1670091786.003359; 565275; 10
1670091786.028355; 565300; 9
1670091786.053363; 565325; 9
1670091786.078362; 565350; 9
1670091786.103355; 565375; 9
1670091786.128354; 565400; 8
1670091786.153359; 565425; 8
1670091786.178355; 565450; 8
1670091786.203359; 565475; 8
1670091786.228359; 565500; 4
1670091786.253364; 565525; 4
1670091786.278360; 565550; 4
1670091786.303359; 565575; 4
1670091786.328359; 565600; 3
1670091786.353364; 565625; 3
1670091786.378360; 565650; 3
1670091786.403384; 565675; 3
1670091786.428354; 565700; 3
1670091786.453354; 565725; 3
1670091786.478368; 565750; 3
1670091786.503360; 565775; 3
1670091786.528359; 565800; 3
1670091786.553359; 565825; 3
1670091786.578364; 565850; 3
1670091786.603370; 565875; 3
1670091786.628354; 565900; 3
1670091786.653354; 565925; 3
1670091786.678359; 565950; 3
1670091786.703355; 565975; 3
1670091786.728354; 566000; 3
1670091786.753354; 566025; 4
1670091786.778364; 566050; 4
1670091786.803360; 566075; 4
1670091786.828359; 566100; 4
1670091786.853359; 566125; 4
1670091786.878359; 566150; 4
1670091786.903368; 566175; 4
1670091786.928360; 566200; 4
1670091786.953359; 566225; 4
1670091786.978359; 566250; 4
1670091787.003364; 566275; 4
1670091787.028362; 566300; 4
1670091787.053355; 566325; 4
1670091787.078360; 566350; 4
1670091787.103360; 566375; 4
1670091787.128355; 566400; 4
1670091787.153354; 566425; 4
1670091787.178354; 566450; 4
1670091787.203363; 566475; 4
1670091787.228356; 566500; 4
1670091787.253359; 566525; 3
1670091787.278359; 566550; 3
1670091787.303359; 566575; 3
1670091787.328362; 566600; 3
1670091787.353355; 566625; 3
1670091787.378354; 566650; 3
1670091787.403354; 566675; 3
1670091787.428364; 566700; 3
1670091787.453360; 566725; 3
1670091787.478359; 566750; 3
1670091787.503359; 566775; 3
1670091787.528364; 566800; 3
1670091787.553360; 566825; 3
1670091787.578359; 566850; 3
1670091787.603359; 566875; 3
1670091787.628354; 566900; 3
1670091787.653359; 566925; 3
1670091787.678355; 566950; 3
1670091787.703354; 566975; 3
1670091787.728354; 567000; 3
1670091787.753368; 567025; 3
1670091787.778361; 567050; 3
1670091787.803354; 567075; 3
1670091787.828354; 567100; 3
1670091787.853364; 567125; 3
1670091787.878361; 567150; 3
1670091787.903359; 567175; 3
1670091787.928359; 567200; 3
1670091787.953364; 567225; 3
1670091787.978360; 567250; 3
1670091788.003359; 567275; 3
1670091788.028355; 567300; 3
1670091788.053360; 567325; 3
1670091788.078360; 567350; 3
1670091788.103362; 567375; 3
1670091788.128354; 567400; 3
1670091788.153354; 567425; 3
1670091788.178368; 567450; 3
1670091788.203357; 567475; 3
1670091788.228354; 567500; 3
1670091788.253359; 567525; 3
1670091788.278364; 567550; 3
1670091788.303361; 567575; 3
1670091788.328359; 567600; 3
1670091788.353359; 567625; 3
1670091788.378364; 567650; 3
1670091788.403360; 567675; 3
1670091788.428359; 567700; 3
1670091788.453359; 567725; 3
1670091788.478359; 567750; 3
1670091788.503364; 567775; 3
1670091788.528360; 567800; 3
1670091788.553354; 567825; 3
1670091788.578354; 567850; 3
1670091788.603362; 567875; 3
1670091788.628355; 567900; 3
1670091788.653354; 567925; 3
1670091788.678354; 567950; 3
1670091788.703359; 567975; 3
1670091788.728355; 568000; 3
1670091788.753354; 568025; 3
1670091788.778359; 568050; 3
1670091788.803357; 568075; 3
1670091788.828362; 568100; 3
1670091788.853359; 568125; 3
1670091788.878354; 568150; 3
1670091788.903354; 568175; 3
1670091788.928359; 568200; 3
1670091788.953359; 568225; 3
1670091788.978359; 568250; 3
1670091789.003359; 568275; 3
1670091789.028369; 568300; 3
1670091789.053356; 568325; 3
1670091789.078360; 568350; 3
1670091789.103355; 568375; 3
1670091789.128359; 568400; 3
1670091789.153355; 568425; 3
1670091789.178354; 568450; 3
1670091789.203354; 568475; 3
1670091789.228354; 568500; 3
1670091789.253359; 568525; 3
1670091789.278361; 568550; 3
1670091789.303359; 568575; 3
1670091789.328359; 568600; 3
1670091789.353364; 568625; 3
1670091789.378360; 568650; 3
1670091789.403359; 568675; 3
1670091789.428359; 568700; 3
1670091789.453362; 568725; 3
1670091789.478360; 568750; 3
1670091789.503359; 568775; 3
1670091789.528359; 568800; 3
1670091789.553364; 568825; 3
1670091789.578360; 568850; 3
1670091789.603359; 568875; 3
1670091789.628359; 568900; 3
1670091789.653359; 568925; 3
1670091789.678364; 568950; 3
1670091789.703360; 568975; 3
1670091789.728359; 569000; 3
1670091789.753359; 569025; 3
1670091789.778364; 569050; 3
1670091789.803360; 569075; 3
1670091789.828359; 569100; 3
1670091789.853359; 569125; 3
1670091789.878368; 569150; 3
1670091789.903355; 569175; 3
1670091789.928354; 569200; 3
1670091789.953354; 569225; 3
1670091789.978359; 569250; 3
1670091790.003355; 569275; 3
1670091790.028361; 569300; 3
1670091790.053355; 569325; 3
1670091790.078360; 569350; 3
1670091790.103360; 569375; 3
1670091790.128355; 569400; 3
1670091790.153354; 569425; 3
1670091790.178354; 569450; 3
1670091790.203359; 569475; 3
1670091790.228355; 569500; 3
1670091790.253354; 569525; 3
1670091790.278359; 569550; 3
1670091790.303368; 569575; 3
1670091790.328361; 569600; 4
1670091790.353354; 569625; 4
1670091790.378354; 569650; 4
1670091790.403363; 569675; 4
1670091790.428362; 569700; 4
1670091790.453354; 569725; 4
1670091790.478354; 569750; 4
1670091790.503359; 569775; 4
1670091790.528364; 569800; 4
1670091790.553361; 569825; 4
1670091790.578359; 569850; 4
1670091790.603354; 569875; 4
1670091790.628359; 569900; 4
1670091790.653355; 569925; 4
1670091790.678354; 569950; 4
1670091790.703354; 569975; 4
1670091790.728362; 570000; 4
1670091790.753355; 570025; 4
1670091790.778359; 570050; 4
1670091790.803359; 570075; 4
1670091790.828359; 570100; 5
1670091790.853388; 570125; 5
1670091790.878355; 570150; 5
1670091790.903357; 570175; 5
1670091790.928354; 570200; 5
1670091790.953359; 570225; 5
1670091790.978355; 570250; 5
1670091791.003354; 570275; 5
1670091791.028360; 570300; 5
1670091791.053360; 570325; 5
1670091791.078362; 570350; 5
1670091791.103359; 570375; 5
1670091791.128354; 570400; 5
1670091791.153368; 570425; 5
1670091791.178361; 570450; 5
1670091791.203359; 570475; 5
1670091791.228359; 570500; 5
1670091791.253359; 570525; 6
1670091791.278364; 570550; 6
1670091791.303360; 570575; 6
1670091791.328354; 570600; 6
1670091791.353354; 570625; 7
1670091791.378364; 570650; 7
1670091791.403360; 570675; 7
1670091791.428359; 570700; 7
1670091791.453359; 570725; 7
1670091791.478359; 570750; 7
1670091791.503355; 570775; 7
1670091791.528359; 570800; 7
1670091791.553359; 570825; 8
1670091791.578368; 570850; 8
1670091791.603361; 570875; 8
1670091791.628359; 570900; 8
1670091791.653359; 570925; 9
1670091791.678359; 570950; 9
1670091791.703364; 570975; 9
1670091791.728361; 571000; 9
1670091791.753359; 571025; 10
1670091791.778359; 571050; 10
1670091791.803359; 571075; 10
1670091791.828355; 571100; 10
1670091791.853359; 571125; 12
1670091791.878365; 571150; 12
1670091791.903364; 571175; 12
1670091791.928356; 571200; 12
1670091791.953359; 571225; 13
1670091791.978359; 571250; 13
1670091792.003362; 571275; 13
1670091792.028362; 571300; 13
1670091792.053361; 571325; 13
1670091792.078360; 571350; 13
1670091792.103360; 571375; 13
1670091792.128355; 571400; 13
1670091792.153354; 571425; 13
1670091792.178354; 571450; 13
1670091792.203359; 571475; 13
1670091792.228355; 571500; 13
1670091792.253359; 571525; 13
1670091792.278359; 571550; 12
1670091792.303359; 571575; 12
1670091792.328359; 571600; 12
1670091792.353360; 571625; 12
1670091792.378354; 571650; 11
1670091792.403359; 571675; 11
1670091792.428362; 571700; 11
1670091792.453360; 571725; 11
1670091792.478354; 571750; 13
1670091792.503354; 571775; 13
1670091792.528359; 571800; 13
1670091792.553360; 571825; 13
1670091792.578354; 571850; 13
1670091792.603354; 571875; 13
1670091792.628359; 571900; 13
1670091792.653360; 571925; 13
1670091792.678354; 571950; 10
1670091792.703354; 571975; 10
1670091792.728359; 572000; 10
1670091792.753355; 572025; 10
1670091792.778359; 572050; 7
1670091792.803359; 572075; 7
1670091792.828368; 572100; 7
1670091792.853360; 572125; 7
1670091792.878359; 572150; 3
1670091792.903360; 572175; 3
1670091792.928359; 572200; 3
1670091792.953364; 572225; 3
1670091792.978360; 572250; 3
1670091793.003359; 572275; 3
1670091793.028363; 572300; 3
1670091793.053365; 572325; 3
1670091793.078362; 572350; 3
1670091793.103361; 572375; 3
1670091793.128361; 572400; 3
1670091793.153364; 572425; 3
1670091793.178360; 572450; 3
1670091793.203354; 572475; 3
1670091793.228354; 572500; 3
1670091793.253368; 572525; 3
1670091793.278356; 572550; 3
1670091793.303361; 572575; 3
1670091793.328359; 572600; 3
1670091793.353359; 572625; 3
1670091793.378359; 572650; 3
1670091793.403355; 572675; 3
1670091793.428354; 572700; 3
1670091793.453354; 572725; 3
1670091793.478359; 572750; 3
1670091793.503355; 572775; 3
1670091793.528354; 572800; 3
1670091793.553354; 572825; 3
1670091793.578359; 572850; 3
1670091793.603355; 572875; 3
1670091793.628354; 572900; 3
1670091793.653354; 572925; 3
1670091793.678368; 572950; 3
1670091793.703360; 572975; 3
1670091793.728359; 573000; 3
1670091793.753359; 573025; 3
1670091793.778359; 573050; 3
1670091793.803364; 573075; 3
1670091793.828355; 573100; 3
1670091793.853354; 573125; 3
1670091793.878354; 573150; 3
1670091793.903359; 573175; 3
1670091793.928355; 573200; 3
1670091793.953354; 573225; 3
1670091793.978359; 573250; 3
1670091794.003364; 573275; 3
1670091794.028356; 573300; 3
1670091794.053361; 573325; 3
1670091794.078353; 573350; 3
1670091794.103362; 573375; 3
1670091794.128362; 573400; 3
1670091794.153354; 573425; 3
1670091794.178354; 573450; 3
1670091794.203354; 573475; 3
1670091794.228359; 573500; 3
1670091794.253355; 573525; 3
1670091794.278359; 573550; 3
1670091794.303359; 573575; 3
1670091794.328364; 573600; 3
1670091794.353360; 573625; 3
1670091794.378359; 573650; 3
1670091794.403354; 573675; 3
1670091794.428359; 573700; 3
1670091794.453355; 573725; 3
1670091794.478354; 573750; 3
1670091794.503354; 573775; 3
1670091794.528354; 573800; 3
1670091794.553362; 573825; 3
1670091794.578355; 573850; 3
1670091794.603354; 573875; 3
1670091794.628354; 573900; 3
1670091794.653359; 573925; 3
1670091794.678355; 573950; 3
1670091794.703354; 573975; 3
1670091794.728354; 574000; 3
1670091794.753359; 574025; 3
1670091794.778361; 574050; 3
1670091794.803354; 574075; 3
1670091794.828354; 574100; 3
1670091794.853364; 574125; 3
1670091794.878361; 574150; 3
1670091794.903359; 574175; 3
1670091794.928359; 574200; 3
1670091794.953359; 574225; 3
1670091794.978362; 574250; 3
1670091795.003355; 574275; 3
1670091795.028361; 574300; 3
1670091795.053355; 574325; 3
1670091795.078365; 574350; 3
1670091795.103367; 574375; 3
1670091795.128359; 574400; 3
1670091795.153359; 574425; 3
1670091795.178364; 574450; 3
1670091795.203360; 574475; 3
1670091795.228354; 574500; 2
1670091795.253354; 574525; 2
1670091795.278364; 574550; 2
1670091795.303360; 574575; 2
1670091795.328359; 574600; 3
1670091795.353359; 574625; 3
1670091795.378359; 574650; 3
1670091795.403368; 574675; 3
1670091795.428360; 574700; 3
1670091795.453359; 574725; 3
1670091795.478359; 574750; 3
1670091795.503364; 574775; 3
1670091795.528361; 574800; 3
1670091795.553359; 574825; 3
1670091795.578359; 574850; 3
1670091795.603364; 574875; 3
1670091795.628360; 574900; 3
1670091795.653359; 574925; 3
1670091795.678359; 574950; 3
1670091795.703357; 574975; 3
1670091795.728356; 575000; 3
1670091795.753359; 575025; 3
1670091795.778359; 575050; 3
1670091795.803359; 575075; 3
1670091795.828362; 575100; 3
1670091795.853355; 575125; 3
1670091795.878359; 575150; 3
1670091795.903359; 575175; 3
1670091795.928364; 575200; 3
1670091795.953360; 575225; 3
1670091795.978359; 575250; 3
1670091796.003359; 575275; 3
1670091796.028360; 575300; 3
1670091796.053362; 575325; 3
1670091796.078355; 575350; 3
1670091796.103361; 575375; 3
1670091796.128359; 575400; 3
1670091796.153364; 575425; 3
1670091796.178361; 575450; 3
1670091796.203359; 575475; 3
1670091796.228355; 575500; 3
1670091796.253368; 575525; 3
1670091796.278360; 575550; 3
1670091796.303359; 575575; 3
1670091796.328359; 575600; 3
1670091796.353364; 575625; 3
1670091796.378360; 575650; 3
1670091796.403354; 575675; 3
1670091796.428354; 575700; 3
1670091796.453364; 575725; 3
1670091796.478360; 575750; 3
1670091796.503359; 575775; 3
1670091796.528359; 575800; 3
1670091796.553359; 575825; 3
1670091796.578364; 575850; 3
1670091796.603360; 575875; 3
1670091796.628359; 575900; 3
1670091796.653354; 575925; 3
1670091796.678368; 575950; 3
1670091796.703360; 575975; 3
1670091796.728359; 576000; 3
1670091796.753359; 576025; 3
1670091796.778364; 576050; 3
1670091796.803360; 576075; 3
1670091796.828359; 576100; 3
1670091796.853359; 576125; 3
1670091796.878364; 576150; 3
1670091796.903355; 576175; 3
1670091796.928354; 576200; 3
1670091796.953354; 576225; 3
1670091796.978354; 576250; 3
1670091797.003359; 576275; 3
1670091797.028362; 576300; 3
1670091797.053355; 576325; 3
1670091797.078361; 576350; 2
1670091797.103369; 576375; 2
1670091797.128355; 576400; 2
1670091797.153359; 576425; 2
1670091797.178359; 576450; 3
1670091797.203364; 576475; 3
1670091797.228360; 576500; 3
1670091797.253357; 576525; 3
1670091797.278359; 576550; 3
1670091797.303357; 576575; 3
1670091797.328356; 576600; 3
1670091797.353359; 576625; 3
1670091797.378359; 576650; 3
1670091797.403359; 576675; 3
1670091797.428364; 576700; 3
1670091797.453360; 576725; 3
1670091797.478354; 576750; 2
1670091797.503354; 576775; 2
1670091797.528368; 576800; 2
1670091797.553360; 576825; 2
1670091797.578359; 576850; 3
1670091797.603359; 576875; 3
1670091797.628364; 576900; 3
1670091797.653361; 576925; 3
1670091797.678359; 576950; 3
1670091797.703359; 576975; 3
1670091797.728359; 577000; 3
1670091797.753364; 577025; 3
1670091797.778361; 577050; 3
1670091797.803359; 577075; 3
1670091797.828359; 577100; 3
1670091797.853364; 577125; 3
1670091797.878355; 577150; 3
1670091797.903354; 577175; 3
1670091797.928359; 577200; 3
1670091797.953362; 577225; 3
1670091797.978360; 577250; 2
1670091798.003359; 577275; 2
1670091798.028355; 577300; 2
1670091798.053360; 577325; 2
1670091798.078360; 577350; 2
1670091798.103355; 577375; 3
1670091798.128354; 577400; 3
1670091798.153354; 577425; 3
1670091798.178364; 577450; 3
1670091798.203360; 577475; 3
1670091798.228359; 577500; 3
1670091798.253359; 577525; 3
1670091798.278359; 577550; 3
1670091798.303355; 577575; 3
1670091798.328354; 577600; 3
1670091798.353354; 577625; 3
1670091798.378368; 577650; 3
1670091798.403361; 577675; 3
1670091798.428359; 577700; 3
1670091798.453359; 577725; 3
1670091798.478364; 577750; 3
1670091798.503355; 577775; 3
1670091798.528354; 577800; 3
1670091798.553359; 577825; 3
1670091798.578359; 577850; 3
1670091798.603364; 577875; 3
1670091798.628360; 577900; 3
1670091798.653359; 577925; 3
1670091798.678359; 577950; 3
1670091798.703359; 577975; 3
1670091798.728355; 578000; 3
1670091798.753354; 578025; 3
1670091798.778354; 578050; 3
1670091798.803368; 578075; 3
1670091798.828355; 578100; 3
1670091798.853354; 578125; 3
1670091798.878354; 578150; 3
1670091798.903363; 578175; 3
1670091798.928362; 578200; 3
1670091798.953354; 578225; 3
1670091798.978354; 578250; 3
1670091799.003354; 578275; 3
1670091799.028365; 578300; 3
1670091799.053356; 578325; 3
1670091799.078361; 578350; 3
1670091799.103361; 578375; 3
1670091799.128364; 578400; 3
1670091799.153360; 578425; 3
1670091799.178359; 578450; 3
1670091799.203359; 578475; 3
1670091799.228362; 578500; 3
1670091799.253355; 578525; 3
1670091799.278354; 578550; 3
1670091799.303359; 578575; 3
1670091799.328359; 578600; 3
1670091799.353364; 578625; 3
1670091799.378360; 578650; 3
1670091799.403359; 578675; 3
1670091799.428359; 578700; 3
1670091799.453364; 578725; 3
1670091799.478361; 578750; 3
1670091799.503359; 578775; 3
1670091799.528359; 578800; 3
1670091799.553364; 578825; 3
1670091799.578355; 578850; 3
1670091799.603354; 578875; 3
1670091799.628354; 578900; 3
1670091799.653362; 578925; 3
1670091799.678355; 578950; 3
1670091799.703354; 578975; 3
1670091799.728354; 579000; 3
1670091799.753354; 579025; 3
1670091799.778364; 579050; 3
1670091799.803361; 579075; 3
1670091799.828359; 579100; 3
1670091799.853359; 579125; 3
1670091799.878364; 579150; 3
1670091799.903360; 579175; 3
1670091799.928354; 579200; 3
1670091799.953354; 579225; 3
1670091799.978359; 579250; 3
1670091800.003355; 579275; 3
1670091800.028360; 579300; 3
1670091800.053355; 579325; 3
1670091800.078363; 579350; 3
1670091800.103362; 579375; 3
1670091800.128354; 579400; 3
1670091800.153354; 579425; 3
1670091800.178354; 579450; 3
1670091800.203359; 579475; 3
1670091800.228355; 579500; 3
1670091800.253354; 579525; 3
1670091800.278359; 579550; 3
1670091800.303364; 579575; 3
1670091800.328360; 579600; 3
1670091800.353359; 579625; 3
1670091800.378359; 579650; 3
1670091800.403364; 579675; 3
1670091800.428361; 579700; 3
1670091800.453359; 579725; 3
1670091800.478359; 579750; 3
1670091800.503366; 579775; 3
1670091800.528362; 579800; 3
1670091800.553354; 579825; 3
1670091800.578354; 579850; 3
1670091800.603359; 579875; 3
1670091800.628364; 579900; 3
1670091800.653361; 579925; 3
1670091800.678359; 579950; 3
1670091800.703359; 579975; 3
1670091800.728364; 580000; 3
1670091800.753360; 580025; 3
1670091800.778359; 580050; 3
1670091800.803359; 580075; 3
1670091800.828364; 580100; 3
1670091800.853360; 580125; 3
1670091800.878359; 580150; 3
1670091800.903359; 580175; 3
1670091800.928359; 580200; 3
1670091800.953362; 580225; 3
1670091800.978355; 580250; 3
1670091801.003359; 580275; 3
1670091801.028355; 580300; 3
1670091801.053360; 580325; 3
1670091801.078356; 580350; 3
1670091801.103361; 580375; 3
1670091801.128359; 580400; 3
1670091801.153359; 580425; 3
1670091801.178355; 580450; 3
1670091801.203354; 580475; 3
1670091801.228354; 580500; 3
1670091801.253359; 580525; 3
1670091801.278361; 580550; 3
1670091801.303359; 580575; 3
1670091801.328359; 580600; 3
1670091801.353359; 580625; 3
1670091801.378362; 580650; 3
1670091801.403355; 580675; 3
1670091801.428354; 580700; 3
1670091801.453354; 580725; 3
1670091801.478359; 580750; 3
1670091801.503356; 580775; 3
1670091801.528354; 580800; 3
1670091801.553355; 580825; 3
1670091801.578359; 580850; 3
1670091801.603355; 580875; 3
1670091801.628354; 580900; 3
1670091801.653354; 580925; 3
1670091801.678359; 580950; 3
1670091801.703355; 580975; 3
1670091801.728354; 581000; 3
1670091801.753354; 581025; 3
1670091801.778359; 581050; 3
1670091801.803362; 581075; 3
1670091801.828355; 581100; 3
1670091801.853354; 581125; 3
1670091801.878354; 581150; 3
1670091801.903359; 581175; 3
1670091801.928355; 581200; 3
1670091801.953354; 581225; 3
1670091801.978359; 581250; 3
1670091802.003364; 581275; 3
1670091802.028356; 581300; 3
1670091802.053361; 581325; 3
1670091802.078355; 581350; 3
1670091802.103359; 581375; 3
1670091802.128356; 581400; 3
1670091802.153359; 581425; 3
1670091802.178359; 581450; 3
1670091802.203359; 581475; 3
1670091802.228368; 581500; 3
1670091802.253355; 581525; 3
1670091802.278359; 581550; 3
1670091802.303359; 581575; 3
1670091802.328364; 581600; 3
1670091802.353361; 581625; 3
1670091802.378359; 581650; 3
1670091802.403359; 581675; 3
1670091802.428364; 581700; 3
1670091802.453361; 581725; 3
1670091802.478359; 581750; 3
1670091802.503359; 581775; 3
1670091802.528361; 581800; 3
1670091802.553359; 581825; 3
1670091802.578360; 581850; 3
1670091802.603359; 581875; 3
1670091802.628359; 581900; 3
1670091802.653362; 581925; 3
1670091802.678355; 581950; 3
1670091802.703354; 581975; 3
1670091802.728359; 582000; 3
1670091802.753364; 582025; 3
1670091802.778360; 582050; 3
1670091802.803359; 582075; 3
1670091802.828359; 582100; 3
1670091802.853364; 582125; 3
1670091802.878361; 582150; 3
1670091802.903359; 582175; 3
1670091802.928359; 582200; 3
1670091802.953359; 582225; 3
1670091802.978364; 582250; 3
1670091803.003360; 582275; 3
1670091803.028355; 582300; 3
1670091803.053360; 582325; 3
1670091803.078363; 582350; 3
1670091803.103362; 582375; 3
1670091803.128354; 582400; 3
1670091803.153354; 582425; 3
1670091803.178359; 582450; 3
1670091803.203355; 582475; 3
1670091803.228354; 582500; 3
1670091803.253354; 582525; 3
1670091803.278364; 582550; 3
1670091803.303355; 582575; 3
1670091803.328354; 582600; 3
1670091803.353354; 582625; 3
1670091803.378354; 582650; 3
1670091803.403364; 582675; 3
1670091803.428360; 582700; 3
1670091803.453359; 582725; 3
1670091803.478359; 582750; 3
1670091803.503368; 582775; 3
1670091803.528361; 582800; 3
1670091803.553363; 582825; 3
1670091803.578354; 582850; 3
1670091803.603359; 582875; 3
1670091803.628355; 582900; 3
1670091803.653354; 582925; 3
1670091803.678354; 582950; 3
1670091803.703363; 582975; 3
1670091803.728362; 583000; 3
1670091803.753354; 583025; 3
1670091803.778359; 583050; 3
1670091803.803354; 583075; 3
1670091803.828364; 583100; 3
1670091803.853361; 583125; 3
1670091803.878359; 583150; 3
1670091803.903359; 583175; 3
1670091803.928368; 583200; 3
1670091803.953361; 583225; 3
1670091803.978359; 583250; 3
1670091804.003359; 583275; 3
1670091804.028360; 583300; 3
1670091804.053362; 583325; 3
1670091804.078360; 583350; 3
1670091804.103355; 583375; 3
1670091804.128354; 583400; 3
1670091804.153359; 583425; 3
1670091804.178355; 583450; 3
1670091804.203354; 583475; 3
1670091804.228359; 583500; 3
1670091804.253364; 583525; 3
1670091804.278361; 583550; 3
1670091804.303359; 583575; 3
1670091804.328359; 583600; 3
1670091804.353368; 583625; 3
1670091804.378361; 583650; 3
1670091804.403359; 583675; 3
1670091804.428354; 583700; 3
1670091804.453359; 583725; 3
1670091804.478355; 583750; 3
1670091804.503354; 583775; 3
1670091804.528354; 583800; 3
1670091804.553354; 583825; 3
1670091804.578359; 583850; 3
1670091804.603355; 583875; 3
1670091804.628360; 583900; 3
1670091804.653359; 583925; 3
1670091804.678364; 583950; 3
1670091804.703360; 583975; 3
1670091804.728359; 584000; 3
1670091804.753359; 584025; 3
1670091804.778368; 584050; 3
1670091804.803360; 584075; 3
1670091804.828359; 584100; 3
1670091804.853354; 584125; 3
1670091804.878359; 584150; 3
1670091804.903355; 584175; 3
1670091804.928354; 584200; 3
1670091804.953354; 584225; 3
1670091804.978354; 584250; 3
1670091805.003359; 584275; 3
1670091805.028362; 584300; 3
1670091805.053355; 584325; 3
1670091805.078360; 584350; 3
1670091805.103360; 584375; 3
1670091805.128355; 584400; 3
1670091805.153354; 584425; 3
1670091805.178354; 584450; 3
1670091805.203368; 584475; 3
1670091805.228360; 584500; 3
1670091805.253354; 584525; 3
1670091805.278359; 584550; 3
1670091805.303357; 584575; 3
1670091805.328356; 584600; 3
1670091805.353354; 584625; 3
1670091805.378354; 584650; 3
1670091805.403354; 584675; 3
1670091805.428359; 584700; 3
1670091805.453360; 584725; 3
1670091805.478359; 584750; 3
1670091805.503359; 584775; 3
1670091805.528364; 584800; 3
1670091805.553360; 584825; 3
1670091805.578359; 584850; 3
1670091805.603359; 584875; 3
1670091805.628368; 584900; 3
1670091805.653355; 584925; 3
1670091805.678354; 584950; 3
1670091805.703354; 584975; 3
1670091805.728354; 585000; 3
1670091805.753359; 585025; 3
1670091805.778361; 585050; 3
1670091805.803359; 585075; 3
1670091805.828359; 585100; 3
1670091805.853364; 585125; 3
1670091805.878355; 585150; 3
1670091805.903354; 585175; 3
1670091805.928354; 585200; 3
1670091805.953359; 585225; 3
1670091805.978355; 585250; 3
1670091806.003354; 585275; 3
1670091806.028360; 585300; 3
1670091806.053363; 585325; 3
1670091806.078362; 585350; 3
1670091806.103355; 585375; 3
1670091806.128359; 585400; 3
1670091806.153359; 585425; 3
1670091806.178364; 585450; 3
1670091806.203360; 585475; 3
1670091806.228359; 585500; 3
1670091806.253359; 585525; 3
1670091806.278364; 585550; 3
1670091806.303361; 585575; 3
1670091806.328359; 585600; 3
1670091806.353359; 585625; 3
1670091806.378364; 585650; 3
1670091806.403360; 585675; 3
1670091806.428359; 585700; 3
1670091806.453359; 585725; 3
1670091806.478362; 585750; 3
1670091806.503355; 585775; 3
1670091806.528354; 585800; 3
1670091806.553354; 585825; 3
1670091806.578354; 585850; 4
1670091806.603359; 585875; 4
1670091806.628355; 585900; 4
1670091806.653354; 585925; 4
1670091806.678359; 585950; 4
1670091806.703364; 585975; 4
1670091806.728360; 586000; 4
1670091806.753359; 586025; 4
1670091806.778359; 586050; 4
1670091806.803364; 586075; 4
1670091806.828361; 586100; 4
1670091806.853359; 586125; 4
1670091806.878360; 586150; 4
1670091806.903366; 586175; 4
1670091806.928362; 586200; 4
1670091806.953354; 586225; 4
1670091806.978354; 586250; 4
1670091807.003354; 586275; 4
1670091807.028365; 586300; 4
1670091807.053362; 586325; 4
1670091807.078355; 586350; 4
1670091807.103355; 586375; 4
1670091807.128359; 586400; 4
1670091807.153355; 586425; 4
1670091807.178354; 586450; 4
1670091807.203354; 586475; 4
1670091807.228359; 586500; 4
1670091807.253355; 586525; 4
1670091807.278354; 586550; 4
1670091807.303359; 586575; 4
1670091807.328359; 586600; 4
1670091807.353368; 586625; 4
1670091807.378361; 586650; 4
1670091807.403359; 586675; 4
1670091807.428359; 586700; 4
1670091807.453364; 586725; 4
1670091807.478361; 586750; 4
1670091807.503354; 586775; 5
1670091807.528354; 586800; 5
1670091807.553359; 586825; 5
1670091807.578355; 586850; 5
1670091807.603354; 586875; 5
1670091807.628354; 586900; 5
1670091807.653364; 586925; 5
1670091807.678360; 586950; 5
1670091807.703354; 586975; 5
1670091807.728354; 587000; 5
1670091807.753354; 587025; 5
1670091807.778368; 587050; 5
1670091807.803360; 587075; 6
1670091807.828359; 587100; 6
1670091807.853359; 587125; 6
1670091807.878364; 587150; 6
1670091807.903361; 587175; 6
1670091807.928359; 587200; 6
1670091807.953359; 587225; 6
1670091807.978364; 587250; 6
1670091808.003360; 587275; 7
1670091808.028360; 587300; 7
1670091808.053355; 587325; 7
1670091808.078365; 587350; 7
1670091808.103356; 587375; 9
1670091808.128354; 587400; 9
1670091808.153354; 587425; 9
1670091808.178354; 587450; 9
1670091808.203362; 587475; 10
1670091808.228355; 587500; 10
1670091808.253359; 587525; 10
1670091808.278359; 587550; 10
1670091808.303364; 587575; 11
1670091808.328361; 587600; 11
1670091808.353354; 587625; 11
1670091808.378354; 587650; 11
1670091808.403359; 587675; 12
1670091808.428355; 587700; 12
1670091808.453359; 587725; 12
1670091808.478354; 587750; 12
1670091808.503359; 587775; 13
1670091808.528355; 587800; 13
1670091808.553359; 587825; 13
1670091808.578359; 587850; 13
1670091808.603368; 587875; 13
1670091808.628355; 587900; 13
1670091808.653359; 587925; 13
1670091808.678359; 587950; 13
1670091808.703364; 587975; 13
1670091808.728360; 588000; 14
1670091808.753354; 588025; 14
1670091808.778354; 588050; 14
1670091808.803357; 588075; 14
1670091808.828356; 588100; 13
1670091808.853359; 588125; 13
1670091808.878359; 588150; 13
1670091808.903359; 588175; 13
1670091808.928359; 588200; 16
1670091808.953355; 588225; 16
1670091808.978373; 588250; 16
1670091809.003354; 588275; 16
1670091809.028369; 588300; 17
1670091809.053356; 588325; 17
1670091809.078355; 588350; 17
1670091809.103360; 588375; 17
1670091809.128364; 588400; 17
1670091809.153360; 588425; 17
1670091809.178354; 588450; 17
1670091809.203354; 588475; 17
1670091809.228359; 588500; 15
1670091809.253355; 588525; 15
1670091809.278359; 588550; 15
1670091809.303359; 588575; 15
1670091809.328359; 588600; 8
1670091809.353361; 588625; 8
1670091809.378359; 588650; 8
1670091809.403359; 588675; 8
1670091809.428362; 588700; 4
1670091809.453355; 588725; 4
1670091809.478354; 588750; 4
1670091809.503354; 588775; 4
1670091809.528354; 588800; 3
1670091809.553359; 588825; 3
1670091809.578355; 588850; 3
1670091809.603354; 588875; 3
1670091809.628354; 588900; 3
1670091809.653359; 588925; 3
1670091809.678355; 588950; 3
1670091809.703354; 588975; 3
1670091809.728354; 589000; 3
1670091809.753359; 589025; 3
1670091809.778355; 589050; 3
1670091809.803354; 589075; 3
1670091809.828354; 589100; 3
1670091809.853362; 589125; 3
1670091809.878355; 589150; 3
1670091809.903354; 589175; 3
1670091809.928354; 589200; 3
1670091809.953359; 589225; 3
1670091809.978364; 589250; 3
1670091810.003362; 589275; 3
1670091810.028360; 589300; 3
1670091810.053355; 589325; 3
1670091810.078365; 589350; 3
1670091810.103356; 589375; 3
1670091810.128354; 589400; 3
1670091810.153354; 589425; 3
1670091810.178364; 589450; 3
1670091810.203360; 589475; 3
1670091810.228359; 589500; 3
1670091810.253359; 589525; 3
1670091810.278366; 589550; 3
1670091810.303362; 589575; 3
1670091810.328354; 589600; 3
1670091810.353354; 589625; 3
1670091810.378359; 589650; 3
1670091810.403364; 589675; 3
1670091810.428360; 589700; 3
1670091810.453359; 589725; 3
1670091810.478359; 589750; 3
1670091810.503364; 589775; 3
1670091810.528355; 589800; 3
1670091810.553354; 589825; 3
1670091810.578359; 589850; 3
1670091810.603364; 589875; 3
1670091810.628360; 589900; 3
1670091810.653359; 589925; 3
1670091810.678359; 589950; 3
1670091810.703359; 589975; 3
1670091810.728363; 590000; 3
1670091810.753360; 590025; 3
1670091810.778359; 590050; 3
1670091810.803359; 590075; 3
1670091810.828364; 590100; 3
1670091810.853361; 590125; 3
1670091810.878359; 590150; 3
1670091810.903359; 590175; 3
1670091810.928364; 590200; 3
1670091810.953360; 590225; 3
1670091810.978354; 590250; 3
1670091811.003354; 590275; 3
1670091811.028360; 590300; 3
1670091811.053362; 590325; 3
1670091811.078355; 590350; 3
1670091811.103360; 590375; 3
1670091811.128359; 590400; 3
1670091811.153362; 590425; 3
1670091811.178355; 590450; 3
1670091811.203354; 590475; 3
1670091811.228354; 590500; 3
1670091811.253359; 590525; 3
1670091811.278360; 590550; 3
1670091811.303354; 590575; 3
1670091811.328354; 590600; 3
1670091811.353359; 590625; 3
1670091811.378355; 590650; 3
1670091811.403359; 590675; 3
1670091811.428359; 590700; 3
1670091811.453364; 590725; 3
1670091811.478361; 590750; 3
1670091811.503359; 590775; 3
1670091811.528354; 590800; 3
1670091811.553354; 590825; 3
1670091811.578368; 590850; 3
1670091811.603355; 590875; 3
1670091811.628354; 590900; 3
1670091811.653359; 590925; 3
1670091811.678364; 590950; 3
1670091811.703360; 590975; 3
1670091811.728359; 591000; 3
1670091811.753359; 591025; 3
1670091811.778364; 591050; 3
1670091811.803355; 591075; 3
1670091811.828354; 591100; 3
1670091811.853354; 591125; 3
1670091811.878363; 591150; 3
1670091811.903356; 591175; 3
1670091811.928354; 591200; 3
1670091811.953354; 591225; 3
1670091811.978354; 591250; 3
1670091812.003362; 591275; 3
1670091812.028362; 591300; 3
1670091812.053355; 591325; 3
1670091812.078361; 591350; 3
1670091812.103360; 591375; 3
1670091812.128355; 591400; 3
1670091812.153356; 591425; 3
1670091812.178354; 591450; 3
1670091812.203379; 591475; 3
1670091812.228360; 591500; 3
1670091812.253359; 591525; 3
1670091812.278359; 591550; 3
1670091812.303359; 591575; 3
1670091812.328364; 591600; 3
1670091812.353360; 591625; 3
1670091812.378359; 591650; 3
1670091812.403359; 591675; 3
1670091812.428362; 591700; 3
1670091812.453355; 591725; 3
1670091812.478354; 591750; 3
1670091812.503354; 591775; 3
1670091812.528359; 591800; 3
1670091812.553355; 591825; 3
1670091812.578354; 591850; 3
1670091812.603354; 591875; 3
1670091812.628364; 591900; 3
1670091812.653360; 591925; 3
1670091812.678354; 591950; 3
1670091812.703354; 591975; 3
1670091812.728354; 592000; 3
1670091812.753359; 592025; 3
1670091812.778360; 592050; 3
1670091812.803359; 592075; 3
1670091812.828359; 592100; 3
1670091812.853368; 592125; 3
1670091812.878361; 592150; 3
1670091812.903359; 592175; 3
1670091812.928379; 592200; 3
1670091812.953364; 592225; 3
1670091812.978360; 592250; 3
1670091813.003359; 592275; 3
1670091813.028360; 592300; 3
1670091813.053360; 592325; 3
1670091813.078362; 592350; 3
1670091813.103355; 592375; 3
1670091813.128354; 592400; 3
1670091813.153359; 592425; 3
1670091813.178358; 592450; 3
1670091813.203355; 592475; 3
1670091813.228363; 592500; 3
1670091813.253354; 592525; 3
1670091813.278368; 592550; 3
1670091813.303361; 592575; 3
1670091813.328359; 592600; 3
1670091813.353359; 592625; 3
1670091813.378364; 592650; 3
1670091813.403360; 592675; 3
1670091813.428359; 592700; 3
1670091813.453359; 592725; 3
1670091813.478357; 592750; 3
1670091813.503362; 592775; 3
1670091813.528354; 592800; 3
1670091813.553354; 592825; 3
1670091813.578354; 592850; 3
1670091813.603359; 592875; 3
1670091813.628355; 592900; 3
1670091813.653359; 592925; 3
1670091813.678359; 592950; 3
1670091813.703368; 592975; 3
1670091813.728360; 593000; 3
1670091813.753359; 593025; 3
1670091813.778359; 593050; 3
1670091813.803364; 593075; 3
1670091813.828360; 593100; 3
1670091813.853354; 593125; 3
1670091813.878354; 593150; 3
1670091813.903354; 593175; 3
1670091813.928359; 593200; 3
1670091813.953355; 593225; 3
1670091813.978354; 593250; 3
1670091814.003354; 593275; 3
1670091814.028365; 593300; 3
1670091814.053362; 593325; 3
1670091814.078355; 593350; 3
1670091814.103360; 593375; 3
1670091814.128368; 593400; 3
1670091814.153360; 593425; 3
1670091814.178359; 593450; 3
1670091814.203359; 593475; 3
1670091814.228364; 593500; 3
1670091814.253360; 593525; 3
1670091814.278359; 593550; 3
1670091814.303359; 593575; 3
1670091814.328359; 593600; 3
1670091814.353364; 593625; 3
1670091814.378360; 593650; 3
1670091814.403359; 593675; 3
1670091814.428359; 593700; 3
1670091814.453364; 593725; 3
1670091814.478355; 593750; 3
1670091814.503354; 593775; 3
1670091814.528354; 593800; 3
1670091814.553368; 593825; 3
1670091814.578361; 593850; 3
1670091814.603359; 593875; 3
1670091814.628359; 593900; 3
1670091814.653364; 593925; 3
1670091814.678355; 593950; 3
1670091814.703354; 593975; 3
1670091814.728359; 594000; 3
1670091814.753359; 594025; 3
1670091814.778364; 594050; 3
1670091814.803360; 594075; 3
1670091814.828359; 594100; 3
1670091814.853359; 594125; 3
1670091814.878364; 594150; 3
1670091814.903360; 594175; 3
1670091814.928354; 594200; 3
1670091814.953359; 594225; 3
1670091814.978362; 594250; 3
1670091815.003355; 594275; 3
1670091815.028361; 594300; 3
1670091815.053355; 594325; 3
1670091815.078359; 594350; 3
1670091815.103363; 594375; 3
1670091815.128354; 594400; 3
1670091815.153354; 594425; 4
1670091815.178354; 594450; 4
1670091815.203359; 594475; 4
1670091815.228355; 594500; 4
1670091815.253354; 594525; 4
1670091815.278354; 594550; 4
1670091815.303359; 594575; 4
1670091815.328355; 594600; 4
1670091815.353354; 594625; 4
1670091815.378354; 594650; 4
1670091815.403368; 594675; 4
1670091815.428360; 594700; 4
1670091815.453359; 594725; 4
1670091815.478359; 594750; 4
1670091815.503354; 594775; 4
1670091815.528359; 594800; 4
1670091815.553355; 594825; 4
1670091815.578354; 594850; 4
1670091815.603354; 594875; 4
1670091815.628359; 594900; 4
1670091815.653355; 594925; 4
1670091815.678354; 594950; 4
1670091815.703359; 594975; 4
1670091815.728364; 595000; 4
1670091815.753360; 595025; 4
1670091815.778359; 595050; 4
1670091815.803359; 595075; 4
1670091815.828362; 595100; 4
1670091815.853355; 595125; 4
1670091815.878354; 595150; 4
1670091815.903359; 595175; 4
1670091815.928359; 595200; 4
1670091815.953364; 595225; 4
1670091815.978361; 595250; 5
1670091816.003354; 595275; 5
1670091816.028361; 595300; 5
1670091816.053360; 595325; 5
1670091816.078362; 595350; 5
1670091816.103361; 595375; 5
1670091816.128359; 595400; 5
1670091816.153364; 595425; 5
1670091816.178361; 595450; 5
1670091816.203359; 595475; 5
1670091816.228359; 595500; 5
1670091816.253362; 595525; 5
1670091816.278361; 595550; 5
1670091816.303354; 595575; 5
1670091816.328354; 595600; 5
1670091816.353355; 595625; 5
1670091816.378359; 595650; 6
1670091816.403355; 595675; 6
1670091816.428354; 595700; 6
1670091816.453354; 595725; 6
1670091816.478359; 595750; 7
1670091816.503355; 595775; 7
1670091816.528354; 595800; 7
1670091816.553354; 595825; 7
1670091816.578359; 595850; 8
1670091816.603355; 595875; 8
1670091816.628354; 595900; 8
1670091816.653354; 595925; 8
1670091816.678366; 595950; 9
1670091816.703362; 595975; 9
1670091816.728354; 596000; 9
1670091816.753354; 596025; 9
1670091816.778359; 596050; 9
1670091816.803364; 596075; 11
1670091816.828355; 596100; 11
1670091816.853359; 596125; 11
1670091816.878359; 596150; 11
1670091816.903359; 596175; 15
1670091816.928355; 596200; 15
1670091816.953359; 596225; 15
1670091816.978359; 596250; 15
1670091817.003359; 596275; 17
1670091817.028362; 596300; 17
1670091817.053360; 596325; 17
1670091817.078360; 596350; 17
1670091817.103369; 596375; 22
1670091817.128355; 596400; 22
1670091817.153354; 596425; 22
1670091817.178354; 596450; 22
1670091817.203359; 596475; 24
1670091817.228355; 596500; 24
1670091817.253354; 596525; 24
1670091817.278359; 596550; 24
1670091817.303359; 596575; 25
1670091817.328383; 596600; 25
1670091817.353354; 596625; 25
1670091817.378354; 596650; 25
1670091817.403354; 596675; 24
1670091817.428359; 596700; 24
1670091817.453355; 596725; 24
1670091817.478354; 596750; 24
1670091817.503354; 596775; 24
1670091817.528409; 596800; 24
1670091817.553355; 596825; 24
1670091817.578354; 596850; 24
1670091817.603354; 596875; 26
1670091817.628359; 596900; 26
1670091817.653355; 596925; 26
1670091817.678359; 596950; 26
1670091817.703359; 596975; 31
1670091817.728359; 597000; 31
1670091817.753355; 597025; 31
1670091817.778359; 597050; 31
1670091817.803354; 597075; 31
1670091817.828359; 597100; 31
1670091817.853355; 597125; 31
1670091817.878359; 597150; 31
1670091817.903359; 597175; 31
1670091817.928362; 597200; 29
1670091817.953360; 597225; 29
1670091817.978354; 597250; 29
1670091818.003354; 597275; 29
1670091818.028365; 597300; 21
1670091818.053356; 597325; 21
1670091818.078355; 597350; 21
1670091818.103361; 597375; 21
1670091818.128363; 597400; 6
1670091818.153362; 597425; 6
1670091818.178354; 597450; 6
1670091818.203359; 597475; 6
1670091818.228359; 597500; 4
1670091818.253364; 597525; 4
1670091818.278355; 597550; 4
1670091818.303354; 597575; 4
1670091818.328354; 597600; 3
1670091818.353404; 597625; 3
1670091818.378361; 597650; 3
1670091818.403359; 597675; 3
1670091818.428359; 597700; 3
1670091818.453364; 597725; 3
1670091818.478360; 597750; 3
1670091818.503359; 597775; 3
1670091818.528359; 597800; 3
1670091818.553355; 597825; 3
1670091818.578359; 597850; 3
1670091818.603365; 597875; 3
1670091818.628359; 597900; 3
1670091818.653359; 597925; 3
1670091818.678364; 597950; 3
1670091818.703360; 597975; 3
1670091818.728359; 598000; 2
1670091818.753359; 598025; 2
1670091818.778368; 598050; 2
1670091818.803361; 598075; 2
1670091818.828359; 598100; 3
1670091818.853359; 598125; 3
1670091818.878364; 598150; 3
1670091818.903360; 598175; 3
1670091818.928359; 598200; 3
1670091818.953359; 598225; 3
1670091818.978354; 598250; 3
1670091819.003359; 598275; 3
1670091819.028356; 598300; 3
1670091819.053360; 598325; 3
1670091819.078355; 598350; 3
1670091819.103365; 598375; 3
1670091819.128360; 598400; 3
1670091819.153359; 598425; 2
1670091819.178359; 598450; 2
1670091819.203362; 598475; 2
1670091819.228355; 598500; 2
1670091819.253354; 598525; 2
1670091819.278359; 598550; 2
1670091819.303364; 598575; 2
1670091819.328360; 598600; 2
1670091819.353359; 598625; 3
1670091819.378359; 598650; 3
1670091819.403359; 598675; 3
1670091819.428364; 598700; 3
1670091819.453361; 598725; 3
1670091819.478359; 598750; 3
1670091819.503359; 598775; 3
1670091819.528364; 598800; 3
1670091819.553360; 598825; 2
1670091819.578359; 598850; 2
1670091819.603359; 598875; 2
1670091819.628368; 598900; 2
1670091819.653360; 598925; 2
1670091819.678359; 598950; 2
1670091819.703359; 598975; 2
1670091819.728357; 599000; 2
1670091819.753356; 599025; 3
1670091819.778359; 599050; 3
1670091819.803359; 599075; 3
1670091819.828359; 599100; 3
1670091819.853364; 599125; 3
1670091819.878361; 599150; 3
1670091819.903359; 599175; 3
1670091819.928359; 599200; 3
1670091819.953364; 599225; 2
1670091819.978361; 599250; 2
1670091820.003354; 599275; 2
1670091820.028361; 599300; 2
1670091820.053363; 599325; 2
1670091820.078362; 599350; 2
1670091820.103355; 599375; 2
1670091820.128354; 599400; 2
1670091820.153354; 599425; 3
1670091820.178359; 599450; 3
1670091820.203355; 599475; 3
1670091820.228354; 599500; 3
1670091820.253359; 599525; 3
1670091820.278364; 599550; 3
1670091820.303360; 599575; 3
1670091820.328359; 599600; 3
1670091820.353359; 599625; 3
1670091820.378364; 599650; 3
1670091820.403360; 599675; 3
1670091820.428359; 599700; 3
1670091820.453359; 599725; 3
1670091820.478368; 599750; 3
1670091820.503360; 599775; 3
1670091820.528359; 599800; 3
1670091820.553359; 599825; 3
1670091820.578359; 599850; 3
1670091820.603364; 599875; 3
1670091820.628360; 599900; 3
1670091820.653355; 599925; 3
1670091820.678354; 599950; 3
1670091820.703359; 599975; 3
1670091820.728355; 600000; 3
1670091820.753354; 600025; 3
1670091820.778359; 600050; 3
1670091820.803364; 600075; 3
1670091820.828360; 600100; 3
1670091820.853359; 600125; 3
1670091820.878359; 600150; 3
1670091820.903368; 600175; 3
1670091820.928360; 600200; 3
1670091820.953359; 600225; 3
1670091820.978359; 600250; 3
1670091821.003359; 600275; 3
1670091821.028365; 600300; 3
1670091821.053356; 600325; 3
1670091821.078355; 600350; 3
1670091821.103361; 600375; 3
1670091821.128364; 600400; 3
1670091821.153361; 600425; 3
1670091821.178359; 600450; 3
1670091821.203359; 600475; 3
1670091821.228359; 600500; 3
1670091821.253355; 600525; 3
1670091821.278354; 600550; 3
1670091821.303354; 600575; 3
1670091821.328372; 600600; 3
1670091821.353356; 600625; 3
1670091821.378359; 600650; 3
1670091821.403359; 600675; 3
1670091821.428354; 600700; 3
1670091821.453359; 600725; 3
1670091821.478361; 600750; 3
1670091821.503359; 600775; 3
1670091821.528359; 600800; 3
1670091821.553364; 600825; 3
1670091821.578360; 600850; 3
1670091821.603359; 600875; 3
1670091821.628354; 600900; 3
1670091821.653364; 600925; 3
1670091821.678360; 600950; 3
1670091821.703359; 600975; 3
1670091821.728359; 601000; 3
1670091821.753359; 601025; 3
1670091821.778368; 601050; 3
1670091821.803361; 601075; 3
1670091821.828359; 601100; 3
1670091821.853359; 601125; 3
1670091821.878364; 601150; 3
1670091821.903361; 601175; 3
1670091821.928359; 601200; 3
1670091821.953359; 601225; 3
1670091821.978364; 601250; 3
1670091822.003360; 601275; 3
1670091822.028355; 601300; 3
1670091822.053355; 601325; 3
1670091822.078365; 601350; 3
1670091822.103356; 601375; 3
1670091822.128354; 601400; 3
1670091822.153354; 601425; 3
1670091822.178354; 601450; 3
1670091822.203368; 601475; 3
1670091822.228360; 601500; 3
1670091822.253354; 601525; 3
1670091822.278359; 601550; 3
1670091822.303359; 601575; 3
1670091822.328355; 601600; 3
1670091822.353354; 601625; 3
1670091822.378354; 601650; 3
1670091822.403359; 601675; 3
1670091822.428355; 601700; 3
1670091822.453354; 601725; 3
1670091822.478354; 601750; 3
1670091822.503359; 601775; 3
1670091822.528355; 601800; 3
1670091822.553354; 601825; 3
1670091822.578354; 601850; 3
1670091822.603354; 601875; 3
1670091822.628362; 601900; 3
1670091822.653369; 601925; 3
1670091822.678359; 601950; 3
1670091822.703359; 601975; 3
1670091822.728364; 602000; 3
1670091822.753360; 602025; 3
1670091822.778359; 602050; 3
1670091822.803359; 602075; 3
1670091822.828364; 602100; 3
1670091822.853389; 602125; 3
1670091822.878359; 602150; 3
1670091822.903359; 602175; 3
1670091822.928357; 602200; 3
1670091822.953356; 602225; 3
1670091822.978359; 602250; 3
1670091823.003359; 602275; 3
1670091823.028355; 602300; 3
1670091823.053363; 602325; 3
1670091823.078362; 602350; 3
1670091823.103355; 602375; 3
1670091823.128354; 602400; 3
1670091823.153359; 602425; 3
1670091823.178355; 602450; 3
1670091823.203354; 602475; 3
1670091823.228354; 602500; 3
1670091823.253359; 602525; 3
1670091823.278360; 602550; 3
1670091823.303359; 602575; 3
1670091823.328359; 602600; 3
1670091823.353359; 602625; 3
1670091823.378364; 602650; 3
1670091823.403360; 602675; 3
1670091823.428359; 602700; 3
1670091823.453359; 602725; 3
1670091823.478367; 602750; 3
1670091823.503360; 602775; 3
1670091823.528354; 602800; 3
1670091823.553354; 602825; 3
1670091823.578359; 602850; 3
1670091823.603355; 602875; 3
1670091823.628354; 602900; 3
1670091823.653354; 602925; 3
1670091823.678384; 602950; 3
1670091823.703355; 602975; 3
1670091823.728354; 603000; 3
1670091823.753354; 603025; 3
1670091823.778359; 603050; 3
1670091823.803364; 603075; 3
1670091823.828360; 603100; 3
1670091823.853359; 603125; 3
1670091823.878358; 603150; 3
1670091823.903368; 603175; 3
1670091823.928379; 603200; 3
1670091823.953359; 603225; 3
1670091823.978359; 603250; 3
1670091824.003364; 603275; 3
1670091824.028356; 603300; 3
1670091824.053360; 603325; 3
1670091824.078355; 603350; 3
1670091824.103365; 603375; 3
1670091824.128360; 603400; 3
1670091824.153359; 603425; 3
1670091824.178359; 603450; 3
1670091824.203359; 603475; 3
1670091824.228364; 603500; 3
1670091824.253361; 603525; 3
1670091824.278359; 603550; 3
1670091824.303354; 603575; 3
1670091824.328362; 603600; 3
1670091824.353355; 603625; 3
1670091824.378354; 603650; 3
1670091824.403354; 603675; 3
1670091824.428359; 603700; 3
1670091824.453355; 603725; 3
1670091824.478354; 603750; 3
1670091824.503354; 603775; 3
1670091824.528363; 603800; 3
1670091824.553362; 603825; 3
1670091824.578354; 603850; 3
1670091824.603354; 603875; 3
1670091824.628354; 603900; 3
1670091824.653359; 603925; 3
1670091824.678355; 603950; 3
1670091824.703363; 603975; 3
1670091824.728354; 604000; 3
1670091824.753362; 604025; 3
1670091824.778360; 604050; 3
1670091824.803359; 604075; 3
1670091824.828359; 604100; 3
1670091824.853364; 604125; 3
1670091824.878360; 604150; 3
1670091824.903359; 604175; 3
1670091824.928359; 604200; 3
1670091824.953359; 604225; 3
1670091824.978364; 604250; 3
1670091825.003360; 604275; 3
1670091825.028355; 604300; 3
1670091825.053360; 604325; 3
1670091825.078360; 604350; 3
1670091825.103362; 604375; 3
1670091825.128354; 604400; 3
1670091825.153354; 604425; 3
1670091825.178362; 604450; 3
1670091825.203355; 604475; 3
1670091825.228359; 604500; 3
1670091825.253359; 604525; 3
1670091825.278364; 604550; 3
1670091825.303360; 604575; 3
1670091825.328359; 604600; 3
1670091825.353359; 604625; 3
1670091825.378359; 604650; 3
1670091825.403364; 604675; 3
1670091825.428355; 604700; 3
1670091825.453354; 604725; 3
1670091825.478354; 604750; 3
1670091825.503359; 604775; 3
1670091825.528360; 604800; 3
1670091825.553359; 604825; 3
1670091825.578359; 604850; 3
1670091825.603362; 604875; 3
1670091825.628355; 604900; 3
1670091825.653354; 604925; 3
1670091825.678354; 604950; 3
1670091825.703359; 604975; 3
1670091825.728355; 605000; 3
1670091825.753354; 605025; 3
1670091825.778354; 605050; 3
1670091825.803354; 605075; 3
1670091825.828359; 605100; 3
1670091825.853355; 605125; 3
1670091825.878354; 605150; 3
1670091825.903354; 605175; 3
1670091825.928359; 605200; 3
1670091825.953355; 605225; 3
1670091825.978354; 605250; 3
1670091826.003354; 605275; 3
1670091826.028369; 605300; 3
1670091826.053356; 605325; 3
1670091826.078360; 605350; 3
1670091826.103355; 605375; 3
1670091826.128363; 605400; 3
1670091826.153356; 605425; 3
1670091826.178359; 605450; 3
1670091826.203354; 605475; 3
1670091826.228354; 605500; 3
1670091826.253359; 605525; 3
1670091826.278360; 605550; 3
1670091826.303359; 605575; 3
1670091826.328359; 605600; 3
1670091826.353364; 605625; 3
1670091826.378361; 605650; 3
1670091826.403359; 605675; 3
1670091826.428359; 605700; 3
1670091826.453362; 605725; 3
1670091826.478355; 605750; 3
1670091826.503354; 605775; 3
1670091826.528354; 605800; 3
1670091826.553359; 605825; 3
1670091826.578364; 605850; 3
1670091826.603355; 605875; 3
1670091826.628354; 605900; 3
1670091826.653354; 605925; 3
1670091826.678359; 605950; 3
1670091826.703355; 605975; 3
1670091826.728354; 606000; 3
1670091826.753354; 606025; 3
1670091826.778364; 606050; 3
1670091826.803360; 606075; 3
1670091826.828359; 606100; 3
1670091826.853359; 606125; 3
1670091826.878362; 606150; 3
1670091826.903355; 606175; 2
1670091826.928354; 606200; 2
1670091826.953354; 606225; 2
1670091826.978354; 606250; 2
1670091827.003364; 606275; 2
1670091827.028356; 606300; 2
1670091827.053360; 606325; 2
1670091827.078355; 606350; 2
1670091827.103365; 606375; 3
1670091827.128360; 606400; 3
1670091827.153359; 606425; 3
1670091827.178354; 606450; 3
1670091827.203359; 606475; 3
1670091827.228355; 606500; 3
1670091827.253354; 606525; 3
1670091827.278359; 606550; 3
1670091827.303368; 606575; 3
1670091827.328360; 606600; 3
1670091827.353359; 606625; 3
1670091827.378354; 606650; 3
1670091827.403354; 606675; 3
1670091827.428364; 606700; 3
1670091827.453360; 606725; 3
1670091827.478359; 606750; 3
1670091827.503359; 606775; 3
1670091827.528364; 606800; 3
1670091827.553360; 606825; 3
1670091827.578359; 606850; 3
1670091827.603359; 606875; 3
1670091827.628364; 606900; 3
1670091827.653360; 606925; 3
1670091827.678359; 606950; 3
1670091827.703359; 606975; 3
1670091827.728366; 607000; 3
1670091827.753362; 607025; 3
1670091827.778354; 607050; 3
1670091827.803354; 607075; 3
1670091827.828359; 607100; 3
1670091827.853364; 607125; 3
1670091827.878361; 607150; 3
1670091827.903359; 607175; 3
1670091827.928359; 607200; 3
1670091827.953364; 607225; 3
1670091827.978386; 607250; 3
1670091828.003359; 607275; 3
1670091828.028355; 607300; 3
1670091828.053365; 607325; 3
1670091828.078356; 607350; 3
1670091828.103360; 607375; 3
1670091828.128359; 607400; 3
1670091828.153359; 607425; 3
1670091828.178379; 607450; 3
1670091828.203355; 607475; 3
1670091828.228354; 607500; 3
1670091828.253354; 607525; 3
1670091828.278364; 607550; 3
1670091828.303360; 607575; 3
1670091828.328359; 607600; 3
1670091828.353359; 607625; 3
1670091828.378364; 607650; 3
1670091828.403360; 607675; 3
1670091828.428359; 607700; 3
1670091828.453359; 607725; 3
1670091828.478364; 607750; 3
1670091828.503361; 607775; 3
1670091828.528359; 607800; 3
1670091828.553359; 607825; 3
1670091828.578359; 607850; 3
1670091828.603368; 607875; 3
1670091828.628361; 607900; 3
1670091828.653354; 607925; 3
1670091828.678354; 607950; 3
1670091828.703359; 607975; 3
1670091828.728355; 608000; 3
1670091828.753354; 608025; 3
1670091828.778359; 608050; 3
1670091828.803364; 608075; 3
1670091828.828361; 608100; 3
1670091828.853359; 608125; 3
1670091828.878359; 608150; 3
1670091828.903364; 608175; 3
1670091828.928361; 608200; 3
1670091828.953359; 608225; 3
1670091828.978359; 608250; 3
1670091829.003374; 608275; 3
1670091829.028369; 608300; 3
1670091829.053356; 608325; 3
1670091829.078360; 608350; 3
1670091829.103355; 608375; 3
1670091829.128359; 608400; 3
1670091829.153355; 608425; 2
1670091829.178354; 608450; 2
1670091829.203358; 608475; 2
1670091829.228364; 608500; 2
1670091829.253361; 608525; 3
1670091829.278359; 608550; 3
1670091829.303359; 608575; 3
1670091829.328357; 608600; 3
1670091829.353356; 608625; 3
1670091829.378359; 608650; 3
1670091829.403359; 608675; 3
1670091829.428354; 608700; 3
1670091829.453368; 608725; 3
1670091829.478360; 608750; 3
1670091829.503359; 608775; 3
1670091829.528359; 608800; 3
1670091829.553364; 608825; 3
1670091829.578361; 608850; 3
1670091829.603359; 608875; 3
1670091829.628354; 608900; 3
1670091829.653359; 608925; 3
1670091829.678355; 608950; 3
1670091829.703354; 608975; 3
1670091829.728354; 609000; 3
1670091829.753354; 609025; 3
1670091829.778364; 609050; 3
1670091829.803360; 609075; 3
1670091829.828354; 609100; 3
1670091829.853354; 609125; 3
1670091829.878362; 609150; 3
1670091829.903355; 609175; 3
1670091829.928354; 609200; 3
1670091829.953354; 609225; 3
1670091829.978359; 609250; 3
1670091830.003355; 609275; 3
1670091830.028364; 609300; 3
1670091830.053360; 609325; 3
1670091830.078360; 609350; 3
1670091830.103362; 609375; 3
1670091830.128354; 609400; 3
1670091830.153354; 609425; 3
1670091830.178354; 609450; 3
1670091830.203359; 609475; 3
1670091830.228355; 609500; 3
1670091830.253359; 609525; 3
1670091830.278365; 609550; 3
1670091830.303368; 609575; 3
1670091830.328360; 609600; 3
1670091830.353359; 609625; 3
1670091830.378359; 609650; 3
1670091830.403364; 609675; 3
1670091830.428361; 609700; 3
1670091830.453354; 609725; 3
1670091830.478354; 609750; 3
1670091830.503359; 609775; 3
1670091830.528355; 609800; 3
1670091830.553354; 609825; 3
1670091830.578354; 609850; 3
1670091830.603354; 609875; 3
1670091830.628359; 609900; 3
1670091830.653361; 609925; 3
1670091830.678359; 609950; 3
1670091830.703359; 609975; 3
1670091830.728368; 610000; 3
1670091830.753360; 610025; 3
1670091830.778359; 610050; 3
1670091830.803359; 610075; 3
1670091830.828364; 610100; 3
1670091830.853361; 610125; 3
1670091830.878359; 610150; 3
1670091830.903359; 610175; 3
1670091830.928357; 610200; 3
1670091830.953356; 610225; 3
1670091830.978359; 610250; 3
1670091831.003359; 610275; 3
1670091831.028355; 610300; 3
1670091831.053365; 610325; 3
1670091831.078356; 610350; 3
1670091831.103355; 610375; 3
1670091831.128354; 610400; 3
1670091831.153362; 610425; 3
1670091831.178355; 610450; 3
1670091831.203354; 610475; 3
1670091831.228354; 610500; 3
1670091831.253364; 610525; 3
1670091831.278360; 610550; 3
1670091831.303359; 610575; 3
1670091831.328359; 610600; 3
1670091831.353359; 610625; 3
1670091831.378364; 610650; 3
1670091831.403361; 610675; 3
1670091831.428359; 610700; 3
1670091831.453359; 610725; 3
1670091831.478359; 610750; 3
1670091831.503355; 610775; 3
1670091831.528354; 610800; 3
1670091831.553354; 610825; 3
1670091831.578362; 610850; 3
1670091831.603355; 610875; 3
1670091831.628354; 610900; 3
1670091831.653354; 610925; 3
1670091831.678364; 610950; 3
1670091831.703360; 610975; 3
1670091831.728359; 611000; 3
