1670091285.289013; 64560; 1474
1670091285.313362; 64585; 1474
1670091285.338359; 64610; 1474
1670091285.363355; 64635; 1474
1670091285.388368; 64660; 1453
1670091285.413357; 64685; 1453
1670091285.438355; 64710; 1453
1670091285.463359; 64735; 1453
1670091285.488363; 64760; 1417
1670091285.513357; 64785; 1417
1670091285.538355; 64810; 1417
1670091285.563359; 64835; 1417
1670091285.588362; 64860; 1378
1670091285.613357; 64885; 1378
1670091285.638355; 64910; 1378
1670091285.663359; 64935; 1378
1670091285.688362; 64960; 1366
1670091285.713357; 64985; 1366
1670091285.738355; 65010; 1366
1670091285.763359; 65035; 1366
1670091285.919012; 65190; 1154
1670091285.943361; 65215; 1154
1670091285.968359; 65240; 1154
1670091285.993355; 65265; 173
1670091286.018359; 65290; 173
1670091286.043361; 65315; 173
1670091286.068357; 65340; 173
1670091286.093356; 65365; 27
1670091286.118356; 65390; 27
1670091286.143364; 65415; 27
1670091286.168360; 65440; 27
1670091286.193359; 65465; 6
1670091286.218359; 65490; 6
1670091286.243364; 65515; 6
1670091286.268361; 65540; 6
1670091286.293363; 65565; 4
1670091286.318354; 65590; 4
1670091286.343362; 65615; 4
1670091286.368355; 65640; 4
1670091286.393354; 65665; 3
1670091286.418354; 65690; 3
1670091286.443354; 65715; 3
1670091286.468361; 65740; 3
1670091286.493364; 65765; 3
1670091286.518354; 65790; 3
1670091286.543359; 65815; 3
1670091286.568364; 65840; 3
1670091286.593360; 65865; 3
1670091286.618359; 65890; 3
1670091286.643359; 65915; 3
1670091286.668359; 65940; 3
1670091286.693364; 65965; 4
1670091286.718360; 65990; 4
1670091286.743359; 66015; 4
1670091286.768359; 66040; 4
1670091286.793367; 66065; 4
1670091286.818360; 66090; 4
1670091286.843359; 66115; 4
1670091286.868359; 66140; 4
1670091286.893359; 66165; 4
1670091286.918357; 66190; 3
1670091286.943359; 66215; 3
1670091286.968359; 66240; 3
1670091286.993359; 66265; 3
1670091287.018364; 66290; 3
1670091287.043357; 66315; 3
1670091287.068360; 66340; 3
1670091287.093356; 66365; 3
1670091287.118365; 66390; 3
1670091287.143360; 66415; 3
1670091287.168359; 66440; 3
1670091287.193359; 66465; 3
1670091287.218359; 66490; 4
1670091287.243363; 66515; 4
1670091287.268356; 66540; 4
1670091287.293355; 66565; 4
1670091287.318355; 66590; 4
1670091287.343360; 66615; 4
1670091287.368356; 66640; 4
1670091287.393359; 66665; 4
1670091287.418359; 66690; 3
1670091287.443359; 66715; 3
1670091287.468364; 66740; 3
1670091287.493356; 66765; 3
1670091287.518355; 66790; 3
1670091287.543355; 66815; 3
1670091287.568360; 66840; 3
1670091287.593360; 66865; 3
1670091287.618359; 66890; 3
1670091287.643359; 66915; 3
1670091287.668363; 66940; 3
1670091287.693356; 66965; 3
1670091287.718359; 66990; 4
1670091287.743359; 67015; 4
1670091287.768359; 67040; 4
1670091287.793364; 67065; 4
1670091287.818360; 67090; 3
1670091287.843359; 67115; 3
1670091287.868359; 67140; 3
1670091287.893364; 67165; 3
1670091287.918360; 67190; 3
1670091287.943359; 67215; 3
1670091287.968359; 67240; 3
1670091287.993359; 67265; 3
1670091288.018364; 67290; 3
1670091288.043361; 67315; 3
1670091288.068356; 67340; 3
1670091288.093360; 67365; 3
1670091288.118368; 67390; 3
1670091288.143360; 67415; 4
1670091288.168359; 67440; 4
1670091288.193359; 67465; 4
1670091288.218359; 67490; 4
1670091288.243357; 67515; 4
1670091288.268359; 67540; 4
1670091288.293359; 67565; 4
1670091288.318359; 67590; 4
1670091288.343364; 67615; 3
1670091288.368360; 67640; 3
1670091288.393359; 67665; 3
1670091288.418355; 67690; 3
1670091288.443360; 67715; 3
1670091288.468356; 67740; 3
1670091288.493355; 67765; 3
1670091288.518355; 67790; 3
1670091288.543355; 67815; 4
1670091288.568363; 67840; 4
1670091288.593356; 67865; 4
1670091288.618355; 67890; 4
1670091288.643355; 67915; 4
1670091288.668360; 67940; 4
1670091288.693356; 67965; 4
1670091288.718355; 67990; 4
1670091288.743359; 68015; 3
1670091288.768359; 68040; 3
1670091288.793360; 68065; 3
1670091288.818356; 68090; 3
1670091288.843355; 68115; 3
1670091288.868355; 68140; 3
1670091288.893360; 68165; 3
1670091288.918356; 68190; 3
1670091288.943359; 68215; 3
1670091288.968359; 68240; 3
1670091288.993363; 68265; 3
1670091289.018356; 68290; 3
1670091289.043360; 68315; 4
1670091289.068356; 68340; 4
1670091289.093360; 68365; 4
1670091289.118365; 68390; 4
1670091289.143356; 68415; 4
1670091289.168355; 68440; 4
1670091289.193359; 68465; 4
1670091289.218364; 68490; 4
1670091289.243360; 68515; 4
1670091289.268359; 68540; 3
1670091289.293359; 68565; 3
1670091289.318359; 68590; 3
1670091289.343360; 68615; 3
1670091289.368356; 68640; 3
1670091289.393355; 68665; 3
1670091289.418355; 68690; 3
1670091289.443363; 68715; 3
1670091289.468356; 68740; 4
1670091289.493355; 68765; 4
1670091289.518355; 68790; 4
1670091289.543360; 68815; 4
1670091289.568356; 68840; 4
1670091289.593355; 68865; 4
1670091289.618355; 68890; 4
1670091289.643355; 68915; 4
1670091289.668360; 68940; 3
1670091289.693356; 68965; 3
1670091289.718359; 68990; 3
1670091289.743359; 69015; 3
1670091289.768360; 69040; 3
1670091289.793356; 69065; 3
1670091289.818355; 69090; 3
1670091289.843355; 69115; 3
1670091289.868355; 69140; 3
1670091289.893363; 69165; 3
1670091289.918356; 69190; 3
1670091289.943355; 69215; 3
1670091289.968359; 69240; 4
1670091289.993364; 69265; 4
1670091290.018360; 69290; 4
1670091290.043356; 69315; 4
1670091290.068360; 69340; 3
1670091290.093360; 69365; 3
1670091290.118359; 69390; 3
1670091290.143359; 69415; 3
1670091290.168355; 69440; 4
1670091290.193355; 69465; 4
1670091290.218364; 69490; 4
1670091290.243360; 69515; 4
1670091290.268359; 69540; 4
1670091290.293359; 69565; 3
1670091290.318367; 69590; 3
1670091290.343360; 69615; 3
1670091290.368355; 69640; 3
1670091290.393355; 69665; 4
1670091290.418355; 69690; 4
1670091290.443360; 69715; 4
1670091290.468360; 69740; 4
1670091290.493359; 69765; 4
1670091290.518359; 69790; 4
1670091290.543364; 69815; 4
1670091290.568356; 69840; 4
1670091290.593355; 69865; 3
1670091290.618355; 69890; 3
1670091290.643355; 69915; 3
1670091290.668360; 69940; 3
1670091290.693356; 69965; 3
1670091290.718370; 69990; 3
1670091290.743355; 70015; 3
1670091290.768379; 70040; 3
1670091290.793356; 70065; 3
1670091290.818355; 70090; 3
1670091290.843355; 70115; 3
1670091290.868360; 70140; 3
1670091290.893356; 70165; 4
1670091290.918355; 70190; 4
1670091290.943355; 70215; 4
1670091290.968355; 70240; 4
1670091290.993360; 70265; 4
1670091291.018356; 70290; 4
1670091291.043360; 70315; 4
1670091291.068356; 70340; 4
1670091291.093365; 70365; 4
1670091291.118357; 70390; 4
1670091291.143359; 70415; 4
1670091291.168359; 70440; 4
1670091291.193355; 70465; 3
1670091291.218363; 70490; 3
1670091291.243360; 70515; 3
1670091291.268359; 70540; 3
1670091291.293355; 70565; 3
1670091291.318360; 70590; 3
1670091291.343356; 70615; 3
1670091291.368355; 70640; 3
1670091291.393359; 70665; 4
1670091291.418359; 70690; 4
1670091291.443357; 70715; 4
1670091291.468359; 70740; 4
1670091291.493359; 70765; 4
1670091291.518359; 70790; 4
1670091291.543364; 70815; 4
1670091291.568360; 70840; 4
1670091291.593355; 70865; 4
1670091291.618355; 70890; 3
1670091291.643367; 70915; 3
1670091291.668360; 70940; 3
1670091291.693359; 70965; 3
1670091291.718359; 70990; 3
1670091291.743363; 71015; 3
1670091291.768364; 71040; 3
1670091291.793357; 71065; 3
1670091291.818355; 71090; 4
1670091291.843355; 71115; 4
1670091291.868360; 71140; 4
1670091291.893356; 71165; 4
1670091291.918355; 71190; 4
1670091291.943355; 71215; 4
1670091291.968355; 71240; 4
1670091291.993360; 71265; 4
1670091292.018356; 71290; 3
1670091292.043360; 71315; 3
1670091292.068356; 71340; 3
1670091292.093369; 71365; 3
1670091292.118357; 71390; 3
1670091292.143359; 71415; 3
1670091292.168359; 71440; 3
1670091292.193364; 71465; 3
1670091292.218356; 71490; 4
1670091292.243355; 71515; 4
1670091292.268355; 71540; 4
1670091292.293359; 71565; 4
1670091292.318364; 71590; 3
1670091292.343360; 71615; 3
1670091292.368359; 71640; 3
1670091292.393359; 71665; 3
1670091292.418360; 71690; 4
1670091292.443356; 71715; 4
1670091292.468355; 71740; 4
1670091292.493355; 71765; 4
1670091292.518359; 71790; 3
1670091292.543363; 71815; 3
1670091292.568356; 71840; 3
1670091292.593355; 71865; 3
1670091292.618355; 71890; 3
1670091292.643360; 71915; 3
1670091292.668356; 71940; 3
1670091292.693355; 71965; 3
1670091292.718355; 71990; 3
1670091292.743360; 72015; 3
1670091292.768356; 72040; 3
1670091292.793359; 72065; 3
1670091292.818355; 72090; 3
1670091292.843355; 72115; 4
1670091292.868360; 72140; 4
1670091292.893356; 72165; 4
1670091292.918355; 72190; 4
1670091292.943355; 72215; 4
1670091292.968363; 72240; 4
1670091292.993356; 72265; 4
1670091293.018355; 72290; 4
1670091293.043356; 72315; 3
1670091293.068360; 72340; 3
1670091293.093361; 72365; 3
1670091293.118361; 72390; 3
1670091293.143355; 72415; 3
1670091293.168355; 72440; 3
1670091293.193360; 72465; 3
1670091293.218356; 72490; 3
1670091293.243355; 72515; 4
1670091293.268355; 72540; 4
1670091293.293362; 72565; 4
1670091293.318361; 72590; 4
1670091293.343355; 72615; 4
1670091293.368355; 72640; 4
1670091293.393355; 72665; 4
1670091293.418367; 72690; 4
1670091293.443360; 72715; 3
1670091293.468359; 72740; 3
1670091293.493359; 72765; 3
1670091293.518364; 72790; 3
1670091293.543360; 72815; 3
1670091293.568359; 72840; 3
1670091293.593359; 72865; 3
1670091293.618359; 72890; 3
1670091293.643364; 72915; 3
1670091293.668360; 72940; 3
1670091293.693359; 72965; 3
1670091293.718359; 72990; 3
1670091293.743364; 73015; 4
1670091293.768360; 73040; 4
1670091293.793359; 73065; 4
1670091293.818359; 73090; 4
1670091293.843359; 73115; 4
1670091293.868363; 73140; 4
1670091293.893356; 73165; 4
1670091293.918355; 73190; 4
1670091293.943355; 73215; 4
1670091293.968360; 73240; 3
1670091293.993356; 73265; 3
1670091294.018355; 73290; 3
1670091294.043360; 73315; 3
1670091294.068365; 73340; 3
1670091294.093357; 73365; 3
1670091294.118360; 73390; 3
1670091294.143359; 73415; 3
1670091294.168359; 73440; 4
1670091294.193364; 73465; 4
1670091294.218360; 73490; 4
1670091294.243359; 73515; 4
1670091294.268355; 73540; 4
1670091294.293363; 73565; 4
1670091294.318356; 73590; 4
1670091294.343355; 73615; 4
1670091294.368355; 73640; 4
1670091294.393355; 73665; 4
1670091294.418360; 73690; 4
1670091294.443356; 73715; 4
1670091294.468359; 73740; 3
1670091294.493359; 73765; 3
1670091294.518364; 73790; 3
1670091294.543360; 73815; 3
1670091294.568359; 73840; 3
1670091294.593359; 73865; 3
1670091294.618359; 73890; 3
1670091294.643357; 73915; 3
1670091294.668359; 73940; 4
1670091294.693359; 73965; 4
1670091294.718359; 73990; 4
1670091294.743363; 74015; 4
1670091294.768356; 74040; 4
1670091294.793359; 74065; 4
1670091294.818355; 74090; 4
1670091294.843364; 74115; 4
1670091294.868356; 74140; 4
1670091294.893355; 74165; 4
1670091294.918355; 74190; 4
1670091294.943355; 74215; 4
1670091294.968360; 74240; 4
1670091294.993356; 74265; 3
1670091295.018355; 74290; 3
1670091295.043360; 74315; 3
1670091295.068361; 74340; 3
1670091295.093357; 74365; 3
1670091295.118360; 74390; 3
1670091295.143359; 74415; 3
1670091295.168359; 74440; 3
1670091295.193363; 74465; 4
1670091295.218356; 74490; 4
1670091295.243355; 74515; 4
1670091295.268355; 74540; 4
1670091295.293360; 74565; 4
1670091295.318356; 74590; 4
1670091295.343355; 74615; 4
1670091295.368355; 74640; 4
1670091295.393360; 74665; 3
1670091295.418356; 74690; 3
1670091295.443355; 74715; 3
1670091295.468355; 74740; 3
1670091295.493359; 74765; 3
1670091295.518364; 74790; 3
1670091295.543360; 74815; 3
1670091295.568359; 74840; 3
1670091295.593359; 74865; 3
1670091295.618363; 74890; 3
1670091295.643360; 74915; 3
1670091295.668359; 74940; 3
1670091295.693359; 74965; 4
1670091295.718359; 74990; 4
1670091295.743364; 75015; 4
1670091295.768360; 75040; 4
1670091295.793359; 75065; 4
1670091295.818359; 75090; 4
1670091295.843364; 75115; 4
1670091295.868360; 75140; 4
1670091295.893359; 75165; 3
1670091295.918359; 75190; 3
1670091295.943364; 75215; 3
1670091295.968360; 75240; 3
1670091295.993359; 75265; 3
1670091296.018359; 75290; 3
1670091296.043360; 75315; 3
1670091296.068365; 75340; 3
1670091296.093362; 75365; 3
1670091296.118356; 75390; 4
1670091296.143359; 75415; 4
1670091296.168364; 75440; 4
1670091296.193360; 75465; 4
1670091296.218359; 75490; 4
1670091296.243359; 75515; 4
1670091296.268359; 75540; 4
1670091296.293364; 75565; 4
1670091296.318360; 75590; 3
1670091296.343359; 75615; 3
1670091296.368355; 75640; 3
1670091296.393360; 75665; 3
1670091296.418356; 75690; 3
1670091296.443355; 75715; 3
1670091296.468355; 75740; 3
1670091296.493362; 75765; 3
1670091296.518361; 75790; 3
1670091296.543355; 75815; 3
1670091296.568355; 75840; 3
1670091296.593355; 75865; 3
1670091296.618364; 75890; 4
1670091296.643360; 75915; 4
1670091296.668359; 75940; 4
1670091296.693359; 75965; 4
1670091296.718364; 75990; 4
1670091296.743360; 76015; 4
1670091296.768359; 76040; 4
1670091296.793359; 76065; 4
1670091296.818359; 76090; 4
1670091296.843364; 76115; 4
1670091296.868356; 76140; 4
1670091296.893355; 76165; 4
1670091296.918359; 76190; 3
1670091296.943363; 76215; 3
1670091296.968356; 76240; 3
1670091296.993355; 76265; 3
1670091297.018355; 76290; 4
1670091297.043360; 76315; 4
1670091297.068365; 76340; 4
1670091297.093357; 76365; 4
1670091297.118361; 76390; 4
1670091297.143355; 76415; 4
1670091297.168360; 76440; 4
1670091297.193356; 76465; 4
1670091297.218355; 76490; 4
1670091297.243355; 76515; 4
1670091297.268360; 76540; 4
1670091297.293360; 76565; 4
1670091297.318359; 76590; 4
1670091297.343359; 76615; 3
1670091297.368359; 76640; 3
1670091297.393367; 76665; 3
1670091297.418360; 76690; 3
1670091297.443359; 76715; 4
1670091297.468359; 76740; 4
1670091297.493364; 76765; 4
1670091297.518360; 76790; 4
1670091297.543355; 76815; 4
1670091297.568355; 76840; 4
1670091297.593357; 76865; 4
1670091297.618364; 76890; 4
1670091297.643356; 76915; 4
1670091297.668355; 76940; 4
1670091297.693355; 76965; 4
1670091297.718360; 76990; 4
1670091297.743360; 77015; 4
1670091297.768359; 77040; 4
1670091297.793359; 77065; 4
1670091297.818362; 77090; 4
1670091297.843361; 77115; 3
1670091297.868355; 77140; 3
1670091297.893355; 77165; 3
1670091297.918355; 77190; 3
1670091297.943360; 77215; 4
1670091297.968356; 77240; 4
1670091297.993355; 77265; 4
1670091298.018355; 77290; 4
1670091298.043365; 77315; 4
1670091298.068357; 77340; 4
1670091298.093360; 77365; 4
1670091298.118356; 77390; 4
1670091298.143359; 77415; 4
1670091298.168364; 77440; 4
1670091298.193360; 77465; 4
1670091298.218359; 77490; 4
1670091298.243359; 77515; 4
1670091298.268367; 77540; 4
1670091298.293356; 77565; 4
1670091298.318355; 77590; 4
1670091298.343355; 77615; 4
1670091298.368359; 77640; 4
1670091298.393364; 77665; 4
1670091298.418360; 77690; 4
1670091298.443359; 77715; 4
1670091298.468359; 77740; 4
1670091298.493364; 77765; 4
1670091298.518356; 77790; 4
1670091298.543355; 77815; 4
1670091298.568355; 77840; 4
1670091298.593360; 77865; 4
1670091298.618356; 77890; 4
1670091298.643355; 77915; 4
1670091298.668355; 77940; 4
1670091298.693355; 77965; 4
1670091298.718367; 77990; 4
1670091298.743360; 78015; 4
1670091298.768355; 78040; 4
1670091298.793359; 78065; 4
1670091298.818364; 78090; 4
1670091298.843360; 78115; 4
1670091298.868359; 78140; 4
1670091298.893359; 78165; 4
1670091298.918359; 78190; 4
1670091298.943364; 78215; 4
1670091298.968360; 78240; 4
1670091298.993359; 78265; 4
1670091299.018359; 78290; 4
1670091299.043361; 78315; 4
1670091299.068361; 78340; 4
1670091299.093356; 78365; 4
1670091299.118360; 78390; 4
1670091299.143367; 78415; 4
1670091299.168356; 78440; 4
1670091299.193355; 78465; 4
1670091299.218355; 78490; 4
1670091299.243355; 78515; 4
1670091299.268362; 78540; 4
1670091299.293356; 78565; 4
1670091299.318355; 78590; 4
1670091299.343355; 78615; 4
1670091299.368360; 78640; 4
1670091299.393356; 78665; 4
1670091299.418355; 78690; 4
1670091299.443355; 78715; 4
1670091299.468355; 78740; 4
1670091299.493360; 78765; 4
1670091299.518356; 78790; 4
1670091299.543355; 78815; 4
1670091299.568355; 78840; 4
1670091299.593363; 78865; 4
1670091299.618360; 78890; 4
1670091299.643359; 78915; 4
1670091299.668359; 78940; 4
1670091299.693358; 78965; 4
1670091299.718357; 78990; 4
1670091299.743359; 79015; 4
1670091299.768359; 79040; 4
1670091299.793359; 79065; 4
1670091299.818364; 79090; 4
1670091299.843360; 79115; 4
1670091299.868359; 79140; 4
1670091299.893359; 79165; 4
1670091299.918364; 79190; 4
1670091299.943360; 79215; 4
1670091299.968359; 79240; 4
1670091299.993359; 79265; 4
1670091300.018359; 79290; 4
1670091300.043364; 79315; 4
1670091300.068361; 79340; 4
1670091300.093356; 79365; 4
1670091300.118360; 79390; 4
1670091300.143364; 79415; 4
1670091300.168360; 79440; 4
1670091300.193359; 79465; 4
1670091300.218359; 79490; 4
1670091300.243359; 79515; 4
1670091300.268364; 79540; 4
1670091300.293375; 79565; 4
1670091300.318355; 79590; 4
1670091300.343355; 79615; 4
1670091300.368360; 79640; 4
1670091300.393356; 79665; 4
1670091300.418355; 79690; 4
1670091300.443355; 79715; 4
1670091300.468363; 79740; 4
1670091300.493356; 79765; 4
1670091300.518355; 79790; 4
1670091300.543355; 79815; 4
1670091300.568355; 79840; 4
1670091300.593360; 79865; 4
1670091300.618356; 79890; 4
1670091300.643355; 79915; 4
1670091300.668355; 79940; 4
1670091300.693360; 79965; 4
1670091300.718356; 79990; 4
1670091300.743355; 80015; 4
1670091300.768355; 80040; 4
1670091300.793359; 80065; 4
1670091300.818360; 80090; 4
1670091300.843356; 80115; 4
1670091300.868355; 80140; 4
1670091300.893355; 80165; 4
1670091300.918363; 80190; 4
1670091300.943356; 80215; 4
1670091300.968355; 80240; 4
1670091300.993355; 80265; 4
1670091301.018362; 80290; 4
1670091301.043363; 80315; 4
1670091301.068356; 80340; 4
1670091301.093360; 80365; 4
1670091301.118356; 80390; 4
1670091301.143364; 80415; 4
1670091301.168360; 80440; 4
1670091301.193359; 80465; 4
1670091301.218372; 80490; 4
1670091301.243360; 80515; 4
1670091301.268356; 80540; 4
1670091301.293359; 80565; 4
1670091301.318359; 80590; 4
1670091301.343359; 80615; 4
1670091301.368363; 80640; 4
1670091301.393356; 80665; 4
1670091301.418381; 80690; 4
1670091301.443355; 80715; 4
1670091301.468360; 80740; 4
1670091301.493360; 80765; 4
1670091301.518359; 80790; 4
1670091301.543359; 80815; 4
1670091301.568359; 80840; 4
1670091301.593364; 80865; 4
1670091301.618360; 80890; 4
1670091301.643355; 80915; 4
1670091301.668355; 80940; 4
1670091301.693360; 80965; 4
1670091301.718356; 80990; 4
1670091301.743359; 81015; 4
1670091301.768359; 81040; 4
1670091301.793363; 81065; 4
1670091301.818356; 81090; 4
1670091301.843359; 81115; 4
1670091301.868359; 81140; 4
1670091301.893359; 81165; 4
1670091301.918364; 81190; 4
1670091301.943360; 81215; 4
1670091301.968359; 81240; 4
1670091301.993359; 81265; 4
1670091302.018364; 81290; 4
1670091302.043361; 81315; 4
1670091302.068356; 81340; 4
1670091302.093360; 81365; 4
1670091302.118356; 81390; 4
1670091302.143364; 81415; 4
1670091302.168360; 81440; 4
1670091302.193359; 81465; 4
1670091302.218359; 81490; 4
1670091302.243386; 81515; 4
1670091302.268360; 81540; 4
1670091302.293355; 81565; 4
1670091302.318355; 81590; 4
1670091302.343360; 81615; 4
1670091302.368356; 81640; 4
1670091302.393355; 81665; 4
1670091302.418355; 81690; 4
1670091302.443363; 81715; 4
1670091302.468360; 81740; 4
1670091302.493356; 81765; 4
1670091302.518359; 81790; 4
1670091302.543359; 81815; 4
1670091302.568364; 81840; 4
1670091302.593360; 81865; 4
1670091302.618359; 81890; 4
1670091302.643359; 81915; 4
1670091302.668359; 81940; 4
1670091302.693363; 81965; 4
1670091302.718356; 81990; 4
1670091302.743355; 82015; 4
1670091302.768355; 82040; 4
1670091302.793360; 82065; 4
1670091302.818356; 82090; 4
1670091302.843355; 82115; 4
1670091302.868355; 82140; 4
1670091302.893362; 82165; 4
1670091302.918357; 82190; 4
1670091302.943355; 82215; 4
1670091302.968355; 82240; 4
1670091302.993355; 82265; 4
1670091303.018360; 82290; 4
1670091303.043361; 82315; 4
1670091303.068356; 82340; 4
1670091303.093360; 82365; 4
1670091303.118365; 82390; 4
1670091303.143360; 82415; 4
1670091303.168355; 82440; 4
1670091303.193355; 82465; 4
1670091303.218355; 82490; 4
1670091303.243360; 82515; 4
1670091303.268360; 82540; 4
1670091303.293359; 82565; 4
1670091303.318359; 82590; 4
1670091303.343364; 82615; 4
1670091303.368360; 82640; 4
1670091303.393359; 82665; 4
1670091303.418355; 82690; 4
1670091303.443355; 82715; 4
1670091303.468360; 82740; 4
1670091303.493356; 82765; 4
1670091303.518355; 82790; 4
1670091303.543355; 82815; 4
1670091303.568367; 82840; 4
1670091303.593360; 82865; 4
1670091303.618359; 82890; 4
1670091303.643359; 82915; 4
1670091303.668364; 82940; 4
1670091303.693360; 82965; 4
1670091303.718359; 82990; 4
1670091303.743359; 83015; 4
1670091303.768359; 83040; 4
1670091303.793360; 83065; 4
1670091303.818356; 83090; 4
1670091303.843355; 83115; 4
1670091303.868355; 83140; 4
1670091303.893364; 83165; 4
1670091303.918360; 83190; 4
1670091303.943355; 83215; 4
1670091303.968355; 83240; 4
1670091303.993359; 83265; 4
1670091304.018363; 83290; 4
1670091304.043361; 83315; 4
1670091304.068356; 83340; 4
1670091304.093360; 83365; 4
1670091304.118361; 83390; 4
1670091304.143356; 83415; 4
1670091304.168355; 83440; 4
1670091304.193355; 83465; 4
1670091304.218362; 83490; 4
1670091304.243361; 83515; 4
1670091304.268355; 83540; 4
1670091304.293359; 83565; 4
1670091304.318359; 83590; 4
1670091304.343364; 83615; 4
1670091304.368360; 83640; 4
1670091304.393359; 83665; 4
1670091304.418359; 83690; 4
1670091304.443363; 83715; 4
1670091304.468356; 83740; 4
1670091304.493359; 83765; 4
1670091304.518359; 83790; 4
1670091304.543355; 83815; 4
1670091304.568360; 83840; 4
1670091304.593356; 83865; 4
1670091304.618355; 83890; 4
1670091304.643355; 83915; 4
1670091304.668360; 83940; 4
1670091304.693356; 83965; 5
1670091304.718355; 83990; 5
1670091304.743355; 84015; 5
1670091304.768355; 84040; 5
1670091304.793364; 84065; 5
1670091304.818360; 84090; 5
1670091304.843359; 84115; 5
1670091304.868359; 84140; 5
1670091304.893363; 84165; 5
1670091304.918356; 84190; 5
1670091304.943355; 84215; 5
1670091304.968359; 84240; 5
1670091304.993364; 84265; 5
1670091305.018360; 84290; 5
1670091305.043356; 84315; 5
1670091305.068360; 84340; 5
1670091305.093356; 84365; 4
1670091305.118365; 84390; 4
1670091305.143360; 84415; 4
1670091305.168359; 84440; 4
1670091305.193359; 84465; 4
1670091305.218364; 84490; 4
1670091305.243360; 84515; 4
1670091305.268359; 84540; 4
1670091305.293359; 84565; 4
1670091305.318359; 84590; 4
1670091305.343363; 84615; 4
1670091305.368356; 84640; 4
1670091305.393355; 84665; 4
1670091305.418363; 84690; 4
1670091305.443360; 84715; 4
1670091305.468356; 84740; 4
1670091305.493355; 84765; 4
1670091305.518355; 84790; 4
1670091305.543360; 84815; 4
1670091305.568356; 84840; 4
1670091305.593355; 84865; 4
1670091305.618355; 84890; 4
1670091305.643355; 84915; 4
1670091305.668360; 84940; 4
1670091305.693356; 84965; 4
1670091305.718355; 84990; 4
1670091305.743355; 85015; 4
1670091305.768367; 85040; 4
1670091305.793360; 85065; 4
1670091305.818359; 85090; 4
1670091305.843359; 85115; 4
1670091305.868359; 85140; 4
1670091305.893364; 85165; 4
1670091305.918360; 85190; 4
1670091305.943359; 85215; 4
1670091305.968359; 85240; 4
1670091305.993364; 85265; 4
1670091306.018360; 85290; 4
1670091306.043360; 85315; 4
1670091306.068356; 85340; 4
1670091306.093364; 85365; 4
1670091306.118359; 85390; 4
1670091306.143355; 85415; 4
1670091306.168355; 85440; 4
1670091306.193355; 85465; 4
1670091306.218363; 85490; 4
1670091306.243356; 85515; 4
1670091306.268355; 85540; 4
1670091306.293359; 85565; 4
1670091306.318364; 85590; 4
1670091306.343356; 85615; 4
1670091306.368355; 85640; 4
1670091306.393359; 85665; 4
1670091306.418359; 85690; 4
1670091306.443364; 85715; 4
1670091306.468360; 85740; 4
1670091306.493359; 85765; 4
1670091306.518359; 85790; 4
1670091306.543360; 85815; 4
1670091306.568356; 85840; 4
1670091306.593355; 85865; 4
1670091306.618355; 85890; 4
1670091306.643355; 85915; 4
1670091306.668367; 85940; 4
1670091306.693360; 85965; 4
1670091306.718359; 85990; 4
1670091306.743361; 86015; 4
1670091306.768364; 86040; 4
1670091306.793356; 86065; 4
1670091306.818355; 86090; 4
1670091306.843355; 86115; 4
1670091306.868360; 86140; 4
1670091306.893356; 86165; 4
1670091306.918355; 86190; 4
1670091306.943355; 86215; 4
1670091306.968355; 86240; 4
1670091306.993360; 86265; 4
1670091307.018356; 86290; 4
1670091307.043360; 86315; 4
1670091307.068356; 86340; 4
1670091307.093364; 86365; 4
1670091307.118361; 86390; 4
1670091307.143355; 86415; 4
1670091307.168355; 86440; 4
1670091307.193355; 86465; 4
1670091307.218360; 86490; 4
1670091307.243356; 86515; 4
1670091307.268355; 86540; 4
1670091307.293355; 86565; 4
1670091307.318360; 86590; 4
1670091307.343356; 86615; 4
1670091307.368355; 86640; 4
1670091307.393355; 86665; 4
1670091307.418359; 86690; 4
1670091307.443357; 86715; 4
1670091307.468359; 86740; 4
1670091307.493359; 86765; 4
1670091307.518359; 86790; 4
1670091307.543363; 86815; 4
1670091307.568356; 86840; 4
1670091307.593355; 86865; 4
1670091307.618355; 86890; 4
1670091307.643360; 86915; 4
1670091307.668356; 86940; 4
1670091307.693359; 86965; 4
1670091307.718359; 86990; 4
1670091307.743359; 87015; 4
1670091307.768381; 87040; 4
1670091307.793360; 87065; 4
1670091307.818359; 87090; 4
1670091307.843359; 87115; 4
1670091307.868364; 87140; 4
1670091307.893360; 87165; 4
1670091307.918359; 87190; 4
1670091307.943355; 87215; 4
1670091307.968355; 87240; 4
1670091307.993367; 87265; 4
1670091308.018360; 87290; 4
1670091308.043356; 87315; 4
1670091308.068360; 87340; 4
1670091308.093361; 87365; 4
1670091308.118361; 87390; 4
1670091308.143355; 87415; 4
1670091308.168355; 87440; 4
1670091308.193360; 87465; 4
1670091308.218356; 87490; 4
1670091308.243355; 87515; 4
1670091308.268355; 87540; 4
1670091308.293359; 87565; 4
1670091308.318364; 87590; 4
1670091308.343360; 87615; 4
1670091308.368359; 87640; 4
1670091308.393359; 87665; 4
1670091308.418363; 87690; 4
1670091308.443356; 87715; 4
1670091308.468355; 87740; 4
1670091308.493355; 87765; 4
1670091308.518355; 87790; 4
1670091308.543360; 87815; 4
1670091308.568356; 87840; 4
1670091308.593360; 87865; 4
1670091308.618359; 87890; 4
1670091308.643364; 87915; 4
1670091308.668360; 87940; 4
1670091308.693359; 87965; 4
1670091308.718359; 87990; 4
1670091308.743364; 88015; 4
1670091308.768360; 88040; 4
1670091308.793359; 88065; 4
1670091308.818359; 88090; 4
1670091308.843359; 88115; 4
1670091308.868363; 88140; 4
1670091308.893356; 88165; 4
1670091308.918355; 88190; 4
1670091308.943355; 88215; 4
1670091308.968360; 88240; 4
1670091308.993356; 88265; 4
1670091309.018355; 88290; 4
1670091309.043360; 88315; 4
1670091309.068360; 88340; 4
1670091309.093361; 88365; 4
1670091309.118361; 88390; 4
1670091309.143355; 88415; 4
1670091309.168355; 88440; 4
1670091309.193360; 88465; 4
1670091309.218360; 88490; 4
1670091309.243359; 88515; 4
1670091309.268359; 88540; 4
1670091309.293362; 88565; 4
1670091309.318361; 88590; 4
1670091309.343355; 88615; 4
1670091309.368355; 88640; 4
1670091309.393355; 88665; 4
1670091309.418364; 88690; 4
1670091309.443360; 88715; 4
1670091309.468359; 88740; 4
1670091309.493359; 88765; 4
1670091309.518364; 88790; 4
1670091309.543360; 88815; 4
1670091309.568359; 88840; 4
1670091309.593359; 88865; 4
1670091309.618359; 88890; 4
1670091309.643364; 88915; 4
1670091309.668360; 88940; 4
1670091309.693359; 88965; 4
1670091309.718359; 88990; 4
1670091309.743363; 89015; 4
1670091309.768360; 89040; 4
1670091309.793355; 89065; 4
1670091309.818355; 89090; 4
1670091309.843355; 89115; 4
1670091309.868360; 89140; 4
1670091309.893356; 89165; 4
1670091309.918355; 89190; 4
1670091309.943355; 89215; 4
1670091309.968360; 89240; 4
1670091309.993356; 89265; 4
1670091310.018355; 89290; 4
1670091310.043356; 89315; 4
1670091310.068365; 89340; 4
1670091310.093357; 89365; 4
1670091310.118360; 89390; 4
1670091310.143355; 89415; 4
1670091310.168355; 89440; 4
1670091310.193367; 89465; 4
1670091310.218360; 89490; 4
1670091310.243355; 89515; 4
1670091310.268355; 89540; 4
1670091310.293360; 89565; 4
1670091310.318356; 89590; 4
1670091310.343355; 89615; 4
1670091310.368355; 89640; 4
1670091310.393355; 89665; 4
1670091310.418360; 89690; 4
1670091310.443356; 89715; 4
1670091310.468355; 89740; 4
1670091310.493355; 89765; 4
1670091310.518360; 89790; 4
1670091310.543356; 89815; 4
1670091310.568355; 89840; 4
1670091310.593355; 89865; 4
1670091310.618362; 89890; 4
1670091310.643361; 89915; 4
1670091310.668355; 89940; 4
1670091310.693355; 89965; 4
1670091310.718355; 89990; 4
1670091310.743360; 90015; 4
1670091310.768356; 90040; 4
1670091310.793359; 90065; 4
1670091310.818359; 90090; 4
1670091310.843364; 90115; 4
1670091310.868360; 90140; 4
1670091310.893359; 90165; 4
1670091310.918359; 90190; 4
1670091310.943359; 90215; 4
1670091310.968364; 90240; 4
1670091310.993360; 90265; 4
1670091311.018359; 90290; 4
1670091311.043360; 90315; 4
1670091311.068364; 90340; 4
1670091311.093361; 90365; 4
1670091311.118356; 90390; 4
1670091311.143359; 90415; 4
1670091311.168359; 90440; 4
1670091311.193364; 90465; 4
1670091311.218360; 90490; 4
1670091311.243359; 90515; 4
1670091311.268359; 90540; 4
1670091311.293364; 90565; 4
1670091311.318360; 90590; 4
1670091311.343359; 90615; 4
1670091311.368359; 90640; 4
1670091311.393364; 90665; 4
1670091311.418360; 90690; 4
1670091311.443359; 90715; 4
1670091311.468355; 90740; 4
1670091311.493355; 90765; 4
1670091311.518363; 90790; 4
1670091311.543356; 90815; 4
1670091311.568355; 90840; 4
1670091311.593355; 90865; 4
1670091311.618360; 90890; 4
1670091311.643356; 90915; 4
1670091311.668359; 90940; 4
1670091311.693359; 90965; 4
1670091311.718359; 90990; 4
1670091311.743364; 91015; 4
1670091311.768356; 91040; 4
1670091311.793355; 91065; 4
1670091311.818355; 91090; 4
1670091311.843360; 91115; 4
1670091311.868360; 91140; 4
1670091311.893359; 91165; 4
1670091311.918359; 91190; 4
1670091311.943363; 91215; 4
1670091311.968356; 91240; 4
1670091311.993355; 91265; 4
1670091312.018346; 91290; 4
1670091312.043360; 91315; 4
1670091312.068372; 91340; 4
1670091312.093361; 91365; 4
1670091312.118356; 91390; 4
1670091312.143359; 91415; 4
1670091312.168364; 91440; 4
1670091312.193360; 91465; 4
1670091312.218359; 91490; 4
1670091312.243359; 91515; 4
1670091312.268359; 91540; 4
1670091312.293360; 91565; 4
1670091312.318356; 91590; 4
1670091312.343355; 91615; 4
1670091312.368355; 91640; 4
1670091312.393367; 91665; 4
1670091312.418360; 91690; 4
1670091312.443359; 91715; 4
1670091312.468359; 91740; 4
1670091312.493363; 91765; 4
1670091312.518361; 91790; 4
1670091312.543355; 91815; 4
1670091312.568355; 91840; 4
1670091312.593359; 91865; 4
1670091312.618364; 91890; 4
1670091312.643360; 91915; 4
1670091312.668359; 91940; 4
1670091312.693359; 91965; 4
1670091312.718364; 91990; 4
1670091312.743360; 92015; 4
1670091312.768359; 92040; 4
1670091312.793359; 92065; 4
1670091312.818359; 92090; 4
1670091312.843363; 92115; 4
1670091312.868356; 92140; 4
1670091312.893359; 92165; 4
1670091312.918359; 92190; 4
1670091312.943360; 92215; 4
1670091312.968356; 92240; 4
1670091312.993355; 92265; 4
1670091313.018355; 92290; 4
1670091313.043360; 92315; 4
1670091313.068361; 92340; 4
1670091313.093360; 92365; 4
1670091313.118356; 92390; 4
1670091313.143359; 92415; 4
1670091313.168364; 92440; 4
1670091313.193360; 92465; 4
1670091313.218359; 92490; 4
1670091313.243359; 92515; 4
1670091313.268367; 92540; 4
1670091313.293360; 92565; 4
1670091313.318355; 92590; 4
1670091313.343355; 92615; 4
1670091313.368355; 92640; 4
1670091313.393360; 92665; 4
1670091313.418356; 92690; 4
1670091313.443355; 92715; 4
1670091313.468355; 92740; 4
1670091313.493360; 92765; 4
1670091313.518356; 92790; 4
1670091313.543355; 92815; 4
1670091313.568355; 92840; 4
1670091313.593355; 92865; 4
1670091313.618360; 92890; 4
1670091313.643356; 92915; 4
1670091313.668355; 92940; 4
1670091313.693355; 92965; 4
1670091313.718367; 92990; 4
1670091313.743360; 93015; 4
1670091313.768359; 93040; 4
1670091313.793355; 93065; 4
1670091313.818363; 93090; 4
1670091313.843361; 93115; 4
1670091313.868355; 93140; 4
1670091313.893355; 93165; 4
1670091313.918359; 93190; 4
1670091313.943364; 93215; 4
1670091313.968356; 93240; 4
1670091313.993355; 93265; 4
1670091314.018355; 93290; 4
1670091314.043365; 93315; 4
1670091314.068357; 93340; 4
1670091314.093360; 93365; 4
1670091314.118356; 93390; 4
1670091314.143359; 93415; 4
1670091314.168363; 93440; 4
1670091314.193356; 93465; 4
1670091314.218359; 93490; 4
1670091314.243355; 93515; 4
1670091314.268360; 93540; 4
1670091314.293360; 93565; 4
1670091314.318359; 93590; 4
1670091314.343359; 93615; 4
1670091314.368359; 93640; 4
1670091314.393364; 93665; 4
1670091314.418360; 93690; 4
1670091314.443359; 93715; 4
1670091314.468359; 93740; 4
1670091314.493364; 93765; 4
1670091314.518360; 93790; 4
1670091314.543359; 93815; 4
1670091314.568359; 93840; 4
1670091314.593367; 93865; 4
1670091314.618360; 93890; 4
1670091314.643359; 93915; 4
1670091314.668359; 93940; 4
1670091314.693359; 93965; 4
1670091314.718364; 93990; 4
1670091314.743360; 94015; 4
1670091314.768359; 94040; 4
1670091314.793359; 94065; 4
1670091314.818364; 94090; 4
1670091314.843360; 94115; 4
1670091314.868359; 94140; 4
1670091314.893359; 94165; 4
1670091314.918359; 94190; 4
1670091314.943360; 94215; 4
1670091314.968356; 94240; 4
1670091314.993355; 94265; 4
1670091315.018355; 94290; 4
1670091315.043364; 94315; 4
1670091315.068361; 94340; 4
1670091315.093356; 94365; 4
1670091315.118360; 94390; 4
1670091315.143364; 94415; 4
1670091315.168360; 94440; 4
1670091315.193359; 94465; 4
1670091315.218359; 94490; 4
1670091315.243380; 94515; 4
1670091315.268364; 94540; 4
1670091315.293360; 94565; 4
1670091315.318359; 94590; 4
1670091315.343359; 94615; 4
1670091315.368364; 94640; 4
1670091315.393360; 94665; 4
1670091315.418359; 94690; 4
1670091315.443359; 94715; 4
1670091315.468355; 94740; 4
1670091315.493367; 94765; 4
1670091315.518356; 94790; 4
1670091315.543355; 94815; 4
1670091315.568359; 94840; 4
1670091315.593364; 94865; 4
1670091315.618360; 94890; 4
1670091315.643359; 94915; 4
1670091315.668359; 94940; 4
1670091315.693358; 94965; 4
1670091315.718357; 94990; 4
1670091315.743359; 95015; 4
1670091315.768355; 95040; 4
1670091315.793359; 95065; 4
1670091315.818364; 95090; 4
1670091315.843360; 95115; 4
1670091315.868359; 95140; 4
1670091315.893359; 95165; 4
1670091315.918367; 95190; 4
1670091315.943360; 95215; 4
1670091315.968359; 95240; 4
1670091315.993359; 95265; 4
1670091316.018359; 95290; 4
1670091316.043365; 95315; 4
1670091316.068357; 95340; 4
1670091316.093360; 95365; 4
1670091316.118356; 95390; 4
1670091316.143364; 95415; 4
1670091316.168356; 95440; 4
1670091316.193355; 95465; 4
1670091316.218355; 95490; 4
1670091316.243355; 95515; 4
1670091316.268360; 95540; 4
1670091316.293360; 95565; 4
1670091316.318376; 95590; 4
1670091316.343355; 95615; 4
1670091316.368363; 95640; 4
1670091316.393360; 95665; 4
1670091316.418359; 95690; 4
1670091316.443359; 95715; 4
1670091316.468364; 95740; 4
1670091316.493360; 95765; 4
1670091316.518359; 95790; 4
1670091316.543359; 95815; 4
1670091316.568359; 95840; 4
1670091316.593360; 95865; 4
1670091316.618356; 95890; 4
1670091316.643355; 95915; 5
1670091316.668359; 95940; 5
1670091316.693360; 95965; 5
1670091316.718356; 95990; 5
1670091316.743355; 96015; 5
1670091316.768355; 96040; 5
1670091316.793359; 96065; 5
1670091316.818367; 96090; 5
1670091316.843360; 96115; 5
1670091316.868359; 96140; 5
1670091316.893359; 96165; 5
1670091316.918364; 96190; 5
1670091316.943360; 96215; 5
1670091316.968359; 96240; 5
1670091316.993359; 96265; 5
1670091317.018359; 96290; 5
1670091317.043362; 96315; 5
1670091317.068356; 96340; 5
1670091317.093360; 96365; 5
1670091317.118356; 96390; 5
1670091317.143364; 96415; 5
1670091317.168360; 96440; 5
1670091317.193359; 96465; 5
1670091317.218359; 96490; 5
1670091317.243363; 96515; 5
1670091317.268356; 96540; 5
1670091317.293359; 96565; 5
1670091317.318359; 96590; 5
1670091317.343360; 96615; 5
1670091317.368364; 96640; 5
1670091317.393367; 96665; 5
1670091317.418359; 96690; 5
1670091317.443359; 96715; 5
1670091317.468364; 96740; 5
1670091317.493360; 96765; 5
1670091317.518359; 96790; 5
1670091317.543359; 96815; 5
1670091317.568359; 96840; 5
1670091317.593364; 96865; 5
1670091317.618356; 96890; 5
1670091317.643355; 96915; 5
1670091317.668355; 96940; 5
1670091317.693363; 96965; 5
1670091317.718356; 96990; 5
1670091317.743355; 97015; 5
1670091317.768355; 97040; 5
1670091317.793360; 97065; 5
1670091317.818360; 97090; 5
1670091317.843359; 97115; 5
1670091317.868359; 97140; 5
1670091317.893359; 97165; 5
1670091317.918360; 97190; 5
1670091317.943356; 97215; 5
1670091317.968354; 97240; 5
1670091317.993359; 97265; 5
1670091318.018364; 97290; 5
1670091318.043357; 97315; 5
1670091318.068360; 97340; 5
1670091318.093356; 97365; 5
1670091318.118356; 97390; 5
1670091318.143367; 97415; 5
1670091318.168360; 97440; 5
1670091318.193359; 97465; 5
1670091318.218355; 97490; 5
1670091318.243360; 97515; 5
1670091318.268356; 97540; 5
1670091318.293355; 97565; 5
1670091318.318355; 97590; 5
1670091318.343360; 97615; 5
1670091318.368361; 97640; 5
1670091318.393359; 97665; 5
1670091318.418356; 97690; 5
1670091318.443359; 97715; 5
1670091318.468364; 97740; 5
1670091318.493360; 97765; 5
1670091318.518359; 97790; 5
1670091318.543359; 97815; 5
1670091318.568363; 97840; 5
1670091318.593356; 97865; 6
1670091318.618355; 97890; 6
1670091318.643355; 97915; 6
1670091318.668355; 97940; 6
1670091318.693360; 97965; 6
1670091318.718356; 97990; 6
1670091318.743355; 98015; 6
1670091318.768355; 98040; 6
1670091318.793360; 98065; 6
1670091318.818356; 98090; 6
1670091318.843359; 98115; 6
1670091318.868359; 98140; 6
1670091318.893359; 98165; 7
1670091318.918357; 98190; 7
1670091318.943359; 98215; 7
1670091318.968359; 98240; 7
1670091318.993359; 98265; 8
1670091319.018367; 98290; 8
1670091319.043361; 98315; 8
1670091319.068356; 98340; 8
1670091319.093360; 98365; 9
1670091319.118361; 98390; 9
1670091319.143356; 98415; 9
1670091319.168355; 98440; 9
1670091319.193355; 98465; 9
1670091319.218355; 98490; 9
1670091319.243364; 98515; 9
1670091319.268360; 98540; 9
1670091319.293359; 98565; 11
1670091319.318359; 98590; 11
1670091319.343364; 98615; 11
1670091319.368360; 98640; 11
1670091319.393359; 98665; 11
1670091319.418359; 98690; 11
1670091319.443368; 98715; 11
1670091319.468360; 98740; 11
1670091319.493359; 98765; 11
1670091319.518359; 98790; 12
1670091319.543359; 98815; 12
1670091319.568364; 98840; 12
1670091319.593360; 98865; 12
1670091319.618359; 98890; 15
1670091319.643359; 98915; 15
1670091319.668360; 98940; 15
1670091319.693360; 98965; 15
1670091319.718359; 98990; 16
1670091319.743359; 99015; 16
1670091319.768364; 99040; 16
1670091319.793356; 99065; 16
1670091319.818359; 99090; 16
1670091319.843359; 99115; 16
1670091319.868363; 99140; 16
1670091319.893360; 99165; 16
1670091319.918359; 99190; 17
1670091319.943359; 99215; 17
1670091319.968359; 99240; 17
1670091319.993364; 99265; 17
1670091320.018360; 99290; 17
1670091320.043356; 99315; 17
1670091320.068360; 99340; 17
1670091320.093365; 99365; 17
1670091320.118357; 99390; 18
1670091320.143359; 99415; 18
1670091320.168359; 99440; 18
1670091320.193364; 99465; 18
1670091320.218360; 99490; 18
1670091320.243359; 99515; 18
1670091320.268359; 99540; 18
1670091320.293362; 99565; 18
1670091320.318361; 99590; 21
1670091320.343355; 99615; 21
1670091320.368355; 99640; 21
1670091320.393355; 99665; 21
1670091320.418364; 99690; 23
1670091320.443360; 99715; 23
1670091320.468359; 99740; 23
1670091320.493359; 99765; 23
1670091320.518364; 99790; 26
1670091320.543360; 99815; 26
1670091320.568359; 99840; 26
1670091320.593359; 99865; 26
1670091320.618364; 99890; 26
1670091320.643360; 99915; 24
1670091320.668359; 99940; 24
1670091320.693359; 99965; 24
1670091320.718359; 99990; 24
1670091320.743363; 100015; 22
1670091320.768360; 100040; 22
1670091320.793355; 100065; 22
1670091320.818359; 100090; 22
1670091320.843364; 100115; 22
1670091320.868360; 100140; 22
1670091320.893355; 100165; 22
1670091320.918359; 100190; 22
1670091320.943360; 100215; 21
1670091320.968360; 100240; 21
1670091320.993355; 100265; 21
1670091321.018359; 100290; 21
1670091321.043361; 100315; 27
1670091321.068361; 100340; 27
1670091321.093360; 100365; 27
1670091321.118356; 100390; 27
1670091321.143367; 100415; 30
1670091321.168360; 100440; 30
1670091321.193359; 100465; 30
1670091321.218359; 100490; 30
1670091321.243364; 100515; 24
1670091321.268360; 100540; 24
1670091321.293359; 100565; 24
1670091321.318359; 100590; 24
1670091321.343364; 100615; 17
1670091321.368360; 100640; 17
1670091321.393359; 100665; 17
1670091321.418359; 100690; 17
1670091321.443363; 100715; 17
1670091321.468361; 100740; 17
1670091321.493359; 100765; 17
1670091321.518359; 100790; 17
1670091321.543359; 100815; 18
1670091321.568367; 100840; 18
1670091321.593357; 100865; 18
1670091321.618359; 100890; 18
1670091321.643359; 100915; 16
1670091321.668364; 100940; 16
1670091321.693360; 100965; 16
1670091321.718359; 100990; 16
1670091321.743359; 101015; 16
1670091321.768364; 101040; 16
1670091321.793360; 101065; 16
1670091321.818359; 101090; 16
1670091321.843359; 101115; 16
1670091321.868364; 101140; 16
1670091321.893360; 101165; 16
1670091321.918359; 101190; 16
1670091321.943359; 101215; 16
1670091321.968367; 101240; 16
1670091321.993356; 101265; 16
1670091322.018359; 101290; 16
1670091322.043356; 101315; 16
1670091322.068365; 101340; 17
1670091322.093361; 101365; 17
1670091322.118356; 101390; 17
1670091322.143359; 101415; 17
1670091322.168364; 101440; 18
1670091322.193360; 101465; 18
1670091322.218359; 101490; 18
1670091322.243359; 101515; 18
1670091322.268359; 101540; 16
1670091322.293364; 101565; 16
1670091322.318356; 101590; 16
1670091322.343359; 101615; 16
1670091322.368359; 101640; 14
1670091322.393363; 101665; 14
1670091322.418360; 101690; 14
1670091322.443359; 101715; 14
1670091322.468359; 101740; 13
1670091322.493364; 101765; 13
1670091322.518360; 101790; 13
1670091322.543355; 101815; 13
1670091322.568359; 101840; 11
1670091322.593364; 101865; 11
1670091322.618361; 101890; 11
1670091322.643355; 101915; 11
1670091322.668359; 101940; 10
1670091322.693364; 101965; 10
1670091322.718382; 101990; 10
1670091322.743355; 102015; 10
1670091322.768359; 102040; 9
1670091322.793367; 102065; 9
1670091322.818360; 102090; 9
1670091322.843359; 102115; 9
1670091322.868359; 102140; 6
1670091322.893359; 102165; 6
1670091322.918357; 102190; 6
1670091322.943359; 102215; 6
1670091322.968359; 102240; 6
1670091322.993359; 102265; 6
1670091323.018364; 102290; 6
1670091323.043361; 102315; 6
1670091323.068356; 102340; 6
1670091323.093360; 102365; 6
1670091323.118361; 102390; 6
1670091323.143360; 102415; 6
1670091323.168359; 102440; 6
1670091323.193359; 102465; 5
1670091323.218367; 102490; 5
1670091323.243360; 102515; 5
1670091323.268359; 102540; 5
1670091323.293355; 102565; 5
1670091323.318355; 102590; 5
1670091323.343364; 102615; 5
1670091323.368360; 102640; 5
1670091323.393359; 102665; 5
1670091323.418359; 102690; 5
1670091323.443364; 102715; 5
1670091323.468360; 102740; 5
1670091323.493359; 102765; 5
1670091323.518359; 102790; 5
1670091323.543364; 102815; 5
1670091323.568360; 102840; 5
1670091323.593359; 102865; 5
1670091323.618359; 102890; 5
1670091323.643367; 102915; 5
1670091323.668360; 102940; 5
1670091323.693359; 102965; 5
1670091323.718359; 102990; 5
1670091323.743358; 103015; 5
1670091323.768364; 103040; 5
1670091323.793356; 103065; 5
1670091323.818355; 103090; 5
1670091323.843355; 103115; 5
1670091323.868360; 103140; 5
1670091323.893356; 103165; 4
1670091323.918355; 103190; 4
1670091323.943355; 103215; 4
1670091323.968364; 103240; 4
1670091323.993360; 103265; 4
1670091324.018359; 103290; 4
1670091324.043360; 103315; 4
1670091324.068364; 103340; 4
1670091324.093361; 103365; 4
1670091324.118356; 103390; 4
1670091324.143359; 103415; 4
1670091324.168359; 103440; 4
1670091324.193364; 103465; 4
1670091324.218360; 103490; 4
1670091324.243359; 103515; 4
1670091324.268359; 103540; 4
1670091324.293360; 103565; 4
1670091324.318356; 103590; 4
1670091324.343355; 103615; 4
1670091324.368355; 103640; 4
1670091324.393360; 103665; 4
1670091324.418360; 103690; 4
1670091324.443359; 103715; 4
1670091324.468359; 103740; 4
1670091324.493362; 103765; 4
1670091324.518361; 103790; 4
1670091324.543355; 103815; 4
1670091324.568359; 103840; 4
1670091324.593359; 103865; 4
1670091324.618364; 103890; 4
1670091324.643360; 103915; 4
1670091324.668359; 103940; 4
1670091324.693359; 103965; 4
1670091324.718364; 103990; 4
1670091324.743360; 104015; 4
1670091324.768359; 104040; 4
1670091324.793355; 104065; 4
1670091324.818360; 104090; 4
1670091324.843356; 104115; 4
1670091324.868355; 104140; 4
1670091324.893355; 104165; 4
1670091324.918355; 104190; 4
1670091324.943367; 104215; 4
1670091324.968360; 104240; 4
1670091324.993359; 104265; 4
1670091325.018359; 104290; 4
1670091325.043365; 104315; 4
1670091325.068357; 104340; 4
1670091325.093356; 104365; 4
1670091325.118360; 104390; 4
1670091325.143360; 104415; 4
1670091325.168356; 104440; 4
1670091325.193355; 104465; 4
1670091325.218355; 104490; 4
1670091325.243360; 104515; 4
1670091325.268356; 104540; 4
1670091325.293355; 104565; 4
1670091325.318355; 104590; 4
1670091325.343355; 104615; 4
1670091325.368363; 104640; 4
1670091325.393356; 104665; 4
1670091325.418355; 104690; 4
1670091325.443355; 104715; 4
1670091325.468360; 104740; 4
1670091325.493356; 104765; 4
1670091325.518355; 104790; 4
1670091325.543355; 104815; 4
1670091325.568360; 104840; 4
1670091325.593360; 104865; 4
1670091325.618359; 104890; 4
1670091325.643359; 104915; 4
1670091325.668364; 104940; 4
1670091325.693360; 104965; 4
1670091325.718359; 104990; 4
1670091325.743359; 105015; 4
1670091325.768359; 105040; 4
1670091325.793367; 105065; 4
1670091325.818360; 105090; 4
1670091325.843361; 105115; 4
1670091325.868359; 105140; 4
1670091325.893364; 105165; 4
1670091325.918360; 105190; 4
1670091325.943359; 105215; 4
1670091325.968359; 105240; 4
1670091325.993364; 105265; 4
1670091326.018356; 105290; 4
1670091326.043360; 105315; 4
1670091326.068356; 105340; 4
1670091326.093364; 105365; 4
1670091326.118359; 105390; 4
1670091326.143359; 105415; 4
1670091326.168359; 105440; 4
1670091326.193359; 105465; 4
1670091326.218367; 105490; 4
1670091326.243360; 105515; 4
1670091326.268359; 105540; 4
1670091326.293355; 105565; 4
1670091326.318360; 105590; 4
1670091326.343356; 105615; 4
1670091326.368359; 105640; 4
1670091326.393359; 105665; 4
1670091326.418360; 105690; 4
1670091326.443356; 105715; 4
1670091326.468355; 105740; 4
1670091326.493355; 105765; 4
1670091326.518355; 105790; 4
1670091326.543360; 105815; 4
1670091326.568356; 105840; 4
1670091326.593355; 105865; 4
1670091326.618359; 105890; 4
1670091326.643363; 105915; 4
1670091326.668360; 105940; 4
1670091326.693359; 105965; 4
1670091326.718359; 105990; 4
1670091326.743364; 106015; 4
1670091326.768360; 106040; 4
1670091326.793359; 106065; 4
1670091326.818359; 106090; 4
1670091326.843364; 106115; 4
1670091326.868360; 106140; 4
1670091326.893359; 106165; 4
1670091326.918359; 106190; 4
1670091326.943359; 106215; 4
1670091326.968364; 106240; 4
1670091326.993360; 106265; 4
1670091327.018359; 106290; 4
1670091327.043360; 106315; 4
1670091327.068369; 106340; 4
1670091327.093357; 106365; 4
1670091327.118360; 106390; 4
1670091327.143359; 106415; 4
1670091327.168364; 106440; 4
1670091327.193360; 106465; 4
1670091327.218359; 106490; 4
1670091327.243355; 106515; 4
1670091327.268360; 106540; 4
1670091327.293356; 106565; 4
1670091327.318355; 106590; 4
1670091327.343355; 106615; 4
1670091327.368355; 106640; 4
1670091327.393360; 106665; 4
1670091327.418356; 106690; 4
1670091327.443355; 106715; 4
1670091327.468355; 106740; 4
1670091327.493367; 106765; 4
1670091327.518360; 106790; 4
1670091327.543359; 106815; 4
1670091327.568359; 106840; 4
1670091327.593364; 106865; 4
1670091327.618360; 106890; 4
1670091327.643359; 106915; 4
1670091327.668355; 106940; 4
1670091327.693362; 106965; 5
1670091327.718361; 106990; 5
1670091327.743355; 107015; 5
1670091327.768355; 107040; 5
1670091327.793359; 107065; 5
1670091327.818364; 107090; 5
1670091327.843356; 107115; 5
1670091327.868355; 107140; 5
1670091327.893355; 107165; 5
1670091327.918363; 107190; 5
1670091327.943360; 107215; 5
1670091327.968359; 107240; 5
1670091327.993359; 107265; 6
1670091328.018364; 107290; 6
1670091328.043360; 107315; 6
1670091328.068356; 107340; 6
1670091328.093360; 107365; 5
1670091328.118356; 107390; 5
1670091328.143364; 107415; 5
1670091328.168360; 107440; 5
1670091328.193359; 107465; 6
1670091328.218355; 107490; 6
1670091328.243360; 107515; 6
1670091328.268360; 107540; 6
1670091328.293359; 107565; 6
1670091328.318359; 107590; 6
1670091328.343363; 107615; 6
1670091328.368360; 107640; 6
1670091328.393359; 107665; 6
1670091328.418359; 107690; 6
1670091328.443364; 107715; 6
1670091328.468360; 107740; 6
1670091328.493359; 107765; 8
1670091328.518359; 107790; 8
1670091328.543359; 107815; 8
1670091328.568364; 107840; 8
1670091328.593360; 107865; 8
1670091328.618359; 107890; 8
1670091328.643359; 107915; 8
1670091328.668360; 107940; 8
1670091328.693356; 107965; 9
1670091328.718359; 107990; 9
1670091328.743359; 108015; 9
1670091328.768363; 108040; 9
1670091328.793356; 108065; 9
1670091328.818355; 108090; 9
1670091328.843359; 108115; 9
1670091328.868364; 108140; 9
1670091328.893360; 108165; 9
1670091328.918359; 108190; 10
1670091328.943359; 108215; 10
1670091328.968359; 108240; 10
1670091328.993360; 108265; 10
1670091329.018360; 108290; 10
1670091329.043356; 108315; 10
1670091329.068362; 108340; 10
1670091329.093365; 108365; 10
1670091329.118357; 108390; 11
1670091329.143359; 108415; 11
1670091329.168359; 108440; 11
1670091329.193363; 108465; 11
1670091329.218360; 108490; 11
1670091329.243359; 108515; 11
1670091329.268359; 108540; 11
1670091329.293360; 108565; 11
1670091329.318360; 108590; 11
1670091329.343359; 108615; 11
1670091329.368359; 108640; 11
1670091329.393364; 108665; 11
1670091329.418360; 108690; 12
1670091329.443359; 108715; 12
1670091329.468359; 108740; 12
1670091329.493364; 108765; 12
1670091329.518360; 108790; 12
1670091329.543359; 108815; 12
1670091329.568359; 108840; 12
1670091329.593363; 108865; 12
1670091329.618360; 108890; 13
1670091329.643359; 108915; 13
1670091329.668359; 108940; 13
1670091329.693363; 108965; 13
1670091329.718361; 108990; 14
1670091329.743355; 109015; 14
1670091329.768359; 109040; 14
1670091329.793355; 109065; 14
1670091329.818364; 109090; 15
1670091329.843360; 109115; 15
1670091329.868355; 109140; 15
1670091329.893359; 109165; 15
1670091329.918364; 109190; 15
1670091329.943360; 109215; 15
1670091329.968359; 109240; 15
1670091329.993359; 109265; 15
1670091330.018363; 109290; 15
1670091330.043361; 109315; 16
1670091330.068360; 109340; 16
1670091330.093360; 109365; 16
1670091330.118361; 109390; 16
1670091330.143360; 109415; 14
1670091330.168355; 109440; 14
1670091330.193359; 109465; 14
1670091330.218364; 109490; 14
1670091330.243360; 109515; 16
1670091330.268355; 109540; 16
1670091330.293359; 109565; 16
1670091330.318364; 109590; 16
1670091330.343360; 109615; 15
1670091330.368359; 109640; 15
1670091330.393359; 109665; 15
1670091330.418367; 109690; 15
1670091330.443360; 109715; 14
1670091330.468359; 109740; 14
1670091330.493359; 109765; 14
1670091330.518359; 109790; 14
1670091330.543364; 109815; 12
1670091330.568360; 109840; 12
1670091330.593359; 109865; 12
1670091330.618359; 109890; 12
1670091330.643364; 109915; 10
1670091330.668360; 109940; 10
1670091330.693359; 109965; 10
1670091330.718359; 109990; 10
1670091330.743364; 110015; 11
1670091330.768360; 110040; 11
1670091330.793359; 110065; 11
1670091330.818355; 110090; 11
1670091330.843363; 110115; 11
1670091330.868360; 110140; 11
1670091330.893359; 110165; 11
1670091330.918355; 110190; 11
1670091330.943360; 110215; 11
1670091330.968360; 110240; 11
1670091330.993359; 110265; 11
1670091331.018359; 110290; 11
1670091331.043361; 110315; 11
1670091331.068357; 110340; 11
1670091331.093356; 110365; 11
1670091331.118360; 110390; 11
1670091331.143360; 110415; 11
1670091331.168360; 110440; 11
1670091331.193359; 110465; 11
1670091331.218359; 110490; 11
1670091331.243363; 110515; 11
1670091331.268360; 110540; 11
1670091331.293359; 110565; 11
1670091331.318359; 110590; 11
1670091331.343359; 110615; 11
1670091331.368364; 110640; 12
1670091331.393360; 110665; 12
1670091331.418355; 110690; 12
1670091331.443359; 110715; 12
1670091331.468364; 110740; 13
1670091331.493360; 110765; 13
1670091331.518359; 110790; 13
1670091331.543355; 110815; 13
1670091331.568364; 110840; 13
1670091331.593360; 110865; 13
1670091331.618359; 110890; 13
1670091331.643359; 110915; 13
1670091331.668367; 110940; 13
1670091331.693356; 110965; 13
1670091331.718359; 110990; 13
1670091331.743359; 111015; 13
1670091331.768364; 111040; 14
1670091331.793356; 111065; 14
1670091331.818359; 111090; 14
1670091331.843359; 111115; 14
1670091331.868360; 111140; 14
1670091331.893360; 111165; 14
1670091331.918355; 111190; 14
1670091331.943359; 111215; 14
1670091331.968364; 111240; 14
1670091331.993356; 111265; 14
1670091332.018359; 111290; 14
1670091332.043355; 111315; 14
1670091332.068363; 111340; 15
1670091332.093359; 111365; 15
1670091332.118356; 111390; 15
1670091332.143355; 111415; 15
1670091332.168359; 111440; 14
1670091332.193364; 111465; 14
1670091332.218360; 111490; 14
1670091332.243362; 111515; 14
1670091332.268355; 111540; 14
1670091332.293360; 111565; 14
1670091332.318360; 111590; 14
1670091332.343359; 111615; 14
1670091332.368359; 111640; 14
1670091332.393364; 111665; 15
1670091332.418360; 111690; 15
1670091332.443359; 111715; 15
1670091332.468359; 111740; 15
1670091332.493363; 111765; 19
1670091332.518356; 111790; 19
1670091332.543359; 111815; 19
1670091332.568359; 111840; 19
1670091332.593364; 111865; 19
1670091332.618360; 111890; 19
1670091332.643359; 111915; 19
1670091332.668359; 111940; 19
1670091332.693360; 111965; 16
1670091332.718360; 111990; 16
1670091332.743355; 112015; 16
1670091332.768355; 112040; 16
1670091332.793364; 112065; 14
1670091332.818360; 112090; 14
1670091332.843359; 112115; 14
1670091332.868359; 112140; 14
1670091332.893366; 112165; 12
1670091332.918357; 112190; 12
1670091332.943359; 112215; 12
1670091332.968359; 112240; 12
1670091332.993359; 112265; 12
1670091333.018364; 112290; 12
1670091333.043357; 112315; 12
1670091333.068356; 112340; 12
1670091333.093360; 112365; 12
1670091333.118365; 112390; 12
1670091333.143356; 112415; 12
1670091333.168355; 112440; 12
1670091333.193359; 112465; 12
1670091333.218364; 112490; 12
1670091333.243360; 112515; 12
1670091333.268358; 112540; 12
1670091333.293355; 112565; 12
1670091333.318367; 112590; 12
1670091333.343356; 112615; 12
1670091333.368359; 112640; 12
1670091333.393359; 112665; 12
1670091333.418364; 112690; 12
1670091333.443360; 112715; 12
1670091333.468355; 112740; 12
1670091333.493359; 112765; 12
1670091333.518364; 112790; 13
1670091333.543356; 112815; 13
1670091333.568359; 112840; 13
1670091333.593355; 112865; 13
1670091333.618364; 112890; 13
1670091333.643360; 112915; 13
1670091333.668359; 112940; 13
1670091333.693359; 112965; 13
1670091333.718359; 112990; 13
1670091333.743367; 113015; 13
1670091333.768356; 113040; 13
1670091333.793359; 113065; 13
1670091333.818359; 113090; 13
1670091333.843364; 113115; 13
1670091333.868360; 113140; 13
1670091333.893355; 113165; 13
1670091333.918359; 113190; 13
1670091333.943364; 113215; 13
1670091333.968360; 113240; 13
1670091333.993359; 113265; 13
1670091334.018359; 113290; 14
1670091334.043365; 113315; 14
1670091334.068357; 113340; 14
1670091334.093356; 113365; 14
1670091334.118360; 113390; 15
1670091334.143367; 113415; 15
1670091334.168356; 113440; 15
1670091334.193355; 113465; 15
1670091334.218359; 113490; 16
1670091334.243364; 113515; 16
1670091334.268360; 113540; 16
1670091334.293356; 113565; 16
1670091334.318359; 113590; 16
1670091334.343364; 113615; 16
1670091334.368360; 113640; 16
1670091334.393356; 113665; 16
1670091334.418359; 113690; 16
1670091334.443364; 113715; 16
1670091334.468360; 113740; 16
1670091334.493359; 113765; 16
1670091334.518359; 113790; 17
1670091334.543359; 113815; 17
1670091334.568367; 113840; 17
1670091334.593360; 113865; 17
1670091334.618359; 113890; 17
1670091334.643359; 113915; 18
1670091334.668364; 113940; 18
1670091334.693360; 113965; 18
1670091334.718355; 113990; 18
1670091334.743359; 114015; 17
1670091334.768364; 114040; 17
1670091334.793360; 114065; 17
1670091334.818359; 114090; 17
1670091334.843359; 114115; 17
1670091334.868360; 114140; 17
1670091334.893360; 114165; 17
1670091334.918359; 114190; 17
1670091334.943359; 114215; 17
1670091334.968367; 114240; 17
1670091334.993356; 114265; 17
1670091335.018355; 114290; 17
1670091335.043360; 114315; 14
1670091335.068365; 114340; 14
1670091335.093361; 114365; 14
1670091335.118360; 114390; 14
1670091335.143355; 114415; 14
1670091335.168364; 114440; 14
1670091335.193360; 114465; 14
1670091335.218359; 114490; 14
1670091335.243359; 114515; 14
1670091335.268363; 114540; 14
1670091335.293357; 114565; 14
1670091335.318359; 114590; 14
1670091335.343359; 114615; 16
1670091335.368359; 114640; 16
1670091335.393367; 114665; 16
1670091335.418356; 114690; 16
1670091335.443359; 114715; 16
1670091335.468371; 114740; 16
1670091335.493360; 114765; 16
1670091335.518360; 114790; 16
1670091335.543355; 114815; 15
1670091335.568359; 114840; 15
1670091335.593364; 114865; 15
1670091335.618360; 114890; 15
1670091335.643359; 114915; 16
1670091335.668359; 114940; 16
1670091335.693364; 114965; 16
1670091335.718360; 114990; 16
1670091335.743355; 115015; 16
1670091335.768359; 115040; 17
1670091335.793363; 115065; 17
1670091335.818360; 115090; 17
1670091335.843355; 115115; 17
1670091335.868359; 115140; 17
1670091335.893364; 115165; 17
1670091335.918360; 115190; 17
1670091335.943355; 115215; 17
1670091335.968359; 115240; 16
1670091335.993364; 115265; 16
1670091336.018360; 115290; 16
1670091336.043360; 115315; 16
1670091336.068356; 115340; 16
1670091336.093364; 115365; 16
1670091336.118358; 115390; 16
1670091336.143355; 115415; 16
1670091336.168359; 115440; 16
1670091336.193359; 115465; 16
1670091336.218363; 115490; 16
1670091336.243360; 115515; 16
1670091336.268359; 115540; 16
1670091336.293355; 115565; 16
1670091336.318360; 115590; 16
1670091336.343360; 115615; 16
1670091336.368359; 115640; 16
1670091336.393359; 115665; 16
1670091336.418364; 115690; 16
1670091336.443360; 115715; 16
1670091336.468359; 115740; 16
1670091336.493358; 115765; 16
1670091336.518364; 115790; 16
1670091336.543360; 115815; 16
1670091336.568359; 115840; 17
1670091336.593359; 115865; 17
1670091336.618363; 115890; 17
1670091336.643360; 115915; 17
1670091336.668355; 115940; 17
1670091336.693359; 115965; 17
1670091336.718360; 115990; 17
1670091336.743356; 116015; 17
1670091336.768355; 116040; 17
1670091336.793359; 116065; 17
1670091336.818364; 116090; 17
1670091336.843360; 116115; 17
1670091336.868359; 116140; 17
1670091336.893359; 116165; 15
1670091336.918359; 116190; 15
1670091336.943364; 116215; 15
1670091336.968360; 116240; 15
1670091336.993355; 116265; 15
1670091337.018355; 116290; 15
1670091337.043364; 116315; 15
1670091337.068357; 116340; 15
1670091337.093356; 116365; 16
1670091337.118360; 116390; 16
1670091337.143364; 116415; 16
1670091337.168360; 116440; 16
1670091337.193355; 116465; 16
1670091337.218359; 116490; 16
1670091337.243364; 116515; 16
1670091337.268356; 116540; 16
1670091337.293359; 116565; 14
1670091337.318359; 116590; 14
1670091337.343364; 116615; 14
1670091337.368360; 116640; 14
1670091337.393359; 116665; 11
1670091337.418359; 116690; 11
1670091337.443363; 116715; 11
1670091337.468360; 116740; 11
1670091337.493359; 116765; 8
1670091337.518355; 116790; 8
1670091337.543360; 116815; 8
1670091337.568356; 116840; 8
1670091337.593355; 116865; 10
1670091337.618359; 116890; 10
1670091337.643359; 116915; 10
1670091337.668364; 116940; 10
1670091337.693356; 116965; 10
1670091337.718359; 116990; 10
1670091337.743359; 117015; 10
1670091337.768364; 117040; 10
1670091337.793356; 117065; 12
1670091337.818359; 117090; 12
1670091337.843359; 117115; 12
1670091337.868367; 117140; 12
1670091337.893360; 117165; 11
1670091337.918355; 117190; 11
1670091337.943359; 117215; 11
1670091337.968364; 117240; 11
1670091337.993360; 117265; 11
1670091338.018355; 117290; 11
1670091338.043360; 117315; 11
1670091338.068365; 117340; 11
1670091338.093361; 117365; 11
1670091338.118360; 117390; 13
1670091338.143355; 117415; 13
1670091338.168364; 117440; 13
1670091338.193360; 117465; 13
1670091338.218359; 117490; 13
1670091338.243359; 117515; 13
1670091338.268363; 117540; 13
1670091338.293360; 117565; 13
1670091338.318359; 117590; 13
1670091338.343359; 117615; 13
1670091338.368359; 117640; 13
1670091338.393361; 117665; 13
1670091338.418355; 117690; 13
1670091338.443359; 117715; 13
1670091338.468359; 117740; 13
1670091338.493398; 117765; 13
1670091338.518360; 117790; 15
1670091338.543355; 117815; 15
1670091338.568359; 117840; 15
1670091338.593364; 117865; 15
1670091338.618360; 117890; 16
1670091338.643359; 117915; 16
1670091338.668359; 117940; 16
1670091338.693379; 117965; 16
1670091338.718356; 117990; 19
1670091338.743359; 118015; 19
1670091338.768359; 118040; 19
1670091338.793360; 118065; 19
1670091338.818360; 118090; 24
1670091338.843355; 118115; 24
1670091338.868359; 118140; 24
1670091338.893364; 118165; 24
1670091338.918360; 118190; 28
1670091338.943359; 118215; 28
1670091338.968359; 118240; 28
1670091338.993360; 118265; 28
1670091339.018356; 118290; 30
1670091339.043360; 118315; 30
1670091339.068360; 118340; 30
1670091339.093364; 118365; 30
1670091339.118357; 118390; 30
1670091339.143359; 118415; 30
1670091339.168359; 118440; 30
1670091339.193359; 118465; 30
1670091339.218361; 118490; 30
1670091339.243355; 118515; 33
1670091339.268359; 118540; 33
1670091339.293359; 118565; 33
1670091339.318364; 118590; 33
1670091339.343360; 118615; 35
1670091339.368359; 118640; 35
1670091339.393359; 118665; 35
1670091339.418364; 118690; 35
1670091339.443360; 118715; 35
1670091339.468359; 118740; 35
1670091339.493359; 118765; 35
1670091339.518383; 118790; 35
1670091339.543360; 118815; 37
1670091339.568359; 118840; 37
1670091339.593359; 118865; 37
1670091339.618364; 118890; 37
1670091339.643360; 118915; 39
1670091339.668355; 118940; 39
1670091339.693359; 118965; 39
1670091339.718363; 118990; 39
1670091339.743356; 119015; 41
1670091339.768359; 119040; 41
1670091339.793359; 119065; 41
1670091339.818360; 119090; 41
1670091339.843360; 119115; 42
1670091339.868359; 119140; 42
1670091339.893359; 119165; 42
1670091339.918363; 119190; 42
1670091339.943356; 119215; 47
1670091339.968359; 119240; 47
1670091339.993359; 119265; 47
1670091340.018359; 119290; 47
1670091340.043361; 119315; 50
1670091340.068361; 119340; 50
1670091340.093360; 119365; 50
1670091340.118356; 119390; 50
1670091340.143364; 119415; 51
1670091340.168360; 119440; 51
1670091340.193355; 119465; 51
1670091340.218359; 119490; 51
1670091340.243364; 119515; 53
1670091340.268360; 119540; 53
1670091340.293355; 119565; 53
1670091340.318359; 119590; 53
1670091340.343363; 119615; 45
1670091340.368360; 119640; 45
1670091340.393359; 119665; 45
1670091340.418359; 119690; 45
1670091340.443364; 119715; 45
1670091340.468360; 119740; 48
1670091340.493359; 119765; 48
1670091340.518359; 119790; 48
1670091340.543360; 119815; 48
1670091340.568360; 119840; 51
1670091340.593355; 119865; 51
1670091340.618359; 119890; 51
1670091340.643364; 119915; 51
1670091340.668360; 119940; 47
1670091340.693359; 119965; 47
1670091340.718359; 119990; 47
1670091340.743367; 120015; 47
1670091340.768360; 120040; 44
1670091340.793355; 120065; 44
1670091340.818359; 120090; 44
1670091340.843359; 120115; 44
1670091340.868364; 120140; 33
1670091340.893360; 120165; 33
1670091340.918355; 120190; 33
1670091340.943359; 120215; 33
1670091340.968364; 120240; 16
1670091340.993360; 120265; 16
1670091341.018359; 120290; 16
1670091341.043356; 120315; 16
1670091341.068361; 120340; 7
1670091341.093361; 120365; 7
1670091341.118356; 120390; 7
1670091341.143359; 120415; 7
1670091341.168363; 120440; 7
1670091341.193360; 120465; 7
1670091341.218359; 120490; 7
1670091341.243359; 120515; 7
1670091341.268364; 120540; 7
1670091341.293356; 120565; 7
1670091341.318355; 120590; 7
1670091341.343355; 120615; 7
1670091341.368355; 120640; 7
1670091341.393360; 120665; 7
1670091341.418360; 120690; 7
1670091341.443359; 120715; 7
1670091341.468359; 120740; 8
1670091341.493364; 120765; 8
1670091341.518360; 120790; 8
1670091341.543359; 120815; 8
1670091341.568359; 120840; 8
1670091341.593367; 120865; 8
1670091341.618360; 120890; 8
1670091341.643359; 120915; 8
1670091341.668359; 120940; 8
1670091341.693364; 120965; 5
1670091341.718360; 120990; 5
1670091341.743359; 121015; 5
1670091341.768355; 121040; 5
1670091341.793355; 121065; 5
1670091341.818363; 121090; 5
1670091341.843360; 121115; 5
1670091341.868359; 121140; 5
1670091341.893359; 121165; 5
1670091341.918364; 121190; 5
1670091341.943360; 121215; 5
1670091341.968359; 121240; 5
1670091341.993355; 121265; 4
1670091342.018363; 121290; 4
1670091342.043361; 121315; 4
1670091342.068356; 121340; 4
1670091342.093360; 121365; 4
1670091342.118364; 121390; 4
1670091342.143361; 121415; 4
1670091342.168355; 121440; 4
1670091342.193355; 121465; 5
1670091342.218355; 121490; 5
1670091342.243364; 121515; 5
1670091342.268360; 121540; 5
1670091342.293355; 121565; 5
1670091342.318355; 121590; 5
1670091342.343360; 121615; 5
1670091342.368356; 121640; 5
1670091342.393355; 121665; 4
1670091342.418355; 121690; 4
1670091342.443367; 121715; 4
1670091342.468360; 121740; 4
1670091342.493359; 121765; 4
1670091342.518359; 121790; 4
1670091342.543359; 121815; 4
1670091342.568364; 121840; 4
1670091342.593356; 121865; 4
1670091342.618355; 121890; 4
1670091342.643359; 121915; 4
1670091342.668364; 121940; 4
1670091342.693360; 121965; 4
1670091342.718359; 121990; 4
1670091342.743359; 122015; 4
1670091342.768364; 122040; 4
1670091342.793356; 122065; 4
1670091342.818355; 122090; 4
1670091342.843355; 122115; 4
1670091342.868363; 122140; 4
1670091342.893360; 122165; 4
1670091342.918359; 122190; 4
1670091342.943359; 122215; 4
1670091342.968359; 122240; 4
1670091342.993364; 122265; 4
1670091343.018356; 122290; 5
1670091343.043360; 122315; 5
1670091343.068360; 122340; 5
1670091343.093365; 122365; 5
1670091343.118357; 122390; 5
1670091343.143359; 122415; 5
1670091343.168359; 122440; 5
1670091343.193364; 122465; 5
1670091343.218360; 122490; 5
1670091343.243359; 122515; 5
1670091343.268359; 122540; 5
1670091343.293363; 122565; 5
1670091343.318360; 122590; 5
1670091343.343359; 122615; 5
1670091343.368359; 122640; 5
1670091343.393359; 122665; 5
1670091343.418360; 122690; 5
1670091343.443356; 122715; 5
1670091343.468359; 122740; 5
1670091343.493359; 122765; 5
1670091343.518364; 122790; 5
1670091343.543360; 122815; 5
1670091343.568359; 122840; 5
1670091343.593359; 122865; 5
1670091343.618364; 122890; 5
1670091343.643360; 122915; 5
1670091343.668359; 122940; 5
1670091343.693359; 122965; 5
1670091343.718362; 122990; 5
1670091343.743361; 123015; 5
1670091343.768355; 123040; 5
1670091343.793355; 123065; 5
1670091343.818381; 123090; 5
1670091343.843364; 123115; 5
1670091343.868356; 123140; 5
1670091343.893355; 123165; 5
1670091343.918355; 123190; 5
1670091343.943360; 123215; 5
1670091343.968356; 123240; 5
1670091343.993355; 123265; 5
1670091344.018383; 123290; 5
1670091344.043361; 123315; 5
1670091344.068361; 123340; 5
1670091344.093356; 123365; 5
1670091344.118360; 123390; 5
1670091344.143359; 123415; 5
1670091344.168363; 123440; 5
1670091344.193356; 123465; 5
1670091344.218355; 123490; 5
1670091344.243359; 123515; 5
1670091344.268364; 123540; 5
1670091344.293360; 123565; 5
1670091344.318359; 123590; 5
1670091344.343359; 123615; 6
1670091344.368364; 123640; 6
1670091344.393360; 123665; 6
1670091344.418359; 123690; 6
1670091344.443355; 123715; 8
1670091344.468360; 123740; 8
1670091344.493356; 123765; 8
1670091344.518355; 123790; 8
1670091344.543355; 123815; 11
1670091344.568359; 123840; 11
1670091344.593363; 123865; 11
1670091344.618360; 123890; 11
1670091344.643359; 123915; 11
1670091344.668359; 123940; 11
1670091344.693364; 123965; 11
1670091344.718360; 123990; 11
1670091344.743359; 124015; 14
1670091344.768359; 124040; 14
1670091344.793360; 124065; 14
1670091344.818360; 124090; 14
1670091344.843372; 124115; 11
1670091344.868355; 124140; 11
1670091344.893364; 124165; 11
1670091344.918360; 124190; 11
1670091344.943355; 124215; 12
1670091344.968359; 124240; 12
1670091344.993363; 124265; 12
1670091345.018360; 124290; 12
1670091345.043359; 124315; 12
1670091345.068356; 124340; 13
1670091345.093373; 124365; 13
1670091345.118357; 124390; 13
1670091345.143359; 124415; 13
1670091345.168359; 124440; 12
1670091345.193364; 124465; 12
1670091345.218360; 124490; 12
1670091345.243359; 124515; 12
1670091345.268359; 124540; 13
