1670090892.468373; 368816; 14
1670090892.492973; 368841; 14
1670090892.517965; 368866; 14
1670090892.542965; 368891; 14
1670090892.567965; 368916; 14
1670090892.592965; 368941; 14
1670090892.617965; 368966; 14
1670090892.642965; 368991; 14
1670090892.667965; 369016; 14
1670090892.692978; 369041; 14
1670090892.717965; 369066; 14
1670090892.742965; 369091; 14
1670090892.767965; 369116; 14
1670090892.792965; 369141; 14
1670090892.817965; 369166; 14
1670090892.842965; 369191; 14
1670090892.867965; 369216; 14
1670090892.892965; 369241; 14
1670090892.917965; 369266; 14
1670090892.942965; 369291; 14
1670090892.967971; 369316; 14
1670090892.992971; 369341; 14
1670090893.017971; 369366; 14
1670090893.042966; 369391; 14
1670090893.067966; 369416; 14
1670090893.092966; 369441; 14
1670090893.117972; 369466; 14
1670090893.142965; 369491; 14
1670090893.167965; 369516; 14
1670090893.192982; 369541; 14
1670090893.217970; 369566; 14
1670090893.242970; 369591; 14
1670090893.267970; 369616; 14
1670090893.292970; 369641; 14
1670090893.317971; 369666; 14
1670090893.342971; 369691; 14
1670090893.367987; 369716; 14
1670090893.392971; 369741; 14
1670090893.417971; 369766; 14
1670090893.442971; 369791; 14
1670090893.467971; 369816; 14
1670090893.492971; 369841; 14
1670090893.517970; 369866; 14
1670090893.542971; 369891; 14
1670090893.567971; 369916; 14
1670090893.592971; 369941; 14
1670090893.617971; 369966; 14
1670090893.642971; 369991; 14
1670090893.667971; 370016; 14
1670090893.692975; 370041; 14
1670090893.717965; 370066; 14
1670090893.742966; 370091; 14
1670090893.767965; 370116; 14
1670090893.792965; 370141; 14
1670090893.817966; 370166; 14
1670090893.842965; 370191; 14
1670090893.867965; 370216; 14
1670090893.892971; 370241; 14
1670090893.917971; 370266; 14
1670090893.942971; 370291; 14
1670090893.967971; 370316; 14
1670090893.992971; 370341; 14
1670090894.017971; 370366; 14
1670090894.042966; 370391; 14
1670090894.067966; 370416; 14
1670090894.092966; 370441; 14
1670090894.117967; 370466; 14
1670090894.142971; 370491; 14
1670090894.167971; 370516; 14
1670090894.192989; 370541; 14
1670090894.217971; 370566; 14
1670090894.242971; 370591; 14
1670090894.267971; 370616; 14
1670090894.292971; 370641; 14
1670090894.317971; 370666; 14
1670090894.342970; 370691; 14
1670090894.367971; 370716; 14
1670090894.392965; 370741; 14
1670090894.417965; 370766; 14
1670090894.442965; 370791; 14
1670090894.467965; 370816; 14
1670090894.492965; 370841; 14
1670090894.517965; 370866; 14
1670090894.542966; 370891; 14
1670090894.567971; 370916; 14
1670090894.592971; 370941; 14
1670090894.617971; 370966; 14
1670090894.642971; 370991; 14
1670090894.667965; 371016; 14
1670090894.692954; 371041; 14
1670090894.717971; 371066; 14
1670090894.742971; 371091; 14
1670090894.767971; 371116; 14
1670090894.792971; 371141; 14
1670090894.817971; 371166; 14
1670090894.842971; 371191; 14
1670090894.867971; 371216; 14
1670090894.892971; 371241; 14
1670090894.917971; 371266; 14
1670090894.942971; 371291; 14
1670090894.967970; 371316; 14
1670090894.992971; 371341; 14
1670090895.017971; 371366; 14
1670090895.042967; 371391; 14
1670090895.067967; 371416; 14
1670090895.092967; 371441; 14
1670090895.117966; 371466; 14
1670090895.142971; 371491; 14
1670090895.167965; 371516; 14
1670090895.192984; 371541; 14
1670090895.217965; 371566; 14
1670090895.242965; 371591; 14
1670090895.267966; 371616; 14
1670090895.292965; 371641; 14
1670090895.317965; 371666; 14
1670090895.342965; 371691; 14
1670090895.367965; 371716; 14
1670090895.392965; 371741; 14
1670090895.417965; 371766; 14
1670090895.442965; 371791; 14
1670090895.467965; 371816; 14
1670090895.492965; 371841; 14
1670090895.517965; 371866; 14
1670090895.542965; 371891; 14
1670090895.567965; 371916; 14
1670090895.592965; 371941; 14
1670090895.617965; 371966; 14
1670090895.642965; 371991; 14
1670090895.667965; 372016; 14
1670090895.692954; 372041; 14
1670090895.717971; 372066; 14
1670090895.742971; 372091; 14
1670090895.767971; 372116; 14
1670090895.935368; 372283; 14
1670090895.959967; 372308; 14
1670090895.984971; 372333; 14
1670090896.009971; 372358; 14
1670090896.034966; 372383; 14
1670090896.059966; 372408; 14
1670090896.084966; 372433; 14
1670090896.109966; 372458; 13
1670090896.134971; 372483; 13
1670090896.159971; 372508; 13
1670090896.184969; 372533; 13
1670090896.209971; 372558; 14
1670090896.234970; 372583; 14
1670090896.259971; 372608; 14
1670090896.284971; 372633; 14
1670090896.309971; 372658; 14
1670090896.334971; 372683; 14
1670090896.359971; 372708; 14
1670090896.384971; 372733; 14
1670090896.409965; 372758; 14
1670090896.434965; 372783; 14
1670090896.459965; 372808; 14
1670090896.484965; 372833; 14
1670090896.509965; 372858; 14
1670090896.534965; 372883; 14
1670090896.559965; 372908; 14
1670090896.584965; 372933; 14
1670090896.609971; 372958; 14
1670090896.634971; 372983; 14
1670090896.659971; 373008; 14
1670090896.684971; 373033; 14
1670090896.709965; 373058; 14
1670090896.734965; 373083; 14
1670090896.759965; 373108; 14
1670090896.784965; 373133; 14
1670090896.809971; 373158; 14
1670090896.834971; 373183; 14
1670090896.859971; 373208; 14
1670090896.884971; 373233; 14
1670090896.909971; 373258; 14
1670090896.934971; 373283; 14
1670090896.959965; 373308; 14
1670090896.984965; 373333; 14
1670090897.009971; 373358; 14
1670090897.034966; 373383; 14
1670090897.059967; 373408; 14
1670090897.084967; 373433; 14
1670090897.109967; 373458; 14
1670090897.134971; 373483; 14
1670090897.159971; 373508; 14
1670090897.184971; 373533; 14
1670090897.209965; 373558; 14
1670090897.234965; 373583; 14
1670090897.259967; 373608; 14
1670090897.284965; 373633; 14
1670090897.309965; 373658; 14
1670090897.334965; 373683; 14
1670090897.359965; 373708; 14
1670090897.384965; 373733; 14
1670090897.409966; 373758; 14
1670090897.434965; 373783; 14
1670090897.459965; 373808; 14
1670090897.484965; 373833; 14
1670090897.509965; 373858; 14
1670090897.534965; 373883; 14
1670090897.559965; 373908; 14
1670090897.584965; 373933; 14
1670090897.609965; 373958; 14
1670090897.634965; 373983; 14
1670090897.659965; 374008; 14
1670090897.684965; 374033; 14
1670090897.709971; 374058; 14
1670090897.734971; 374083; 14
1670090897.759971; 374108; 14
1670090897.784971; 374133; 14
1670090897.809971; 374158; 14
1670090897.834965; 374183; 14
1670090897.859965; 374208; 14
1670090897.884965; 374233; 14
1670090897.909965; 374258; 14
1670090897.934965; 374283; 14
1670090897.959965; 374308; 14
1670090897.984965; 374333; 14
1670090898.009965; 374358; 14
1670090898.034972; 374383; 14
1670090898.059972; 374408; 14
1670090898.084972; 374433; 14
1670090898.109972; 374458; 14
1670090898.134965; 374483; 14
1670090898.159965; 374508; 14
1670090898.184965; 374533; 14
1670090898.209971; 374558; 14
1670090898.234965; 374583; 14
1670090898.259965; 374608; 14
1670090898.284965; 374633; 14
1670090898.309965; 374658; 14
1670090898.334965; 374683; 14
1670090898.359965; 374708; 14
1670090898.384965; 374733; 14
1670090898.409965; 374758; 14
1670090898.434965; 374783; 14
1670090898.459965; 374808; 14
1670090898.484965; 374833; 14
1670090898.509965; 374858; 14
1670090898.534965; 374883; 14
1670090898.559965; 374908; 14
1670090898.584965; 374933; 14
1670090898.609965; 374958; 14
1670090898.634965; 374983; 14
1670090898.659971; 375008; 14
1670090898.684971; 375033; 14
1670090898.709966; 375058; 14
1670090898.734965; 375083; 14
1670090898.759966; 375108; 14
1670090898.784965; 375133; 14
1670090898.809965; 375158; 14
1670090898.834965; 375183; 14
1670090898.859971; 375208; 14
1670090898.884971; 375233; 14
1670090898.909971; 375258; 14
1670090898.934971; 375283; 14
1670090898.959971; 375308; 14
1670090898.984971; 375333; 14
1670090899.009971; 375358; 14
1670090899.034966; 375383; 14
1670090899.059967; 375408; 14
1670090899.084967; 375433; 14
1670090899.109966; 375458; 14
1670090899.134970; 375483; 14
1670090899.159971; 375508; 14
1670090899.184971; 375533; 14
1670090899.209965; 375558; 14
1670090899.234979; 375583; 14
1670090899.259967; 375608; 14
1670090899.284965; 375633; 14
1670090899.309965; 375658; 14
1670090899.334965; 375683; 14
1670090899.359965; 375708; 14
1670090899.384965; 375733; 14
1670090899.409966; 375758; 14
1670090899.434965; 375783; 14
1670090899.459975; 375808; 14
1670090899.484965; 375833; 14
1670090899.509965; 375858; 14
1670090899.534966; 375883; 14
1670090899.559965; 375908; 14
1670090899.584965; 375933; 14
1670090899.609965; 375958; 14
1670090899.634965; 375983; 14
1670090899.659965; 376008; 14
1670090899.684965; 376033; 14
1670090899.709971; 376058; 14
1670090899.734965; 376083; 14
1670090899.759965; 376108; 14
1670090899.784965; 376133; 14
1670090899.809965; 376158; 14
1670090899.834965; 376183; 14
1670090899.859965; 376208; 14
1670090899.884971; 376233; 14
1670090899.909971; 376258; 14
1670090899.934971; 376283; 14
1670090899.959971; 376308; 14
1670090899.984970; 376333; 14
1670090900.009971; 376358; 14
1670090900.034967; 376383; 14
1670090900.059967; 376408; 14
1670090900.084967; 376433; 14
1670090900.109966; 376458; 14
1670090900.134966; 376483; 14
1670090900.159965; 376508; 14
1670090900.184966; 376533; 14
1670090900.209965; 376558; 14
1670090900.234971; 376583; 14
1670090900.259971; 376608; 14
1670090900.284966; 376633; 13
1670090900.309965; 376658; 13
1670090900.334965; 376683; 13
1670090900.359965; 376708; 13
1670090900.384965; 376733; 14
1670090900.409971; 376758; 14
1670090900.434971; 376783; 14
1670090900.459970; 376808; 14
1670090900.484984; 376833; 14
1670090900.509973; 376858; 14
1670090900.534965; 376883; 14
1670090900.559971; 376908; 14
1670090900.584971; 376933; 14
1670090900.609971; 376958; 14
1670090900.634971; 376983; 14
1670090900.659971; 377008; 14
1670090900.684971; 377033; 13
1670090900.709971; 377058; 13
1670090900.734971; 377083; 13
1670090900.759971; 377108; 13
1670090900.784971; 377133; 13
1670090900.809971; 377158; 13
1670090900.834971; 377183; 13
1670090900.859971; 377208; 13
1670090900.884971; 377233; 13
1670090900.909971; 377258; 14
1670090900.934971; 377283; 14
1670090900.959971; 377308; 14
1670090900.984971; 377333; 14
1670090901.009971; 377358; 14
1670090901.034966; 377383; 14
1670090901.059966; 377408; 14
1670090901.084966; 377433; 14
1670090901.109967; 377458; 14
1670090901.134971; 377483; 14
1670090901.159971; 377508; 14
1670090901.184971; 377533; 14
1670090901.209965; 377558; 13
1670090901.234965; 377583; 13
1670090901.259971; 377608; 13
1670090901.284971; 377633; 13
1670090901.309971; 377658; 14
1670090901.334971; 377683; 14
1670090901.359971; 377708; 14
1670090901.384971; 377733; 14
1670090901.409971; 377758; 14
1670090901.434971; 377783; 14
1670090901.459971; 377808; 14
1670090901.484971; 377833; 14
1670090901.509970; 377858; 14
1670090901.534971; 377883; 14
1670090901.559971; 377908; 14
1670090901.584971; 377933; 14
1670090901.609971; 377958; 14
1670090901.634965; 377983; 14
1670090901.659965; 378008; 14
1670090901.684965; 378033; 14
1670090901.709971; 378058; 13
1670090901.734965; 378083; 13
1670090901.759965; 378108; 13
1670090901.784971; 378133; 13
1670090901.809971; 378158; 14
1670090901.834971; 378183; 14
1670090901.859971; 378208; 14
1670090901.884971; 378233; 14
1670090901.909971; 378258; 14
1670090901.934965; 378283; 14
1670090901.959971; 378308; 14
1670090901.984971; 378333; 14
1670090902.009971; 378358; 14
1670090902.034972; 378383; 14
1670090902.059972; 378408; 14
1670090902.084972; 378433; 14
1670090902.109972; 378458; 14
1670090902.134965; 378483; 13
1670090902.159965; 378508; 13
1670090902.184965; 378533; 13
1670090902.209965; 378558; 13
1670090902.234965; 378583; 14
1670090902.259965; 378608; 14
1670090902.284965; 378633; 14
1670090902.309965; 378658; 14
1670090902.334967; 378683; 14
1670090902.359965; 378708; 14
1670090902.384965; 378733; 14
1670090902.409966; 378758; 14
1670090902.434965; 378783; 14
1670090902.459965; 378808; 14
1670090902.484965; 378833; 14
1670090902.509965; 378858; 14
1670090902.534974; 378883; 14
1670090902.559972; 378908; 14
1670090902.584965; 378933; 14
1670090902.609965; 378958; 14
1670090902.634965; 378983; 13
1670090902.659965; 379008; 13
1670090902.684966; 379033; 13
1670090902.709971; 379058; 13
1670090902.734971; 379083; 14
1670090902.759971; 379108; 14
1670090902.784971; 379133; 14
1670090902.809965; 379158; 14
1670090902.834965; 379183; 14
1670090902.859965; 379208; 14
1670090902.884965; 379233; 14
1670090902.909965; 379258; 14
1670090902.934965; 379283; 14
1670090902.959965; 379308; 14
1670090902.984965; 379333; 14
1670090903.009965; 379358; 14
1670090903.034972; 379383; 14
1670090903.059972; 379408; 13
1670090903.084972; 379433; 13
1670090903.109972; 379458; 13
1670090903.134965; 379483; 13
1670090903.159965; 379508; 13
1670090903.184965; 379533; 13
1670090903.209965; 379558; 13
1670090903.234965; 379583; 13
1670090903.259965; 379608; 14
1670090903.284965; 379633; 14
1670090903.309965; 379658; 14
1670090903.334965; 379683; 14
1670090903.359970; 379708; 14
1670090903.384971; 379733; 14
1670090903.409971; 379758; 14
1670090903.434971; 379783; 14
1670090903.459971; 379808; 14
1670090903.484971; 379833; 14
1670090903.509971; 379858; 14
1670090903.534971; 379883; 14
1670090903.559966; 379908; 13
1670090903.584965; 379933; 13
1670090903.609965; 379958; 13
1670090903.634965; 379983; 13
1670090903.659965; 380008; 14
1670090903.684965; 380033; 14
1670090903.709965; 380058; 14
1670090903.734965; 380083; 14
1670090903.759965; 380108; 14
1670090903.784965; 380133; 14
1670090903.809965; 380158; 14
1670090903.834971; 380183; 14
1670090903.859971; 380208; 14
1670090903.884970; 380233; 14
1670090903.909971; 380258; 14
1670090903.934971; 380283; 14
1670090903.959971; 380308; 14
1670090903.984971; 380333; 14
1670090904.009970; 380358; 14
1670090904.034966; 380383; 14
1670090904.059967; 380408; 14
1670090904.084972; 380433; 14
1670090904.109972; 380458; 14
1670090904.134965; 380483; 14
1670090904.159965; 380508; 14
1670090904.184971; 380533; 14
1670090904.209971; 380558; 14
1670090904.234971; 380583; 14
1670090904.259971; 380608; 14
1670090904.284971; 380633; 14
1670090904.309971; 380658; 14
1670090904.334971; 380683; 14
1670090904.359971; 380708; 14
1670090904.384965; 380733; 14
1670090904.409965; 380758; 14
1670090904.434965; 380783; 14
1670090904.459965; 380808; 14
1670090904.484965; 380833; 14
1670090904.509966; 380858; 14
1670090904.534971; 380883; 14
1670090904.559971; 380908; 14
1670090904.584986; 380933; 14
1670090904.609971; 380958; 14
1670090904.634971; 380983; 14
1670090904.659971; 381008; 14
1670090904.684971; 381033; 14
1670090904.709965; 381058; 14
1670090904.734966; 381083; 14
1670090904.759965; 381108; 14
1670090904.784992; 381133; 14
1670090904.809965; 381158; 14
1670090904.834965; 381183; 14
1670090904.859965; 381208; 14
1670090904.884965; 381233; 14
1670090904.909965; 381258; 14
1670090904.934965; 381283; 14
1670090904.959965; 381308; 14
1670090904.984965; 381333; 14
1670090905.009965; 381358; 14
1670090905.034972; 381383; 14
1670090905.059972; 381408; 14
1670090905.084972; 381433; 15
1670090905.109972; 381458; 15
1670090905.134965; 381483; 15
1670090905.159965; 381508; 15
1670090905.184965; 381533; 15
1670090905.209965; 381558; 15
1670090905.234965; 381583; 15
1670090905.259965; 381608; 15
1670090905.284965; 381633; 15
1670090905.309970; 381658; 15
1670090905.334971; 381683; 15
1670090905.359965; 381708; 15
1670090905.384965; 381733; 15
1670090905.409966; 381758; 15
1670090905.434965; 381783; 15
1670090905.459965; 381808; 15
1670090905.484965; 381833; 15
1670090905.509965; 381858; 16
1670090905.534965; 381883; 16
1670090905.559965; 381908; 16
1670090905.584965; 381933; 16
1670090905.609965; 381958; 16
1670090905.634965; 381983; 16
1670090905.659965; 382008; 16
1670090905.684965; 382033; 16
1670090905.709971; 382058; 16
1670090905.734971; 382083; 16
1670090905.759971; 382108; 16
1670090905.784971; 382133; 16
1670090905.809969; 382158; 17
1670090905.834979; 382183; 17
1670090905.859966; 382208; 17
1670090905.884965; 382233; 17
1670090905.909965; 382258; 16
1670090905.934965; 382283; 16
1670090905.959965; 382308; 16
1670090905.984965; 382333; 16
1670090906.009965; 382358; 17
1670090906.034972; 382383; 17
1670090906.059972; 382408; 17
1670090906.084972; 382433; 17
1670090906.109972; 382458; 18
1670090906.134965; 382483; 18
1670090906.159966; 382508; 18
1670090906.184966; 382533; 18
1670090906.209965; 382558; 18
1670090906.234971; 382583; 18
1670090906.259971; 382608; 18
1670090906.284965; 382633; 18
1670090906.309965; 382658; 17
1670090906.334965; 382683; 17
1670090906.359965; 382708; 17
1670090906.384965; 382733; 17
1670090906.409966; 382758; 18
1670090906.434965; 382783; 18
1670090906.459965; 382808; 18
1670090906.484965; 382833; 18
1670090906.509965; 382858; 19
1670090906.534965; 382883; 19
1670090906.559965; 382908; 19
1670090906.584966; 382933; 19
1670090906.609965; 382958; 19
1670090906.634966; 382983; 20
1670090906.659965; 383008; 20
1670090906.684965; 383033; 20
1670090906.709971; 383058; 20
1670090906.734971; 383083; 20
1670090906.759971; 383108; 20
1670090906.784965; 383133; 20
1670090906.809965; 383158; 20
1670090906.834971; 383183; 21
1670090906.859971; 383208; 21
1670090906.884971; 383233; 21
1670090906.909971; 383258; 21
1670090906.934971; 383283; 22
1670090906.959971; 383308; 22
1670090906.984971; 383333; 22
1670090907.009971; 383358; 22
1670090907.034967; 383383; 24
1670090907.059966; 383408; 24
1670090907.084966; 383433; 24
1670090907.109966; 383458; 24
1670090907.134971; 383483; 24
1670090907.159971; 383508; 24
1670090907.184971; 383533; 24
1670090907.209971; 383558; 24
1670090907.234970; 383583; 23
1670090907.259965; 383608; 23
1670090907.284965; 383633; 23
1670090907.309965; 383658; 23
1670090907.334965; 383683; 24
1670090907.359965; 383708; 24
1670090907.384965; 383733; 24
1670090907.409965; 383758; 24
1670090907.434965; 383783; 21
1670090907.459965; 383808; 21
1670090907.484965; 383833; 21
1670090907.509971; 383858; 21
1670090907.534971; 383883; 21
1670090907.559965; 383908; 21
1670090907.584971; 383933; 21
1670090907.609977; 383958; 21
1670090907.634971; 383983; 21
1670090907.659965; 384008; 21
1670090907.684965; 384033; 21
1670090907.709971; 384058; 21
1670090907.734971; 384083; 21
1670090907.759971; 384108; 21
1670090907.784971; 384133; 21
1670090907.809965; 384158; 21
1670090907.834965; 384183; 21
1670090907.859966; 384208; 22
1670090907.884965; 384233; 22
1670090907.909965; 384258; 22
1670090907.934965; 384283; 22
1670090907.959965; 384308; 23
1670090907.984965; 384333; 23
1670090908.009965; 384358; 23
1670090908.034972; 384383; 23
1670090908.059972; 384408; 22
1670090908.084972; 384433; 22
1670090908.109972; 384458; 22
1670090908.134965; 384483; 22
1670090908.159965; 384508; 21
1670090908.184965; 384533; 21
1670090908.209965; 384558; 21
1670090908.234965; 384583; 21
1670090908.259965; 384608; 21
1670090908.284971; 384633; 21
1670090908.309971; 384658; 21
1670090908.334965; 384683; 21
1670090908.359965; 384708; 21
1670090908.384965; 384733; 21
1670090908.409965; 384758; 21
1670090908.434965; 384783; 21
1670090908.459965; 384808; 23
1670090908.484971; 384833; 23
1670090908.509971; 384858; 23
1670090908.534970; 384883; 23
1670090908.559971; 384908; 23
1670090908.584965; 384933; 23
1670090908.609965; 384958; 23
1670090908.634965; 384983; 23
1670090908.659965; 385008; 22
1670090908.684965; 385033; 22
1670090908.709965; 385058; 22
1670090908.734965; 385083; 22
1670090908.759965; 385108; 22
1670090908.784972; 385133; 22
1670090908.809965; 385158; 22
1670090908.834971; 385183; 22
1670090908.859971; 385208; 22
1670090908.884965; 385233; 22
1670090908.909965; 385258; 22
1670090908.934966; 385283; 22
1670090908.959965; 385308; 22
1670090908.984965; 385333; 24
1670090909.009965; 385358; 24
1670090909.034972; 385383; 24
1670090909.059972; 385408; 24
1670090909.084972; 385433; 24
1670090909.109967; 385458; 24
1670090909.134979; 385483; 24
1670090909.159967; 385508; 24
1670090909.184965; 385533; 21
1670090909.209971; 385558; 21
1670090909.234971; 385583; 21
1670090909.259971; 385608; 21
1670090909.284971; 385633; 19
1670090909.309971; 385658; 19
1670090909.334971; 385683; 19
1670090909.359971; 385708; 19
1670090909.384971; 385733; 18
1670090909.409971; 385758; 18
1670090909.434971; 385783; 18
1670090909.459971; 385808; 18
1670090909.484971; 385833; 16
1670090909.509971; 385858; 16
1670090909.534971; 385883; 16
1670090909.559971; 385908; 16
1670090909.584971; 385933; 15
1670090909.609971; 385958; 15
1670090909.634971; 385983; 15
1670090909.659965; 386008; 15
1670090909.684965; 386033; 15
1670090909.709971; 386058; 15
1670090909.734971; 386083; 15
1670090909.759971; 386108; 15
1670090909.784970; 386133; 15
1670090909.809965; 386158; 15
1670090909.834965; 386183; 15
1670090909.859965; 386208; 15
1670090909.884965; 386233; 15
1670090909.909971; 386258; 15
1670090909.934970; 386283; 15
1670090909.959971; 386308; 15
1670090909.984971; 386333; 14
1670090910.009971; 386358; 14
1670090910.034966; 386383; 14
1670090910.059966; 386408; 14
1670090910.084967; 386433; 14
1670090910.110001; 386458; 14
1670090910.134965; 386483; 14
1670090910.159965; 386508; 14
1670090910.184971; 386533; 14
1670090910.209965; 386558; 14
1670090910.234965; 386583; 14
1670090910.259965; 386608; 14
1670090910.284966; 386633; 14
1670090910.309965; 386658; 15
1670090910.334965; 386683; 15
1670090910.359965; 386708; 15
1670090910.384965; 386733; 15
1670090910.409965; 386758; 14
1670090910.434971; 386783; 14
1670090910.459971; 386808; 14
1670090910.484971; 386833; 14
1670090910.509970; 386858; 14
1670090910.534971; 386883; 14
1670090910.559971; 386908; 14
1670090910.584971; 386933; 14
1670090910.609971; 386958; 14
1670090910.634971; 386983; 14
1670090910.659970; 387008; 14
1670090910.684971; 387033; 14
1670090910.709965; 387058; 14
1670090910.734965; 387083; 14
1670090910.759965; 387108; 14
1670090910.784965; 387133; 14
1670090910.809965; 387158; 14
1670090910.834966; 387183; 14
1670090910.859965; 387208; 14
1670090910.884965; 387233; 14
1670090910.909965; 387258; 14
1670090910.934965; 387283; 14
1670090910.959965; 387308; 14
1670090910.984965; 387333; 14
1670090911.009965; 387358; 14
1670090911.034972; 387383; 14
1670090911.059966; 387408; 14
1670090911.084966; 387433; 14
1670090911.109966; 387458; 14
1670090911.134969; 387483; 14
1670090911.159971; 387508; 14
1670090911.184971; 387533; 14
1670090911.209971; 387558; 14
1670090911.234971; 387583; 14
1670090911.259971; 387608; 14
1670090911.284971; 387633; 14
1670090911.309971; 387658; 14
1670090911.334971; 387683; 14
1670090911.359965; 387708; 14
1670090911.384966; 387733; 14
1670090911.409965; 387758; 14
1670090911.434965; 387783; 14
1670090911.459970; 387808; 14
1670090911.484971; 387833; 14
1670090911.509971; 387858; 14
1670090911.534971; 387883; 14
1670090911.559965; 387908; 14
1670090911.584965; 387933; 14
1670090911.609965; 387958; 14
1670090911.634965; 387983; 14
1670090911.659965; 388008; 14
1670090911.684965; 388033; 14
1670090911.709971; 388058; 14
1670090911.734971; 388083; 14
1670090911.759971; 388108; 14
1670090911.784971; 388133; 14
1670090911.809971; 388158; 14
1670090911.834971; 388183; 14
1670090911.859971; 388208; 14
1670090911.884971; 388233; 14
1670090911.909971; 388258; 14
1670090911.934971; 388283; 14
1670090911.959960; 388308; 14
1670090911.984965; 388333; 14
1670090912.009965; 388358; 14
1670090912.034972; 388383; 14
1670090912.059972; 388408; 14
1670090912.084972; 388433; 14
1670090912.109972; 388458; 14
1670090912.134965; 388483; 14
1670090912.159966; 388508; 14
1670090912.184965; 388533; 14
1670090912.209965; 388558; 14
1670090912.234965; 388583; 14
1670090912.259965; 388608; 14
1670090912.284965; 388633; 14
1670090912.309965; 388658; 14
1670090912.334965; 388683; 14
1670090912.359966; 388708; 14
1670090912.384965; 388733; 14
1670090912.409965; 388758; 14
1670090912.434979; 388783; 14
1670090912.459967; 388808; 14
1670090912.484965; 388833; 14
1670090912.509965; 388858; 14
1670090912.534965; 388883; 14
1670090912.559965; 388908; 14
1670090912.584971; 388933; 14
1670090912.609971; 388958; 14
1670090912.634971; 388983; 14
1670090912.659971; 389008; 15
1670090912.684971; 389033; 15
1670090912.709971; 389058; 15
1670090912.734965; 389083; 15
1670090912.759965; 389108; 14
1670090912.784965; 389133; 14
1670090912.809965; 389158; 14
1670090912.834965; 389183; 14
1670090912.859965; 389208; 14
1670090912.884965; 389233; 14
1670090912.909965; 389258; 14
1670090912.934965; 389283; 14
1670090912.959965; 389308; 14
1670090912.984965; 389333; 14
1670090913.009965; 389358; 14
1670090913.034972; 389383; 14
1670090913.059972; 389408; 14
1670090913.084972; 389433; 14
1670090913.109972; 389458; 14
1670090913.134965; 389483; 14
1670090913.159965; 389508; 14
1670090913.184965; 389533; 14
1670090913.209971; 389558; 14
1670090913.234985; 389583; 14
1670090913.259965; 389608; 14
1670090913.284965; 389633; 14
1670090913.309965; 389658; 14
1670090913.334965; 389683; 14
1670090913.359965; 389708; 14
1670090913.384965; 389733; 14
1670090913.409971; 389758; 14
1670090913.434971; 389783; 14
1670090913.459971; 389808; 14
1670090913.484971; 389833; 14
1670090913.509971; 389858; 14
1670090913.534971; 389883; 14
1670090913.559971; 389908; 14
1670090913.584971; 389933; 14
1670090913.609965; 389958; 14
1670090913.634965; 389983; 14
1670090913.659965; 390008; 14
1670090913.684965; 390033; 14
1670090913.709971; 390058; 14
1670090913.734971; 390083; 14
1670090913.759965; 390108; 14
1670090913.784965; 390133; 14
1670090913.809966; 390158; 14
1670090913.834965; 390183; 14
1670090913.859965; 390208; 14
1670090913.884965; 390233; 14
1670090913.909965; 390258; 14
1670090913.934965; 390283; 14
1670090913.959965; 390308; 14
1670090913.984965; 390333; 14
1670090914.009965; 390358; 14
1670090914.034972; 390383; 14
1670090914.059972; 390408; 14
1670090914.084972; 390433; 14
1670090914.109972; 390458; 14
1670090914.134965; 390483; 14
1670090914.159965; 390508; 14
1670090914.184965; 390533; 14
1670090914.209965; 390558; 14
1670090914.234965; 390583; 14
1670090914.259966; 390608; 14
1670090914.284965; 390633; 14
1670090914.309965; 390658; 14
1670090914.334965; 390683; 14
1670090914.359965; 390708; 14
1670090914.384965; 390733; 14
1670090914.409965; 390758; 14
1670090914.434965; 390783; 14
1670090914.459965; 390808; 14
1670090914.484965; 390833; 14
1670090914.509965; 390858; 14
1670090914.534965; 390883; 14
1670090914.559965; 390908; 14
1670090914.584965; 390933; 14
1670090914.609965; 390958; 14
1670090914.634965; 390983; 14
1670090914.659966; 391008; 14
1670090914.684965; 391033; 14
1670090914.709970; 391058; 14
1670090914.734971; 391083; 14
1670090914.759971; 391108; 14
1670090914.784965; 391133; 14
1670090914.809965; 391158; 14
1670090914.834971; 391183; 14
1670090914.859970; 391208; 14
1670090914.884971; 391233; 14
1670090914.909971; 391258; 14
1670090914.934971; 391283; 14
1670090914.959971; 391308; 14
1670090914.984971; 391333; 14
1670090915.009971; 391358; 14
1670090915.034967; 391383; 14
1670090915.059966; 391408; 14
1670090915.084966; 391433; 14
1670090915.109966; 391458; 14
1670090915.134971; 391483; 14
1670090915.159971; 391508; 14
1670090915.184971; 391533; 14
1670090915.209971; 391558; 14
1670090915.234988; 391583; 14
1670090915.259971; 391608; 14
1670090915.284965; 391633; 14
1670090915.309965; 391658; 14
1670090915.334965; 391683; 14
1670090915.359965; 391708; 14
1670090915.384966; 391733; 14
1670090915.409965; 391758; 15
1670090915.434993; 391783; 15
1670090915.459965; 391808; 15
1670090915.484965; 391833; 15
1670090915.509965; 391858; 15
1670090915.534965; 391883; 15
1670090915.559965; 391908; 15
1670090915.584965; 391933; 15
1670090915.609965; 391958; 14
1670090915.634965; 391983; 14
1670090915.659971; 392008; 14
1670090915.684971; 392033; 14
1670090915.709971; 392058; 14
1670090915.734979; 392083; 14
1670090915.759966; 392108; 14
1670090915.784965; 392133; 14
1670090915.809965; 392158; 14
1670090915.834966; 392183; 14
1670090915.859965; 392208; 14
1670090915.884965; 392233; 14
1670090915.909965; 392258; 14
1670090915.934965; 392283; 15
1670090915.959965; 392308; 15
1670090915.984965; 392333; 15
1670090916.009966; 392358; 15
1670090916.034972; 392383; 15
1670090916.059967; 392408; 15
1670090916.084967; 392433; 15
1670090916.109966; 392458; 15
1670090916.134971; 392483; 14
1670090916.159971; 392508; 14
1670090916.184971; 392533; 14
1670090916.209965; 392558; 14
1670090916.234966; 392583; 14
1670090916.259965; 392608; 14
1670090916.284965; 392633; 14
1670090916.309965; 392658; 14
1670090916.334965; 392683; 15
1670090916.359965; 392708; 15
1670090916.384965; 392733; 15
1670090916.409965; 392758; 15
1670090916.434965; 392783; 15
1670090916.459975; 392808; 15
1670090916.484965; 392833; 15
1670090916.509965; 392858; 15
1670090916.534965; 392883; 15
1670090916.559965; 392908; 15
1670090916.584965; 392933; 15
1670090916.609966; 392958; 15
1670090916.634970; 392983; 15
1670090916.659971; 393008; 15
1670090916.684965; 393033; 15
1670090916.709970; 393058; 15
1670090916.734971; 393083; 15
1670090916.759971; 393108; 15
1670090916.784971; 393133; 15
1670090916.809971; 393158; 15
1670090916.834971; 393183; 15
1670090916.859971; 393208; 15
1670090916.884970; 393233; 15
1670090916.909970; 393258; 15
1670090916.934970; 393283; 15
1670090916.959970; 393308; 15
1670090916.984966; 393333; 15
1670090917.009966; 393358; 15
1670090917.034971; 393383; 15
1670090917.059972; 393408; 15
1670090917.084967; 393433; 15
1670090917.109968; 393458; 15
1670090917.134966; 393483; 15
1670090917.159965; 393508; 15
1670090917.184965; 393533; 15
1670090917.209971; 393558; 15
1670090917.234965; 393583; 15
1670090917.259965; 393608; 15
1670090917.284971; 393633; 15
1670090917.309971; 393658; 15
1670090917.334971; 393683; 15
1670090917.359971; 393708; 15
1670090917.384971; 393733; 15
1670090917.409971; 393758; 15
1670090917.434971; 393783; 15
1670090917.459971; 393808; 15
1670090917.484973; 393833; 15
1670090917.509971; 393858; 15
1670090917.534971; 393883; 15
1670090917.559971; 393908; 15
1670090917.584971; 393933; 15
1670090917.609971; 393958; 15
1670090917.634971; 393983; 15
1670090917.659971; 394008; 15
1670090917.684971; 394033; 15
1670090917.709971; 394058; 15
1670090917.734971; 394083; 15
1670090917.759965; 394108; 15
1670090917.784965; 394133; 15
1670090917.809965; 394158; 15
1670090917.834965; 394183; 15
1670090917.859965; 394208; 15
1670090917.884965; 394233; 15
1670090917.909965; 394258; 15
1670090917.934965; 394283; 15
1670090917.959965; 394308; 15
1670090917.984965; 394333; 15
1670090918.009965; 394358; 15
1670090918.034972; 394383; 15
1670090918.059966; 394408; 15
1670090918.084967; 394433; 15
1670090918.109966; 394458; 15
1670090918.134971; 394483; 15
1670090918.159971; 394508; 15
1670090918.184971; 394533; 15
1670090918.209965; 394558; 15
1670090918.234965; 394583; 15
1670090918.259965; 394608; 15
1670090918.284965; 394633; 15
1670090918.309965; 394658; 15
1670090918.334965; 394683; 15
1670090918.359965; 394708; 15
1670090918.384965; 394733; 15
1670090918.409965; 394758; 15
1670090918.434965; 394783; 15
1670090918.459965; 394808; 15
1670090918.484965; 394833; 15
1670090918.509965; 394858; 15
1670090918.534965; 394883; 15
1670090918.559965; 394908; 15
1670090918.584965; 394933; 15
1670090918.609966; 394958; 15
1670090918.634965; 394983; 15
1670090918.659965; 395008; 15
1670090918.684965; 395033; 16
1670090918.709966; 395058; 16
1670090918.734971; 395083; 16
1670090918.759971; 395108; 16
1670090918.784971; 395133; 16
1670090918.809971; 395158; 16
1670090918.834971; 395183; 16
1670090918.859971; 395208; 16
1670090918.884971; 395233; 16
1670090918.909971; 395258; 16
1670090918.934965; 395283; 16
1670090918.959965; 395308; 16
1670090918.984965; 395333; 15
1670090919.009965; 395358; 15
1670090919.034972; 395383; 15
1670090919.059975; 395408; 15
1670090919.084967; 395433; 16
1670090919.109966; 395458; 16
1670090919.134966; 395483; 16
1670090919.159965; 395508; 16
1670090919.184965; 395533; 16
1670090919.209971; 395558; 16
1670090919.234971; 395583; 16
1670090919.259971; 395608; 16
1670090919.284971; 395633; 16
1670090919.309971; 395658; 16
1670090919.334971; 395683; 16
1670090919.359971; 395708; 16
1670090919.384971; 395733; 16
1670090919.409971; 395758; 16
1670090919.434971; 395783; 16
1670090919.459971; 395808; 16
1670090919.484971; 395833; 16
1670090919.509971; 395858; 17
1670090919.534970; 395883; 17
1670090919.559971; 395908; 17
1670090919.584971; 395933; 17
1670090919.609971; 395958; 17
1670090919.634971; 395983; 17
1670090919.659971; 396008; 17
1670090919.684971; 396033; 17
1670090919.709971; 396058; 17
1670090919.734971; 396083; 17
1670090919.759965; 396108; 17
1670090919.784965; 396133; 17
1670090919.809966; 396158; 17
1670090919.834971; 396183; 17
1670090919.859971; 396208; 17
1670090919.884971; 396233; 17
1670090919.909971; 396258; 17
1670090919.934971; 396283; 17
1670090919.959966; 396308; 17
1670090919.984965; 396333; 17
1670090920.009965; 396358; 18
1670090920.034972; 396383; 18
1670090920.059972; 396408; 18
1670090920.084972; 396433; 18
1670090920.109972; 396458; 18
1670090920.134965; 396483; 18
1670090920.159971; 396508; 18
1670090920.184971; 396533; 18
1670090920.209965; 396558; 18
1670090920.234965; 396583; 18
1670090920.259965; 396608; 18
1670090920.284965; 396633; 18
1670090920.309965; 396658; 18
1670090920.334965; 396683; 18
1670090920.359971; 396708; 18
1670090920.384971; 396733; 18
1670090920.409970; 396758; 18
1670090920.434971; 396783; 18
1670090920.459971; 396808; 18
1670090920.484971; 396833; 18
1670090920.509971; 396858; 18
1670090920.534971; 396883; 19
1670090920.559970; 396908; 19
1670090920.584971; 396933; 19
1670090920.609971; 396958; 19
1670090920.634971; 396983; 19
1670090920.659965; 397008; 19
1670090920.684965; 397033; 19
1670090920.709971; 397058; 19
1670090920.734971; 397083; 19
1670090920.759971; 397108; 19
1670090920.784971; 397133; 19
1670090920.809971; 397158; 19
1670090920.834971; 397183; 19
1670090920.859971; 397208; 19
1670090920.884971; 397233; 19
1670090920.909971; 397258; 19
1670090920.934965; 397283; 19
1670090920.959965; 397308; 19
1670090920.984965; 397333; 19
1670090921.009965; 397358; 19
1670090921.034972; 397383; 20
1670090921.059972; 397408; 20
1670090921.084972; 397433; 20
1670090921.109972; 397458; 20
1670090921.134965; 397483; 20
1670090921.159966; 397508; 20
1670090921.184971; 397533; 20
1670090921.209965; 397558; 20
1670090921.234965; 397583; 20
1670090921.259965; 397608; 20
1670090921.284965; 397633; 20
1670090921.309965; 397658; 20
1670090921.334965; 397683; 20
1670090921.359965; 397708; 20
1670090921.384971; 397733; 20
1670090921.409971; 397758; 20
1670090921.434971; 397783; 20
1670090921.459971; 397808; 20
1670090921.484971; 397833; 20
1670090921.509971; 397858; 20
1670090921.534971; 397883; 20
1670090921.559971; 397908; 20
1670090921.584971; 397933; 20
1670090921.609971; 397958; 20
1670090921.634971; 397983; 20
1670090921.659971; 398008; 20
1670090921.684970; 398033; 20
1670090921.709971; 398058; 20
1670090921.734971; 398083; 20
1670090921.759971; 398108; 20
1670090921.784965; 398133; 20
1670090921.809965; 398158; 20
1670090921.834965; 398183; 20
1670090921.859966; 398208; 20
1670090921.884965; 398233; 20
1670090921.909965; 398258; 20
1670090921.934965; 398283; 20
1670090921.959965; 398308; 20
1670090921.984965; 398333; 20
1670090922.009965; 398358; 20
1670090922.034972; 398383; 20
1670090922.059972; 398408; 20
1670090922.084972; 398433; 20
1670090922.109972; 398458; 20
1670090922.134965; 398483; 20
1670090922.159965; 398508; 20
1670090922.184965; 398533; 20
1670090922.209971; 398558; 20
1670090922.234971; 398583; 20
1670090922.259971; 398608; 20
1670090922.284971; 398633; 20
1670090922.309971; 398658; 20
1670090922.334971; 398683; 20
1670090922.359979; 398708; 20
1670090922.384966; 398733; 20
1670090922.409965; 398758; 20
1670090922.434965; 398783; 20
1670090922.459966; 398808; 20
1670090922.484965; 398833; 20
1670090922.509965; 398858; 20
1670090922.534965; 398883; 20
1670090922.559965; 398908; 20
1670090922.584965; 398933; 20
1670090922.609965; 398958; 20
1670090922.634965; 398983; 20
1670090922.659971; 399008; 20
1670090922.684971; 399033; 20
1670090922.709965; 399058; 20
1670090922.734965; 399083; 20
1670090922.759965; 399108; 21
1670090922.784966; 399133; 21
1670090922.809965; 399158; 21
1670090922.834965; 399183; 21
1670090922.859965; 399208; 21
1670090922.884965; 399233; 21
1670090922.909965; 399258; 21
1670090922.934965; 399283; 21
1670090922.959965; 399308; 21
1670090922.984965; 399333; 21
1670090923.009966; 399358; 21
1670090923.034972; 399383; 21
1670090923.059972; 399408; 21
1670090923.084972; 399433; 21
1670090923.109972; 399458; 21
1670090923.134965; 399483; 21
1670090923.159966; 399508; 21
1670090923.184965; 399533; 20
1670090923.209971; 399558; 20
1670090923.234971; 399583; 20
1670090923.259971; 399608; 20
1670090923.284971; 399633; 21
1670090923.309971; 399658; 21
1670090923.334971; 399683; 21
1670090923.359971; 399708; 21
1670090923.384971; 399733; 21
1670090923.409971; 399758; 21
1670090923.434971; 399783; 21
1670090923.459971; 399808; 21
1670090923.484971; 399833; 21
1670090923.509971; 399858; 21
1670090923.534971; 399883; 21
1670090923.559971; 399908; 21
1670090923.584971; 399933; 20
1670090923.609971; 399958; 20
1670090923.634970; 399983; 20
1670090923.659971; 400008; 20
1670090923.684971; 400033; 20
1670090923.709966; 400058; 20
1670090923.734965; 400083; 20
1670090923.759965; 400108; 20
1670090923.784965; 400133; 19
1670090923.809965; 400158; 19
1670090923.834971; 400183; 19
1670090923.859971; 400208; 19
1670090923.884965; 400233; 19
1670090923.909965; 400258; 19
1670090923.934965; 400283; 19
1670090923.959965; 400308; 19
1670090923.984965; 400333; 19
1670090924.009965; 400358; 18
1670090924.034972; 400383; 18
1670090924.059972; 400408; 18
1670090924.084972; 400433; 18
1670090924.109972; 400458; 16
1670090924.134966; 400483; 16
1670090924.159965; 400508; 16
1670090924.184965; 400533; 16
1670090924.209971; 400558; 16
1670090924.234971; 400583; 16
1670090924.259971; 400608; 16
1670090924.284971; 400633; 16
1670090924.309966; 400658; 16
1670090924.334965; 400683; 16
1670090924.359965; 400708; 16
1670090924.384965; 400733; 16
1670090924.409965; 400758; 17
1670090924.434965; 400783; 17
1670090924.459971; 400808; 17
1670090924.484971; 400833; 17
1670090924.509971; 400858; 16
1670090924.534971; 400883; 16
1670090924.559971; 400908; 16
1670090924.584971; 400933; 16
1670090924.609971; 400958; 16
1670090924.634971; 400983; 16
1670090924.659965; 401008; 16
1670090924.684965; 401033; 16
1670090924.709965; 401058; 16
1670090924.734965; 401083; 16
1670090924.759966; 401108; 16
1670090924.784966; 401133; 16
1670090924.809965; 401158; 17
1670090924.834965; 401183; 17
1670090924.859965; 401208; 17
1670090924.884965; 401233; 17
1670090924.909965; 401258; 17
1670090924.934966; 401283; 17
1670090924.959965; 401308; 17
1670090924.984965; 401333; 17
1670090925.009965; 401358; 16
1670090925.034972; 401383; 16
1670090925.059972; 401408; 16
1670090925.084966; 401433; 16
1670090925.109966; 401458; 16
1670090925.134965; 401483; 16
1670090925.159965; 401508; 16
1670090925.184966; 401533; 16
1670090925.209965; 401558; 16
1670090925.234965; 401583; 16
1670090925.259965; 401608; 16
1670090925.284965; 401633; 16
1670090925.309966; 401658; 16
1670090925.334965; 401683; 16
1670090925.359965; 401708; 16
1670090925.384965; 401733; 16
1670090925.409965; 401758; 16
1670090925.434965; 401783; 16
1670090925.459965; 401808; 16
1670090925.484965; 401833; 16
1670090925.509965; 401858; 16
1670090925.534971; 401883; 16
1670090925.559971; 401908; 16
1670090925.584971; 401933; 16
1670090925.609971; 401958; 16
1670090925.634971; 401983; 16
1670090925.659979; 402008; 16
1670090925.684966; 402033; 16
1670090925.709971; 402058; 16
1670090925.734971; 402083; 16
1670090925.759971; 402108; 16
1670090925.784971; 402133; 16
1670090925.809971; 402158; 16
1670090925.834971; 402183; 16
1670090925.859971; 402208; 16
1670090925.885003; 402233; 16
1670090925.909965; 402258; 16
1670090925.934970; 402283; 16
1670090925.959971; 402308; 16
1670090925.984971; 402333; 16
1670090926.009971; 402358; 16
1670090926.034966; 402383; 15
1670090926.059966; 402408; 15
1670090926.084979; 402433; 15
1670090926.109966; 402458; 15
1670090926.134971; 402483; 15
1670090926.159971; 402508; 15
1670090926.184971; 402533; 15
1670090926.209965; 402558; 15
1670090926.234965; 402583; 15
1670090926.259965; 402608; 15
1670090926.284965; 402633; 15
1670090926.309971; 402658; 15
1670090926.334971; 402683; 15
1670090926.359971; 402708; 16
1670090926.384971; 402733; 16
1670090926.409971; 402758; 16
1670090926.434971; 402783; 16
1670090926.459971; 402808; 15
1670090926.484971; 402833; 15
1670090926.509965; 402858; 15
1670090926.534965; 402883; 15
1670090926.559965; 402908; 15
1670090926.584965; 402933; 15
1670090926.609965; 402958; 15
1670090926.634965; 402983; 15
1670090926.659965; 403008; 15
1670090926.684966; 403033; 15
1670090926.709965; 403058; 15
1670090926.734965; 403083; 15
1670090926.759971; 403108; 15
1670090926.784971; 403133; 15
1670090926.809971; 403158; 15
1670090926.834971; 403183; 15
1670090926.859970; 403208; 15
1670090926.884971; 403233; 15
1670090926.909979; 403258; 15
1670090926.934971; 403283; 15
1670090926.959971; 403308; 16
1670090926.984971; 403333; 16
1670090927.009971; 403358; 16
1670090927.034967; 403383; 16
1670090927.059967; 403408; 16
1670090927.084966; 403433; 16
1670090927.109972; 403458; 16
1670090927.134965; 403483; 16
1670090927.159966; 403508; 15
1670090927.184965; 403533; 15
1670090927.209971; 403558; 15
1670090927.234971; 403583; 15
1670090927.259971; 403608; 16
1670090927.284971; 403633; 16
1670090927.309971; 403658; 16
1670090927.334965; 403683; 16
1670090927.359965; 403708; 15
1670090927.384965; 403733; 15
1670090927.409965; 403758; 15
1670090927.434965; 403783; 15
1670090927.459965; 403808; 15
1670090927.484965; 403833; 15
1670090927.509965; 403858; 15
1670090927.534970; 403883; 15
1670090927.559970; 403908; 15
1670090927.584971; 403933; 15
1670090927.609971; 403958; 15
1670090927.634971; 403983; 15
1670090927.659971; 404008; 15
1670090927.684971; 404033; 16
1670090927.709965; 404058; 16
1670090927.734966; 404083; 16
1670090927.759965; 404108; 16
1670090927.784965; 404133; 15
1670090927.809965; 404158; 15
1670090927.834965; 404183; 15
1670090927.859965; 404208; 15
1670090927.884965; 404233; 14
1670090927.909965; 404258; 14
1670090927.934965; 404283; 14
1670090927.959965; 404308; 14
1670090927.984965; 404333; 14
1670090928.009965; 404358; 14
1670090928.034972; 404383; 14
1670090928.059972; 404408; 14
1670090928.084972; 404433; 14
1670090928.109972; 404458; 14
1670090928.134965; 404483; 14
1670090928.159971; 404508; 14
1670090928.184971; 404533; 14
1670090928.209965; 404558; 14
1670090928.234965; 404583; 14
1670090928.259965; 404608; 14
1670090928.284965; 404633; 14
1670090928.309965; 404658; 14
1670090928.334965; 404683; 14
1670090928.359965; 404708; 14
1670090928.384965; 404733; 14
1670090928.409971; 404758; 14
1670090928.434971; 404783; 14
1670090928.459971; 404808; 14
1670090928.484971; 404833; 14
1670090928.509971; 404858; 14
1670090928.534971; 404883; 14
1670090928.559971; 404908; 14
1670090928.584971; 404933; 14
1670090928.609971; 404958; 14
1670090928.634971; 404983; 14
1670090928.659971; 405008; 14
1670090928.684971; 405033; 14
1670090928.709965; 405058; 14
1670090928.734965; 405083; 14
1670090928.759965; 405108; 14
1670090928.784965; 405133; 14
1670090928.809971; 405158; 14
1670090928.834971; 405183; 14
1670090928.859971; 405208; 14
1670090928.884971; 405233; 14
1670090928.909971; 405258; 14
1670090928.934971; 405283; 14
1670090928.959974; 405308; 14
1670090928.984972; 405333; 14
1670090929.009965; 405358; 14
1670090929.034972; 405383; 14
1670090929.059972; 405408; 14
1670090929.084972; 405433; 14
1670090929.109972; 405458; 14
1670090929.134965; 405483; 14
1670090929.159970; 405508; 14
1670090929.184965; 405533; 14
1670090929.209966; 405558; 14
1670090929.234965; 405583; 14
1670090929.259965; 405608; 14
1670090929.284965; 405633; 14
1670090929.309965; 405658; 14
1670090929.334965; 405683; 14
1670090929.359965; 405708; 14
1670090929.384966; 405733; 14
1670090929.409965; 405758; 14
1670090929.434965; 405783; 14
1670090929.459965; 405808; 14
1670090929.484965; 405833; 14
1670090929.509965; 405858; 14
1670090929.534966; 405883; 14
1670090929.559965; 405908; 14
1670090929.584971; 405933; 14
1670090929.609971; 405958; 15
1670090929.634965; 405983; 15
1670090929.659965; 406008; 15
1670090929.684965; 406033; 15
1670090929.709971; 406058; 15
1670090929.734971; 406083; 15
1670090929.759971; 406108; 15
1670090929.784965; 406133; 15
1670090929.809965; 406158; 15
1670090929.834965; 406183; 14
1670090929.859966; 406208; 14
1670090929.884965; 406233; 14
1670090929.909965; 406258; 14
1670090929.934965; 406283; 14
1670090929.959965; 406308; 14
1670090929.984965; 406333; 14
1670090930.009965; 406358; 14
1670090930.034966; 406383; 15
1670090930.059966; 406408; 15
1670090930.084967; 406433; 15
1670090930.109966; 406458; 15
1670090930.134971; 406483; 15
1670090930.159971; 406508; 15
1670090930.184965; 406533; 15
1670090930.209965; 406558; 15
1670090930.234965; 406583; 14
1670090930.259966; 406608; 14
1670090930.284965; 406633; 14
1670090930.309965; 406658; 14
1670090930.334965; 406683; 14
1670090930.359965; 406708; 14
1670090930.384965; 406733; 14
1670090930.409965; 406758; 14
1670090930.434965; 406783; 14
1670090930.459971; 406808; 14
1670090930.484971; 406833; 14
1670090930.509971; 406858; 14
1670090930.534971; 406883; 15
1670090930.559971; 406908; 15
1670090930.584971; 406933; 15
1670090930.609965; 406958; 15
1670090930.634965; 406983; 15
1670090930.659965; 407008; 15
1670090930.684965; 407033; 15
1670090930.709970; 407058; 15
1670090930.734971; 407083; 14
1670090930.759971; 407108; 14
1670090930.784971; 407133; 14
1670090930.809971; 407158; 14
1670090930.834971; 407183; 14
1670090930.859971; 407208; 14
1670090930.884971; 407233; 14
1670090930.909971; 407258; 14
1670090930.934971; 407283; 15
1670090930.959971; 407308; 15
1670090930.984971; 407333; 15
1670090931.009965; 407358; 15
1670090931.034972; 407383; 15
1670090931.059967; 407408; 15
1670090931.084972; 407433; 15
1670090931.109972; 407458; 15
1670090931.134965; 407483; 15
1670090931.159965; 407508; 15
1670090931.184965; 407533; 15
1670090931.210006; 407558; 15
1670090931.234971; 407583; 15
1670090931.259965; 407608; 14
1670090931.284966; 407633; 14
1670090931.309965; 407658; 14
1670090931.334965; 407683; 14
1670090931.359965; 407708; 15
1670090931.384965; 407733; 15
1670090931.409997; 407758; 15
1670090931.434971; 407783; 15
1670090931.459971; 407808; 15
1670090931.484971; 407833; 15
1670090931.509971; 407858; 15
1670090931.534971; 407883; 15
1670090931.559971; 407908; 15
1670090931.584971; 407933; 15
1670090931.609970; 407958; 15
1670090931.634971; 407983; 15
1670090931.659971; 408008; 14
1670090931.684971; 408033; 14
1670090931.709965; 408058; 14
1670090931.734965; 408083; 14
1670090931.759966; 408108; 14
1670090931.784965; 408133; 14
1670090931.809965; 408158; 14
1670090931.834971; 408183; 14
1670090931.859971; 408208; 15
1670090931.884971; 408233; 15
1670090931.909971; 408258; 15
1670090931.934971; 408283; 15
1670090931.959971; 408308; 15
1670090931.984971; 408333; 15
1670090932.009970; 408358; 15
1670090932.034966; 408383; 15
1670090932.059966; 408408; 14
1670090932.084966; 408433; 14
1670090932.109966; 408458; 14
1670090932.134971; 408483; 14
1670090932.159971; 408508; 14
1670090932.184971; 408533; 14
1670090932.209965; 408558; 14
1670090932.234977; 408583; 14
1670090932.259973; 408608; 14
1670090932.284972; 408633; 14
1670090932.309965; 408658; 14
1670090932.334965; 408683; 14
1670090932.359965; 408708; 14
1670090932.384965; 408733; 14
1670090932.409965; 408758; 14
1670090932.434971; 408783; 14
1670090932.459965; 408808; 14
1670090932.484968; 408833; 14
1670090932.509970; 408858; 14
1670090932.534970; 408883; 14
1670090932.559971; 408908; 14
1670090932.584971; 408933; 14
1670090932.609971; 408958; 14
1670090932.634971; 408983; 14
1670090932.659971; 409008; 14
1670090932.684971; 409033; 14
1670090932.709965; 409058; 14
1670090932.734965; 409083; 14
1670090932.759965; 409108; 14
1670090932.784965; 409133; 14
1670090932.809965; 409158; 14
1670090932.834965; 409183; 14
1670090932.859971; 409208; 14
1670090932.884971; 409233; 14
1670090932.909971; 409258; 14
1670090932.934971; 409283; 14
1670090932.959970; 409308; 14
1670090932.984971; 409333; 14
1670090933.009971; 409358; 14
1670090933.034966; 409383; 14
1670090933.059972; 409408; 14
1670090933.084972; 409433; 14
1670090933.109972; 409458; 14
1670090933.134965; 409483; 14
1670090933.159966; 409508; 14
1670090933.184965; 409533; 14
1670090933.209971; 409558; 14
1670090933.234971; 409583; 14
1670090933.259971; 409608; 14
1670090933.284971; 409633; 14
1670090933.309965; 409658; 14
1670090933.334965; 409683; 14
1670090933.359965; 409708; 14
1670090933.384965; 409733; 14
1670090933.409965; 409758; 15
1670090933.434965; 409783; 15
1670090933.459965; 409808; 15
1670090933.484965; 409833; 15
1670090933.509965; 409858; 14
1670090933.534965; 409883; 14
1670090933.559965; 409908; 14
1670090933.584965; 409933; 14
1670090933.609965; 409958; 14
1670090933.634965; 409983; 14
1670090933.659965; 410008; 14
1670090933.684971; 410033; 14
1670090933.709965; 410058; 14
1670090933.734971; 410083; 14
1670090933.759971; 410108; 14
1670090933.784971; 410133; 14
1670090933.809971; 410158; 15
1670090933.834970; 410183; 15
1670090933.859971; 410208; 15
1670090933.884965; 410233; 15
1670090933.909965; 410258; 15
1670090933.934965; 410283; 15
1670090933.959965; 410308; 15
1670090933.984965; 410333; 15
1670090934.009965; 410358; 14
1670090934.034972; 410383; 14
1670090934.059972; 410408; 14
1670090934.084972; 410433; 14
1670090934.109972; 410458; 14
1670090934.134965; 410483; 14
1670090934.159965; 410508; 14
1670090934.184965; 410533; 14
1670090934.209971; 410558; 15
1670090934.234971; 410583; 15
1670090934.259970; 410608; 15
1670090934.284965; 410633; 15
1670090934.309965; 410658; 15
1670090934.334965; 410683; 15
1670090934.359965; 410708; 15
1670090934.384965; 410733; 15
1670090934.409965; 410758; 15
1670090934.434965; 410783; 15
1670090934.459965; 410808; 15
1670090934.484965; 410833; 15
1670090934.509965; 410858; 15
1670090934.534965; 410883; 15
1670090934.559965; 410908; 15
1670090934.584965; 410933; 15
1670090934.609965; 410958; 15
1670090934.634965; 410983; 15
1670090934.659965; 411008; 15
1670090934.684965; 411033; 15
1670090934.709971; 411058; 15
1670090934.734971; 411083; 15
1670090934.759971; 411108; 15
1670090934.784971; 411133; 15
1670090934.809971; 411158; 15
1670090934.834971; 411183; 15
1670090934.859971; 411208; 15
1670090934.884971; 411233; 15
1670090934.909971; 411258; 15
1670090934.934971; 411283; 15
1670090934.959971; 411308; 15
1670090934.984971; 411333; 15
1670090935.009971; 411358; 15
1670090935.034966; 411383; 15
1670090935.059966; 411408; 15
1670090935.084967; 411433; 15
1670090935.109972; 411458; 15
1670090935.134965; 411483; 15
1670090935.159966; 411508; 15
1670090935.184965; 411533; 15
1670090935.209971; 411558; 15
1670090935.234971; 411583; 15
1670090935.259971; 411608; 15
1670090935.284971; 411633; 15
1670090935.309965; 411658; 15
1670090935.334965; 411683; 15
1670090935.359970; 411708; 15
1670090935.384971; 411733; 15
1670090935.409971; 411758; 15
1670090935.434971; 411783; 15
1670090935.459971; 411808; 15
1670090935.484971; 411833; 15
1670090935.509970; 411858; 15
1670090935.534970; 411883; 15
1670090935.559979; 411908; 15
1670090935.584966; 411933; 15
1670090935.609965; 411958; 15
1670090935.634965; 411983; 15
1670090935.659965; 412008; 16
1670090935.684965; 412033; 16
1670090935.709971; 412058; 16
1670090935.734971; 412083; 16
1670090935.759971; 412108; 16
1670090935.784965; 412133; 16
1670090935.809965; 412158; 16
1670090935.834965; 412183; 16
1670090935.859965; 412208; 16
1670090935.884965; 412233; 16
1670090935.909965; 412258; 16
1670090935.934971; 412283; 16
1670090935.959971; 412308; 16
1670090935.984971; 412333; 16
1670090936.009971; 412358; 16
1670090936.034966; 412383; 16
1670090936.059967; 412408; 16
1670090936.084967; 412433; 16
1670090936.109967; 412458; 16
1670090936.134971; 412483; 16
1670090936.159971; 412508; 16
1670090936.184971; 412533; 16
1670090936.209971; 412558; 16
1670090936.234971; 412583; 16
1670090936.259971; 412608; 16
1670090936.284971; 412633; 16
1670090936.309971; 412658; 16
1670090936.334970; 412683; 16
1670090936.359971; 412708; 16
1670090936.384971; 412733; 16
1670090936.409971; 412758; 16
1670090936.434970; 412783; 16
1670090936.459971; 412808; 16
1670090936.484971; 412833; 16
1670090936.509971; 412858; 16
1670090936.534988; 412883; 16
1670090936.559970; 412908; 16
1670090936.584965; 412933; 16
1670090936.609965; 412958; 16
1670090936.634965; 412983; 16
1670090936.659965; 413008; 17
1670090936.684965; 413033; 17
1670090936.709971; 413058; 17
1670090936.735004; 413083; 17
1670090936.759965; 413108; 18
1670090936.784965; 413133; 18
1670090936.809965; 413158; 18
1670090936.834965; 413183; 18
1670090936.859965; 413208; 18
1670090936.884965; 413233; 18
1670090936.909965; 413258; 18
1670090936.934965; 413283; 18
1670090936.959971; 413308; 18
1670090936.984971; 413333; 19
1670090937.009970; 413358; 19
1670090937.034967; 413383; 19
1670090937.059966; 413408; 19
1670090937.084966; 413433; 20
1670090937.109966; 413458; 20
1670090937.134971; 413483; 20
1670090937.159970; 413508; 20
1670090937.184971; 413533; 19
1670090937.209965; 413558; 19
1670090937.234965; 413583; 19
1670090937.259965; 413608; 19
1670090937.284965; 413633; 19
1670090937.309965; 413658; 19
1670090937.334965; 413683; 19
1670090937.359971; 413708; 19
1670090937.384970; 413733; 18
1670090937.409971; 413758; 18
1670090937.434971; 413783; 18
1670090937.459971; 413808; 18
1670090937.484971; 413833; 19
1670090937.509971; 413858; 19
1670090937.534971; 413883; 19
1670090937.559966; 413908; 19
1670090937.584965; 413933; 19
1670090937.609965; 413958; 19
1670090937.634965; 413983; 19
1670090937.659965; 414008; 19
1670090937.684965; 414033; 19
1670090937.709971; 414058; 19
1670090937.734971; 414083; 19
1670090937.759972; 414108; 19
1670090937.784971; 414133; 19
1670090937.809988; 414158; 19
1670090937.834970; 414183; 19
1670090937.859971; 414208; 19
1670090937.884971; 414233; 19
1670090937.909971; 414258; 19
1670090937.934971; 414283; 19
1670090937.959971; 414308; 19
1670090937.984965; 414333; 19
1670090938.009965; 414358; 20
1670090938.034972; 414383; 20
1670090938.059972; 414408; 20
1670090938.084972; 414433; 20
1670090938.109972; 414458; 20
1670090938.134965; 414483; 20
1670090938.159965; 414508; 20
1670090938.184971; 414533; 20
1670090938.209971; 414558; 21
1670090938.234965; 414583; 21
1670090938.259965; 414608; 21
1670090938.284965; 414633; 21
1670090938.309965; 414658; 21
1670090938.334965; 414683; 21
1670090938.359965; 414708; 21
1670090938.384970; 414733; 21
1670090938.409970; 414758; 21
1670090938.434970; 414783; 21
1670090938.459970; 414808; 21
1670090938.484971; 414833; 21
1670090938.509971; 414858; 21
1670090938.534970; 414883; 21
1670090938.559971; 414908; 21
1670090938.584965; 414933; 21
1670090938.609965; 414958; 21
1670090938.634965; 414983; 21
1670090938.659965; 415008; 21
1670090938.684965; 415033; 21
1670090938.709971; 415058; 21
1670090938.734971; 415083; 21
1670090938.759971; 415108; 21
1670090938.784965; 415133; 21
1670090938.809965; 415158; 21
1670090938.834965; 415183; 21
1670090938.859979; 415208; 21
1670090938.884966; 415233; 21
1670090938.909965; 415258; 21
1670090938.934965; 415283; 21
1670090938.959965; 415308; 21
1670090938.984965; 415333; 21
1670090939.009971; 415358; 22
1670090939.034966; 415383; 22
1670090939.059972; 415408; 22
1670090939.084972; 415433; 22
1670090939.109972; 415458; 23
1670090939.134965; 415483; 23
1670090939.159965; 415508; 23
1670090939.184965; 415533; 23
1670090939.209965; 415558; 23
1670090939.234965; 415583; 23
1670090939.259965; 415608; 23
1670090939.284965; 415633; 23
1670090939.309965; 415658; 23
1670090939.334965; 415683; 23
1670090939.359965; 415708; 23
1670090939.384965; 415733; 23
1670090939.409971; 415758; 23
1670090939.434971; 415783; 25
1670090939.459965; 415808; 25
1670090939.484965; 415833; 25
1670090939.509965; 415858; 25
1670090939.534965; 415883; 24
1670090939.559965; 415908; 24
1670090939.584965; 415933; 24
1670090939.609965; 415958; 24
1670090939.634965; 415983; 22
1670090939.659965; 416008; 22
1670090939.684965; 416033; 22
1670090939.709970; 416058; 22
1670090939.734970; 416083; 22
1670090939.759970; 416108; 22
1670090939.784971; 416133; 22
1670090939.809970; 416158; 22
1670090939.834965; 416183; 23
1670090939.859965; 416208; 23
1670090939.884965; 416233; 23
1670090939.909965; 416258; 23
1670090939.934965; 416283; 23
1670090939.959965; 416308; 23
1670090939.984965; 416333; 23
1670090940.009965; 416358; 23
1670090940.034972; 416383; 22
1670090940.059972; 416408; 22
1670090940.084972; 416433; 22
1670090940.109972; 416458; 22
1670090940.134965; 416483; 21
1670090940.159965; 416508; 21
1670090940.184965; 416533; 21
1670090940.209971; 416558; 21
1670090940.234965; 416583; 21
1670090940.259965; 416608; 21
1670090940.284965; 416633; 21
1670090940.309965; 416658; 21
1670090940.334965; 416683; 21
1670090940.359965; 416708; 21
1670090940.384965; 416733; 21
1670090940.409965; 416758; 21
1670090940.434965; 416783; 21
1670090940.459965; 416808; 21
1670090940.484965; 416833; 21
1670090940.509965; 416858; 21
1670090940.534965; 416883; 21
1670090940.559965; 416908; 22
1670090940.584965; 416933; 22
1670090940.609965; 416958; 22
1670090940.634965; 416983; 22
1670090940.659965; 417008; 22
1670090940.684965; 417033; 22
1670090940.709971; 417058; 22
1670090940.734970; 417083; 22
1670090940.759970; 417108; 21
1670090940.784971; 417133; 21
1670090940.809971; 417158; 21
1670090940.834970; 417183; 21
1670090940.859965; 417208; 21
1670090940.884965; 417233; 21
1670090940.909965; 417258; 21
1670090940.934965; 417283; 21
1670090940.959965; 417308; 21
1670090940.984965; 417333; 21
1670090941.009965; 417358; 21
1670090941.034972; 417383; 21
1670090941.059972; 417408; 21
1670090941.084972; 417433; 21
1670090941.109972; 417458; 21
1670090941.134965; 417483; 21
1670090941.159965; 417508; 21
1670090941.184965; 417533; 21
1670090941.209970; 417558; 21
1670090941.234971; 417583; 21
1670090941.259971; 417608; 21
1670090941.284970; 417633; 21
1670090941.309971; 417658; 21
1670090941.334970; 417683; 21
1670090941.359970; 417708; 21
1670090941.384970; 417733; 21
1670090941.409970; 417758; 21
1670090941.434970; 417783; 21
1670090941.459970; 417808; 21
1670090941.484971; 417833; 21
1670090941.509965; 417858; 21
1670090941.534965; 417883; 21
1670090941.559965; 417908; 21
1670090941.584965; 417933; 22
1670090941.609965; 417958; 22
1670090941.634965; 417983; 22
1670090941.659965; 418008; 22
1670090941.684965; 418033; 22
1670090941.709971; 418058; 22
1670090941.734971; 418083; 22
1670090941.759971; 418108; 22
1670090941.784971; 418133; 22
1670090941.809970; 418158; 22
1670090941.834971; 418183; 22
1670090941.859980; 418208; 22
1670090941.884965; 418233; 22
1670090941.909971; 418258; 22
1670090941.934971; 418283; 22
1670090941.959971; 418308; 22
1670090941.984971; 418333; 22
1670090942.009970; 418358; 22
1670090942.034966; 418383; 22
1670090942.059988; 418408; 22
1670090942.084972; 418433; 22
1670090942.109972; 418458; 22
1670090942.134971; 418483; 22
1670090942.159979; 418508; 22
1670090942.184966; 418533; 22
1670090942.209971; 418558; 22
1670090942.234971; 418583; 22
1670090942.259971; 418608; 22
1670090942.284971; 418633; 22
1670090942.309971; 418658; 22
1670090942.334965; 418683; 22
1670090942.359965; 418708; 22
1670090942.384965; 418733; 23
1670090942.409965; 418758; 23
1670090942.434965; 418783; 23
1670090942.459965; 418808; 23
1670090942.484971; 418833; 23
1670090942.509971; 418858; 23
1670090942.534971; 418883; 23
1670090942.559971; 418908; 23
1670090942.584971; 418933; 23
1670090942.609971; 418958; 23
1670090942.634971; 418983; 23
1670090942.659971; 419008; 23
1670090942.684965; 419033; 23
1670090942.709971; 419058; 24
1670090942.734965; 419083; 24
1670090942.759965; 419108; 24
1670090942.784965; 419133; 24
1670090942.809965; 419158; 26
1670090942.834965; 419183; 26
1670090942.859965; 419208; 26
1670090942.884965; 419233; 26
1670090942.909965; 419258; 27
1670090942.934965; 419283; 27
1670090942.959965; 419308; 27
1670090942.984965; 419333; 27
1670090943.009965; 419358; 28
1670090943.034972; 419383; 28
1670090943.059972; 419408; 28
1670090943.084972; 419433; 28
1670090943.109972; 419458; 29
1670090943.134967; 419483; 29
1670090943.159970; 419508; 29
1670090943.184970; 419533; 29
1670090943.209971; 419558; 30
1670090943.234970; 419583; 30
1670090943.259970; 419608; 30
1670090943.284970; 419633; 30
1670090943.309965; 419658; 31
1670090943.334965; 419683; 31
1670090943.359965; 419708; 31
1670090943.384965; 419733; 31
1670090943.409965; 419758; 32
1670090943.434965; 419783; 32
1670090943.459965; 419808; 32
1670090943.484965; 419833; 32
1670090943.509971; 419858; 33
1670090943.534971; 419883; 33
1670090943.559971; 419908; 33
1670090943.584971; 419933; 33
1670090943.609971; 419958; 35
1670090943.634971; 419983; 35
1670090943.659971; 420008; 35
1670090943.684971; 420033; 35
1670090943.709965; 420058; 36
1670090943.734965; 420083; 36
1670090943.759965; 420108; 36
1670090943.784965; 420133; 36
1670090943.809965; 420158; 36
1670090943.834965; 420183; 36
1670090943.859965; 420208; 36
1670090943.884965; 420233; 36
1670090943.909989; 420258; 36
1670090943.934965; 420283; 36
1670090943.959971; 420308; 36
1670090943.984970; 420333; 36
1670090944.009970; 420358; 36
1670090944.034966; 420383; 37
1670090944.059966; 420408; 37
1670090944.084966; 420433; 37
1670090944.109966; 420458; 37
1670090944.134965; 420483; 38
1670090944.159965; 420508; 38
1670090944.184965; 420533; 38
1670090944.209965; 420558; 38
1670090944.234970; 420583; 39
1670090944.259965; 420608; 39
1670090944.284965; 420633; 39
1670090944.309965; 420658; 39
1670090944.334971; 420683; 39
1670090944.359971; 420708; 39
1670090944.384965; 420733; 39
1670090944.409965; 420758; 39
1670090944.434965; 420783; 40
1670090944.459965; 420808; 40
1670090944.484965; 420833; 40
1670090944.509965; 420858; 40
1670090944.534970; 420883; 39
1670090944.559970; 420908; 39
1670090944.584970; 420933; 39
1670090944.609970; 420958; 39
1670090944.634970; 420983; 38
1670090944.659970; 421008; 38
1670090944.684971; 421033; 38
1670090944.709965; 421058; 38
1670090944.734970; 421083; 35
1670090944.759971; 421108; 35
1670090944.784971; 421133; 35
1670090944.809971; 421158; 35
1670090944.834970; 421183; 33
1670090944.859970; 421208; 33
1670090944.884970; 421233; 33
1670090944.909970; 421258; 33
1670090944.934970; 421283; 33
1670090944.959970; 421308; 33
1670090944.984971; 421333; 33
1670090945.009970; 421358; 33
1670090945.034966; 421383; 33
1670090945.059966; 421408; 35
1670090945.084966; 421433; 35
1670090945.109967; 421458; 35
1670090945.134970; 421483; 35
1670090945.159971; 421508; 39
1670090945.184971; 421533; 39
1670090945.209965; 421558; 39
1670090945.234965; 421583; 39
1670090945.259965; 421608; 40
1670090945.284965; 421633; 40
1670090945.309965; 421658; 40
1670090945.334965; 421683; 40
1670090945.359971; 421708; 40
1670090945.384970; 421733; 40
1670090945.409970; 421758; 40
1670090945.434970; 421783; 40
1670090945.459970; 421808; 40
1670090945.484979; 421833; 40
1670090945.509966; 421858; 40
1670090945.534965; 421883; 40
1670090945.559965; 421908; 41
1670090945.584965; 421933; 41
1670090945.609970; 421958; 41
1670090945.634970; 421983; 41
1670090945.659970; 422008; 41
1670090945.684970; 422033; 41
1670090945.709971; 422058; 41
1670090945.734971; 422083; 41
1670090945.759971; 422108; 40
1670090945.784971; 422133; 40
1670090945.809971; 422158; 40
1670090945.834971; 422183; 40
1670090945.859970; 422208; 39
1670090945.884970; 422233; 39
1670090945.909970; 422258; 39
1670090945.934970; 422283; 39
1670090945.959971; 422308; 38
1670090945.984970; 422333; 38
1670090946.009970; 422358; 38
1670090946.034966; 422383; 38
1670090946.059966; 422408; 38
1670090946.084966; 422433; 38
1670090946.109966; 422458; 38
1670090946.134971; 422483; 38
1670090946.159965; 422508; 38
1670090946.184965; 422533; 37
1670090946.209970; 422558; 37
1670090946.234970; 422583; 37
1670090946.259970; 422608; 37
1670090946.284970; 422633; 34
1670090946.309970; 422658; 34
1670090946.334970; 422683; 34
1670090946.359976; 422708; 34
1670090946.384970; 422733; 33
1670090946.409970; 422758; 33
1670090946.434971; 422783; 33
1670090946.459970; 422808; 33
1670090946.484970; 422833; 33
1670090946.509970; 422858; 33
1670090946.534970; 422883; 33
1670090946.559970; 422908; 33
1670090946.584970; 422933; 31
1670090946.609970; 422958; 31
1670090946.634970; 422983; 31
1670090946.659970; 423008; 31
1670090946.684970; 423033; 30
1670090946.709970; 423058; 30
1670090946.734971; 423083; 30
1670090946.759970; 423108; 30
1670090946.784965; 423133; 28
1670090946.809965; 423158; 28
1670090946.834970; 423183; 28
1670090946.859970; 423208; 28
1670090946.884970; 423233; 28
1670090946.909970; 423258; 28
1670090946.934970; 423283; 28
1670090946.959970; 423308; 28
1670090946.984965; 423333; 28
1670090947.009965; 423358; 28
1670090947.034972; 423383; 28
1670090947.059972; 423408; 28
1670090947.084972; 423433; 28
1670090947.109972; 423458; 28
1670090947.134965; 423483; 28
1670090947.159965; 423508; 28
1670090947.184965; 423533; 27
1670090947.209970; 423558; 27
1670090947.234965; 423583; 27
1670090947.259965; 423608; 27
1670090947.284965; 423633; 27
1670090947.309965; 423658; 28
1670090947.334965; 423683; 28
1670090947.359965; 423708; 28
1670090947.384975; 423733; 28
1670090947.409971; 423758; 28
1670090947.434970; 423783; 28
1670090947.459970; 423808; 28
1670090947.484970; 423833; 28
1670090947.509970; 423858; 28
1670090947.534970; 423883; 28
1670090947.559971; 423908; 28
1670090947.584970; 423933; 28
1670090947.609965; 423958; 28
1670090947.634965; 423983; 28
1670090947.659965; 424008; 28
1670090947.684965; 424033; 28
1670090947.709970; 424058; 27
1670090947.734970; 424083; 27
1670090947.759970; 424108; 27
1670090947.784970; 424133; 27
1670090947.809965; 424158; 27
1670090947.834965; 424183; 27
1670090947.859965; 424208; 27
1670090947.884965; 424233; 27
1670090947.909965; 424258; 27
1670090947.934965; 424283; 27
1670090947.959965; 424308; 27
1670090947.984965; 424333; 27
1670090948.009965; 424358; 27
1670090948.034972; 424383; 27
1670090948.059972; 424408; 27
1670090948.084972; 424433; 27
1670090948.109972; 424458; 29
1670090948.134965; 424483; 29
1670090948.159965; 424508; 29
1670090948.184965; 424533; 29
1670090948.209966; 424558; 31
1670090948.234965; 424583; 31
1670090948.259965; 424608; 31
1670090948.284965; 424633; 31
1670090948.309965; 424658; 32
1670090948.334965; 424683; 32
1670090948.359965; 424708; 32
1670090948.384965; 424733; 32
1670090948.409967; 424758; 31
1670090948.434970; 424783; 31
1670090948.459959; 424808; 31
1670090948.484970; 424833; 31
1670090948.509970; 424858; 31
1670090948.534970; 424883; 33
1670090948.559970; 424908; 33
1670090948.584970; 424933; 33
1670090948.609971; 424958; 33
1670090948.634965; 424983; 30
1670090948.659965; 425008; 30
1670090948.684965; 425033; 30
1670090948.709970; 425058; 30
1670090948.734970; 425083; 30
1670090948.759970; 425108; 30
1670090948.784979; 425133; 30
1670090948.809966; 425158; 30
1670090948.834970; 425183; 31
1670090948.859970; 425208; 31
1670090948.884970; 425233; 31
1670090948.909970; 425258; 31
1670090948.934970; 425283; 30
1670090948.959970; 425308; 30
1670090948.984970; 425333; 30
1670090949.009970; 425358; 30
1670090949.034966; 425383; 30
1670090949.059966; 425408; 30
1670090949.084966; 425433; 30
1670090949.109966; 425458; 30
1670090949.134970; 425483; 28
1670090949.159970; 425508; 28
1670090949.184970; 425533; 28
1670090949.209970; 425558; 28
1670090949.234971; 425583; 29
1670090949.259965; 425608; 29
1670090949.284965; 425633; 29
1670090949.309965; 425658; 29
1670090949.334965; 425683; 29
1670090949.359965; 425708; 29
1670090949.384965; 425733; 29
1670090949.409965; 425758; 29
1670090949.434971; 425783; 29
1670090949.459965; 425808; 29
1670090949.484965; 425833; 29
1670090949.509965; 425858; 29
1670090949.534965; 425883; 27
1670090949.559965; 425908; 27
1670090949.584965; 425933; 27
1670090949.609965; 425958; 27
1670090949.634965; 425983; 27
1670090949.659971; 426008; 26
1670090949.684970; 426033; 26
1670090949.709970; 426058; 26
1670090949.734970; 426083; 26
1670090949.759971; 426108; 26
1670090949.784970; 426133; 26
1670090949.809970; 426158; 26
1670090949.834970; 426183; 26
1670090949.859965; 426208; 26
1670090949.884965; 426233; 26
1670090949.909965; 426258; 26
1670090949.934965; 426283; 26
1670090949.959965; 426308; 27
1670090949.984965; 426333; 27
1670090950.009965; 426358; 27
1670090950.034972; 426383; 27
1670090950.059972; 426408; 27
1670090950.084972; 426433; 27
1670090950.109966; 426458; 27
1670090950.134970; 426483; 27
1670090950.159970; 426508; 27
1670090950.184970; 426533; 27
1670090950.209971; 426558; 27
1670090950.234970; 426583; 27
1670090950.259970; 426608; 28
1670090950.284970; 426633; 28
1670090950.309970; 426658; 28
1670090950.334970; 426683; 28
1670090950.359970; 426708; 30
1670090950.384970; 426733; 30
1670090950.409970; 426758; 30
1670090950.434970; 426783; 30
1670090950.459965; 426808; 31
1670090950.484970; 426833; 31
1670090950.509970; 426858; 31
1670090950.534970; 426883; 31
1670090950.559970; 426908; 31
1670090950.584970; 426933; 31
1670090950.609970; 426958; 31
1670090950.634970; 426983; 31
1670090950.659970; 427008; 32
1670090950.684971; 427033; 32
1670090950.709965; 427058; 32
1670090950.734965; 427083; 32
1670090950.759965; 427108; 32
1670090950.784965; 427133; 28
1670090950.809965; 427158; 28
1670090950.834965; 427183; 28
1670090950.859965; 427208; 28
1670090950.884970; 427233; 25
1670090950.909970; 427258; 25
1670090950.934970; 427283; 25
1670090950.959970; 427308; 25
1670090950.984970; 427333; 24
1670090951.009970; 427358; 24
1670090951.034966; 427383; 24
1670090951.059966; 427408; 24
1670090951.084966; 427433; 24
1670090951.109966; 427458; 24
1670090951.134970; 427483; 24
1670090951.159970; 427508; 24
1670090951.184970; 427533; 25
1670090951.209971; 427558; 25
1670090951.234971; 427583; 25
1670090951.259970; 427608; 25
1670090951.284965; 427633; 24
1670090951.309965; 427658; 24
1670090951.334965; 427683; 24
1670090951.359965; 427708; 24
1670090951.384965; 427733; 25
1670090951.409965; 427758; 25
1670090951.434965; 427783; 25
1670090951.459965; 427808; 25
1670090951.484965; 427833; 24
1670090951.509970; 427858; 24
1670090951.534970; 427883; 24
1670090951.559970; 427908; 24
1670090951.584970; 427933; 24
1670090951.609970; 427958; 24
1670090951.634970; 427983; 24
1670090951.659970; 428008; 24
1670090951.684989; 428033; 25
1670090951.709965; 428058; 25
1670090951.734965; 428083; 25
1670090951.759965; 428108; 25
1670090951.784965; 428133; 25
1670090951.809965; 428158; 25
1670090951.834965; 428183; 25
1670090951.859965; 428208; 25
1670090951.884965; 428233; 25
1670090951.909970; 428258; 25
1670090951.934970; 428283; 25
1670090951.959970; 428308; 25
1670090951.984970; 428333; 25
1670090952.009970; 428358; 26
1670090952.034966; 428383; 26
1670090952.059966; 428408; 26
1670090952.084975; 428433; 26
1670090952.109973; 428458; 26
1670090952.134965; 428483; 26
1670090952.159970; 428508; 26
1670090952.184970; 428533; 26
1670090952.209971; 428558; 26
1670090952.234971; 428583; 26
1670090952.259970; 428608; 26
1670090952.284970; 428633; 26
1670090952.309965; 428658; 26
1670090952.334965; 428683; 26
1670090952.359965; 428708; 26
1670090952.384965; 428733; 26
1670090952.409965; 428758; 27
1670090952.434965; 428783; 27
1670090952.459965; 428808; 27
