1670090831.710373; 308058; 29
1670090831.734968; 308083; 29
1670090831.759971; 308108; 29
1670090831.784971; 308133; 29
1670090831.809971; 308158; 28
1670090831.834971; 308183; 28
1670090831.859971; 308208; 28
1670090831.884965; 308233; 28
1670090831.909965; 308258; 28
1670090831.934971; 308283; 28
1670090831.959971; 308308; 28
1670090831.984971; 308333; 28
1670090832.009971; 308358; 28
1670090832.034966; 308383; 29
1670090832.059966; 308408; 29
1670090832.084988; 308433; 29
1670090832.109966; 308458; 29
1670090832.134965; 308483; 30
1670090832.159965; 308508; 30
1670090832.184965; 308533; 30
1670090832.209971; 308558; 30
1670090832.234971; 308583; 31
1670090832.259971; 308608; 31
1670090832.284969; 308633; 31
1670090832.309965; 308658; 31
1670090832.334979; 308683; 30
1670090832.359971; 308708; 30
1670090832.384971; 308733; 30
1670090832.409971; 308758; 30
1670090832.434971; 308783; 29
1670090832.459971; 308808; 29
1670090832.484971; 308833; 29
1670090832.509971; 308858; 29
1670090832.534971; 308883; 30
1670090832.559971; 308908; 30
1670090832.584971; 308933; 30
1670090832.609971; 308958; 30
1670090832.634971; 308983; 32
1670090832.659971; 309008; 32
1670090832.684971; 309033; 32
1670090832.709971; 309058; 32
1670090832.734971; 309083; 33
1670090832.759965; 309108; 33
1670090832.784965; 309133; 33
1670090832.809965; 309158; 33
1670090832.834965; 309183; 33
1670090832.859965; 309208; 33
1670090832.884965; 309233; 33
1670090832.909970; 309258; 33
1670090832.934971; 309283; 32
1670090832.959971; 309308; 32
1670090832.984971; 309333; 32
1670090833.009971; 309358; 32
1670090833.034966; 309383; 33
1670090833.059967; 309408; 33
1670090833.084967; 309433; 33
1670090833.109985; 309458; 33
1670090833.134965; 309483; 34
1670090833.159971; 309508; 34
1670090833.184971; 309533; 34
1670090833.209965; 309558; 34
1670090833.234965; 309583; 34
1670090833.259965; 309608; 35
1670090833.284965; 309633; 35
1670090833.309965; 309658; 35
1670090833.334965; 309683; 35
1670090833.359966; 309708; 36
1670090833.384965; 309733; 36
1670090833.409965; 309758; 36
1670090833.434965; 309783; 36
1670090833.459965; 309808; 38
1670090833.484965; 309833; 38
1670090833.509965; 309858; 38
1670090833.534965; 309883; 38
1670090833.559965; 309908; 34
1670090833.584971; 309933; 34
1670090833.609971; 309958; 34
1670090833.634971; 309983; 34
1670090833.659971; 310008; 38
1670090833.684971; 310033; 38
1670090833.709965; 310058; 38
1670090833.734965; 310083; 38
1670090833.759966; 310108; 39
1670090833.784965; 310133; 39
1670090833.809965; 310158; 39
1670090833.834966; 310183; 39
1670090833.859965; 310208; 39
1670090833.884965; 310233; 39
1670090833.909965; 310258; 39
1670090833.934970; 310283; 39
1670090833.959971; 310308; 35
1670090833.984971; 310333; 35
1670090834.009971; 310358; 35
1670090834.034967; 310383; 35
1670090834.059966; 310408; 23
1670090834.084967; 310433; 23
1670090834.109966; 310458; 23
1670090834.134965; 310483; 23
1670090834.159966; 310508; 23
1670090834.184966; 310533; 23
1670090834.209971; 310558; 23
1670090834.234971; 310583; 23
1670090834.259971; 310608; 23
1670090834.284971; 310633; 23
1670090834.309971; 310658; 23
1670090834.334971; 310683; 23
1670090834.359965; 310708; 23
1670090834.384966; 310733; 22
1670090834.409965; 310758; 22
1670090834.434965; 310783; 22
1670090834.459965; 310808; 22
1670090834.484965; 310833; 23
1670090834.509965; 310858; 23
1670090834.534965; 310883; 23
1670090834.559965; 310908; 23
1670090834.584965; 310933; 24
1670090834.609965; 310958; 24
1670090834.634965; 310983; 24
1670090834.659966; 311008; 24
1670090834.684965; 311033; 24
1670090834.709971; 311058; 24
1670090834.734971; 311083; 24
1670090834.759971; 311108; 24
1670090834.784971; 311133; 25
1670090834.809971; 311158; 25
1670090834.834971; 311183; 25
1670090834.859971; 311208; 25
1670090834.884971; 311233; 27
1670090834.909971; 311258; 27
1670090834.934971; 311283; 27
1670090834.959970; 311308; 27
1670090834.984971; 311333; 28
1670090835.009971; 311358; 28
1670090835.178113; 311526; 28
1670090835.202988; 311551; 27
1670090835.227971; 311576; 27
1670090835.252971; 311601; 27
1670090835.277971; 311626; 27
1670090835.302970; 311651; 29
1670090835.327970; 311676; 29
1670090835.352971; 311701; 29
1670090835.377971; 311726; 29
1670090835.402971; 311751; 29
1670090835.427971; 311776; 29
1670090835.452971; 311801; 29
1670090835.477970; 311826; 29
1670090835.502970; 311851; 25
1670090835.527971; 311876; 25
1670090835.552971; 311901; 25
1670090835.577965; 311926; 25
1670090835.602965; 311951; 24
1670090835.627965; 311976; 24
1670090835.652965; 312001; 24
1670090835.677965; 312026; 24
1670090835.702971; 312051; 23
1670090835.727971; 312076; 23
1670090835.752971; 312101; 23
1670090835.777965; 312126; 23
1670090835.802965; 312151; 22
1670090835.827965; 312176; 22
1670090835.852965; 312201; 22
1670090835.877965; 312226; 22
1670090835.902965; 312251; 22
1670090835.927965; 312276; 22
1670090835.952965; 312301; 22
1670090835.977965; 312326; 22
1670090836.002965; 312351; 22
1670090836.027972; 312376; 22
1670090836.052972; 312401; 22
1670090836.077972; 312426; 22
1670090836.102972; 312451; 22
1670090836.127965; 312476; 22
1670090836.152965; 312501; 22
1670090836.177970; 312526; 22
1670090836.202966; 312551; 22
1670090836.227965; 312576; 22
1670090836.252965; 312601; 22
1670090836.277965; 312626; 22
1670090836.302966; 312651; 23
1670090836.327965; 312676; 23
1670090836.352965; 312701; 23
1670090836.377965; 312726; 23
1670090836.402965; 312751; 23
1670090836.427966; 312776; 23
1670090836.452965; 312801; 23
1670090836.477965; 312826; 23
1670090836.502965; 312851; 23
1670090836.527965; 312876; 22
1670090836.552966; 312901; 22
1670090836.577966; 312926; 22
1670090836.602971; 312951; 22
1670090836.627970; 312976; 22
1670090836.652971; 313001; 22
1670090836.677971; 313026; 22
1670090836.702965; 313051; 22
1670090836.727965; 313076; 22
1670090836.752965; 313101; 22
1670090836.777965; 313126; 22
1670090836.802965; 313151; 22
1670090836.827965; 313176; 22
1670090836.852965; 313201; 22
1670090836.877965; 313226; 22
1670090836.902965; 313251; 22
1670090836.927966; 313276; 22
1670090836.952965; 313301; 22
1670090836.977965; 313326; 22
1670090837.002970; 313351; 22
1670090837.027966; 313376; 23
1670090837.052966; 313401; 23
1670090837.077966; 313426; 23
1670090837.102966; 313451; 23
1670090837.127966; 313476; 23
1670090837.152965; 313501; 23
1670090837.177965; 313526; 23
1670090837.202965; 313551; 23
1670090837.227965; 313576; 23
1670090837.252971; 313601; 23
1670090837.277971; 313626; 23
1670090837.302971; 313651; 23
1670090837.327971; 313676; 23
1670090837.352971; 313701; 23
1670090837.377971; 313726; 23
1670090837.402971; 313751; 23
1670090837.427965; 313776; 23
1670090837.452965; 313801; 23
1670090837.477965; 313826; 23
1670090837.502965; 313851; 23
1670090837.527965; 313876; 23
1670090837.552965; 313901; 23
1670090837.577965; 313926; 23
1670090837.602965; 313951; 23
1670090837.627965; 313976; 23
1670090837.652965; 314001; 23
1670090837.677971; 314026; 23
1670090837.702965; 314051; 23
1670090837.727965; 314076; 23
1670090837.752965; 314101; 24
1670090837.777965; 314126; 24
1670090837.802966; 314151; 24
1670090837.827971; 314176; 24
1670090837.852971; 314201; 24
1670090837.877971; 314226; 24
1670090837.902971; 314251; 24
1670090837.927971; 314276; 24
1670090837.952971; 314301; 24
1670090837.977971; 314326; 24
1670090838.002971; 314351; 24
1670090838.027967; 314376; 24
1670090838.052966; 314401; 24
1670090838.077972; 314426; 24
1670090838.102972; 314451; 24
1670090838.127965; 314476; 24
1670090838.152965; 314501; 25
1670090838.177966; 314526; 25
1670090838.202965; 314551; 25
1670090838.227982; 314576; 25
1670090838.252965; 314601; 24
1670090838.277965; 314626; 24
1670090838.302965; 314651; 24
1670090838.327965; 314676; 24
1670090838.352965; 314701; 24
1670090838.377965; 314726; 24
1670090838.402965; 314751; 24
1670090838.427983; 314776; 24
1670090838.452965; 314801; 23
1670090838.477974; 314826; 23
1670090838.502966; 314851; 23
1670090838.527965; 314876; 23
1670090838.552965; 314901; 23
1670090838.577965; 314926; 23
1670090838.602965; 314951; 23
1670090838.627965; 314976; 23
1670090838.652971; 315001; 23
1670090838.677971; 315026; 21
1670090838.702965; 315051; 21
1670090838.727965; 315076; 21
1670090838.752965; 315101; 21
1670090838.777965; 315126; 19
1670090838.802965; 315151; 19
1670090838.827965; 315176; 19
1670090838.852965; 315201; 19
1670090838.877965; 315226; 17
1670090838.902965; 315251; 17
1670090838.927965; 315276; 17
1670090838.952965; 315301; 17
1670090838.977966; 315326; 17
1670090839.002965; 315351; 17
1670090839.027972; 315376; 17
1670090839.052972; 315401; 17
1670090839.077972; 315426; 18
1670090839.102972; 315451; 18
1670090839.127965; 315476; 18
1670090839.152965; 315501; 18
1670090839.177965; 315526; 19
1670090839.202965; 315551; 19
1670090839.227965; 315576; 19
1670090839.252989; 315601; 19
1670090839.277971; 315626; 19
1670090839.302970; 315651; 19
1670090839.327971; 315676; 19
1670090839.352971; 315701; 19
1670090839.377971; 315726; 19
1670090839.402971; 315751; 19
1670090839.427971; 315776; 19
1670090839.452968; 315801; 19
1670090839.477971; 315826; 18
1670090839.502971; 315851; 18
1670090839.527971; 315876; 18
1670090839.552971; 315901; 18
1670090839.577971; 315926; 18
1670090839.602971; 315951; 18
1670090839.627971; 315976; 18
1670090839.652971; 316001; 18
1670090839.677965; 316026; 18
1670090839.702971; 316051; 18
1670090839.727965; 316076; 18
1670090839.752966; 316101; 18
1670090839.777965; 316126; 18
1670090839.802965; 316151; 18
1670090839.827965; 316176; 18
1670090839.852965; 316201; 18
1670090839.877971; 316226; 18
1670090839.902971; 316251; 18
1670090839.927971; 316276; 18
1670090839.952971; 316301; 18
1670090839.977971; 316326; 18
1670090840.002971; 316351; 20
1670090840.027967; 316376; 20
1670090840.052966; 316401; 20
1670090840.077967; 316426; 20
1670090840.102966; 316451; 21
1670090840.127971; 316476; 21
1670090840.152971; 316501; 21
1670090840.177971; 316526; 21
1670090840.202965; 316551; 21
1670090840.227965; 316576; 21
1670090840.252965; 316601; 21
1670090840.277970; 316626; 21
1670090840.302971; 316651; 20
1670090840.327971; 316676; 20
1670090840.352971; 316701; 20
1670090840.377971; 316726; 20
1670090840.402971; 316751; 20
1670090840.427971; 316776; 20
1670090840.452971; 316801; 20
1670090840.477970; 316826; 20
1670090840.502966; 316851; 20
1670090840.527982; 316876; 20
1670090840.552965; 316901; 20
1670090840.577965; 316926; 20
1670090840.602965; 316951; 20
1670090840.627965; 316976; 20
1670090840.652965; 317001; 20
1670090840.677965; 317026; 20
1670090840.702965; 317051; 21
1670090840.727965; 317076; 21
1670090840.752965; 317101; 21
1670090840.777965; 317126; 21
1670090840.802965; 317151; 23
1670090840.827965; 317176; 23
1670090840.852965; 317201; 23
1670090840.877965; 317226; 23
1670090840.902965; 317251; 24
1670090840.927965; 317276; 24
1670090840.952971; 317301; 24
1670090840.977971; 317326; 24
1670090841.002971; 317351; 24
1670090841.027967; 317376; 25
1670090841.052967; 317401; 25
1670090841.077966; 317426; 25
1670090841.102967; 317451; 25
1670090841.127966; 317476; 24
1670090841.152965; 317501; 24
1670090841.177965; 317526; 24
1670090841.202971; 317551; 24
1670090841.227971; 317576; 24
1670090841.252970; 317601; 24
1670090841.277970; 317626; 24
1670090841.302971; 317651; 24
1670090841.327971; 317676; 23
1670090841.352965; 317701; 23
1670090841.377965; 317726; 23
1670090841.402965; 317751; 23
1670090841.427965; 317776; 24
1670090841.452965; 317801; 24
1670090841.477965; 317826; 24
1670090841.502970; 317851; 24
1670090841.527965; 317876; 26
1670090841.552965; 317901; 26
1670090841.577965; 317926; 26
1670090841.602965; 317951; 26
1670090841.627965; 317976; 26
1670090841.652965; 318001; 26
1670090841.677965; 318026; 26
1670090841.702971; 318051; 26
1670090841.727965; 318076; 26
1670090841.752965; 318101; 26
1670090841.777979; 318126; 26
1670090841.802966; 318151; 26
1670090841.827965; 318176; 26
1670090841.852965; 318201; 26
1670090841.877965; 318226; 26
1670090841.902965; 318251; 26
1670090841.927971; 318276; 28
1670090841.952971; 318301; 28
1670090841.977971; 318326; 28
1670090842.002971; 318351; 28
1670090842.027966; 318376; 26
1670090842.052967; 318401; 26
1670090842.077967; 318426; 26
1670090842.102967; 318451; 26
1670090842.127965; 318476; 25
1670090842.152965; 318501; 25
1670090842.177965; 318526; 25
1670090842.202965; 318551; 25
1670090842.227965; 318576; 25
1670090842.252965; 318601; 26
1670090842.277965; 318626; 26
1670090842.302965; 318651; 26
1670090842.327965; 318676; 26
1670090842.352965; 318701; 25
1670090842.377965; 318726; 25
1670090842.402965; 318751; 25
1670090842.427965; 318776; 25
1670090842.452965; 318801; 25
1670090842.477965; 318826; 25
1670090842.502965; 318851; 25
1670090842.527965; 318876; 25
1670090842.552965; 318901; 25
1670090842.577971; 318926; 25
1670090842.602971; 318951; 25
1670090842.627971; 318976; 25
1670090842.652971; 319001; 24
1670090842.677971; 319026; 24
1670090842.702965; 319051; 24
1670090842.727965; 319076; 24
1670090842.752971; 319101; 25
1670090842.777971; 319126; 25
1670090842.802970; 319151; 25
1670090842.827971; 319176; 25
1670090842.852971; 319201; 25
1670090842.877971; 319226; 25
1670090842.902971; 319251; 25
1670090842.927971; 319276; 25
1670090842.952965; 319301; 27
1670090842.977965; 319326; 27
1670090843.002965; 319351; 27
1670090843.027972; 319376; 27
1670090843.052972; 319401; 27
1670090843.077972; 319426; 27
1670090843.102972; 319451; 27
1670090843.127965; 319476; 27
1670090843.152970; 319501; 27
1670090843.177970; 319526; 27
1670090843.202965; 319551; 27
1670090843.227965; 319576; 27
1670090843.252965; 319601; 25
1670090843.277965; 319626; 25
1670090843.302965; 319651; 25
1670090843.327965; 319676; 25
1670090843.352965; 319701; 25
1670090843.377965; 319726; 25
1670090843.402965; 319751; 25
1670090843.427965; 319776; 25
1670090843.452965; 319801; 25
1670090843.477965; 319826; 24
1670090843.502965; 319851; 24
1670090843.527965; 319876; 24
1670090843.552978; 319901; 24
1670090843.577971; 319926; 24
1670090843.602971; 319951; 24
1670090843.627970; 319976; 24
1670090843.652970; 320001; 24
1670090843.677970; 320026; 25
1670090843.702965; 320051; 25
1670090843.727965; 320076; 25
1670090843.752997; 320101; 25
1670090843.777971; 320126; 25
1670090843.802971; 320151; 25
1670090843.827965; 320176; 25
1670090843.852965; 320201; 25
1670090843.877965; 320226; 25
1670090843.902965; 320251; 25
1670090843.927965; 320276; 25
1670090843.952965; 320301; 25
1670090843.977971; 320326; 24
1670090844.002971; 320351; 24
1670090844.027967; 320376; 24
1670090844.052966; 320401; 24
1670090844.077966; 320426; 23
1670090844.102966; 320451; 23
1670090844.127965; 320476; 23
1670090844.152965; 320501; 23
1670090844.177965; 320526; 23
1670090844.202971; 320551; 23
1670090844.227965; 320576; 23
1670090844.252965; 320601; 23
1670090844.277965; 320626; 23
1670090844.302965; 320651; 23
1670090844.327965; 320676; 23
1670090844.352965; 320701; 23
1670090844.377971; 320726; 22
1670090844.402971; 320751; 22
1670090844.427970; 320776; 22
1670090844.452970; 320801; 22
1670090844.477970; 320826; 22
1670090844.502970; 320851; 22
1670090844.527971; 320876; 22
1670090844.552970; 320901; 22
1670090844.577989; 320926; 22
1670090844.602971; 320951; 21
1670090844.627965; 320976; 21
1670090844.652965; 321001; 21
1670090844.677965; 321026; 21
1670090844.702971; 321051; 22
1670090844.727971; 321076; 22
1670090844.752971; 321101; 22
1670090844.777965; 321126; 22
1670090844.802970; 321151; 21
1670090844.827971; 321176; 21
1670090844.852971; 321201; 21
1670090844.877971; 321226; 21
1670090844.902971; 321251; 21
1670090844.927971; 321276; 21
1670090844.952971; 321301; 21
1670090844.977971; 321326; 21
1670090845.002970; 321351; 21
1670090845.027967; 321376; 21
1670090845.052967; 321401; 21
1670090845.077980; 321426; 21
1670090845.102973; 321451; 21
1670090845.127965; 321476; 21
1670090845.152965; 321501; 21
1670090845.177965; 321526; 21
1670090845.202971; 321551; 20
1670090845.227971; 321576; 20
1670090845.252971; 321601; 20
1670090845.277971; 321626; 20
1670090845.302965; 321651; 19
1670090845.327965; 321676; 19
1670090845.352965; 321701; 19
1670090845.377965; 321726; 19
1670090845.402965; 321751; 19
1670090845.427965; 321776; 19
1670090845.452965; 321801; 19
1670090845.477965; 321826; 19
1670090845.502965; 321851; 19
1670090845.527965; 321876; 19
1670090845.552965; 321901; 19
1670090845.577965; 321926; 19
1670090845.602965; 321951; 19
1670090845.627965; 321976; 19
1670090845.652971; 322001; 19
1670090845.677971; 322026; 19
1670090845.702965; 322051; 19
1670090845.727965; 322076; 20
1670090845.752965; 322101; 20
1670090845.777965; 322126; 20
1670090845.802970; 322151; 20
1670090845.827966; 322176; 19
1670090845.852965; 322201; 19
1670090845.877965; 322226; 19
1670090845.902965; 322251; 19
1670090845.927965; 322276; 20
1670090845.952965; 322301; 20
1670090845.977965; 322326; 20
1670090846.002965; 322351; 20
1670090846.027966; 322376; 21
1670090846.052966; 322401; 21
1670090846.077972; 322426; 21
1670090846.102972; 322451; 21
1670090846.127965; 322476; 22
1670090846.152965; 322501; 22
1670090846.177965; 322526; 22
1670090846.202965; 322551; 22
1670090846.227971; 322576; 22
1670090846.252970; 322601; 22
1670090846.277970; 322626; 22
1670090846.302970; 322651; 22
1670090846.327971; 322676; 23
1670090846.352971; 322701; 23
1670090846.377971; 322726; 23
1670090846.402970; 322751; 23
1670090846.427971; 322776; 23
1670090846.452970; 322801; 23
1670090846.477971; 322826; 23
1670090846.502971; 322851; 23
1670090846.527970; 322876; 25
1670090846.552970; 322901; 25
1670090846.577970; 322926; 25
1670090846.602971; 322951; 25
1670090846.627965; 322976; 26
1670090846.652965; 323001; 26
1670090846.677965; 323026; 26
1670090846.702965; 323051; 26
1670090846.727965; 323076; 26
1670090846.752965; 323101; 26
1670090846.777965; 323126; 26
1670090846.802965; 323151; 26
1670090846.827965; 323176; 26
1670090846.852971; 323201; 27
1670090846.877965; 323226; 27
1670090846.902965; 323251; 27
1670090846.927965; 323276; 27
1670090846.952965; 323301; 28
1670090846.977965; 323326; 28
1670090847.002965; 323351; 28
1670090847.027972; 323376; 28
1670090847.052972; 323401; 27
1670090847.077972; 323426; 27
1670090847.102972; 323451; 27
1670090847.127965; 323476; 27
1670090847.152965; 323501; 26
1670090847.177965; 323526; 26
1670090847.202965; 323551; 26
1670090847.227965; 323576; 26
1670090847.252971; 323601; 25
1670090847.277971; 323626; 25
1670090847.302971; 323651; 25
1670090847.327970; 323676; 25
1670090847.352971; 323701; 25
1670090847.377970; 323726; 25
1670090847.402970; 323751; 25
1670090847.427970; 323776; 25
1670090847.452965; 323801; 26
1670090847.477965; 323826; 26
1670090847.502965; 323851; 26
1670090847.527965; 323876; 26
1670090847.552965; 323901; 27
1670090847.577965; 323926; 27
1670090847.602965; 323951; 27
1670090847.627965; 323976; 27
1670090847.652966; 324001; 27
1670090847.677965; 324026; 27
1670090847.702965; 324051; 27
1670090847.727965; 324076; 27
1670090847.752965; 324101; 29
1670090847.777965; 324126; 29
1670090847.802965; 324151; 29
1670090847.827965; 324176; 29
1670090847.852970; 324201; 29
1670090847.877971; 324226; 29
1670090847.902971; 324251; 29
1670090847.927971; 324276; 29
1670090847.952971; 324301; 29
1670090847.977970; 324326; 29
1670090848.002970; 324351; 29
1670090848.027966; 324376; 29
1670090848.052967; 324401; 29
1670090848.077967; 324426; 28
1670090848.102966; 324451; 28
1670090848.127971; 324476; 28
1670090848.152971; 324501; 28
1670090848.177971; 324526; 27
1670090848.202965; 324551; 27
1670090848.227965; 324576; 27
1670090848.252965; 324601; 27
1670090848.277971; 324626; 27
1670090848.302970; 324651; 27
1670090848.327970; 324676; 27
1670090848.352970; 324701; 27
1670090848.377979; 324726; 29
1670090848.402966; 324751; 29
1670090848.427965; 324776; 29
1670090848.452965; 324801; 29
1670090848.477965; 324826; 30
1670090848.502965; 324851; 30
1670090848.527970; 324876; 30
1670090848.552970; 324901; 30
1670090848.577970; 324926; 29
1670090848.602971; 324951; 29
1670090848.627971; 324976; 29
1670090848.652970; 325001; 29
1670090848.677965; 325026; 29
1670090848.702965; 325051; 29
1670090848.727965; 325076; 29
1670090848.752965; 325101; 29
1670090848.777965; 325126; 28
1670090848.802965; 325151; 28
1670090848.827965; 325176; 28
1670090848.852965; 325201; 28
1670090848.877988; 325226; 28
1670090848.902971; 325251; 28
1670090848.927971; 325276; 28
1670090848.952971; 325301; 28
1670090848.977970; 325326; 27
1670090849.002970; 325351; 27
1670090849.027966; 325376; 27
1670090849.052966; 325401; 27
1670090849.077984; 325426; 27
1670090849.102966; 325451; 27
1670090849.127965; 325476; 27
1670090849.152965; 325501; 27
1670090849.177965; 325526; 27
1670090849.202965; 325551; 25
1670090849.227965; 325576; 25
1670090849.252965; 325601; 25
1670090849.277965; 325626; 25
1670090849.302971; 325651; 26
1670090849.327970; 325676; 26
1670090849.352971; 325701; 26
1670090849.377970; 325726; 26
1670090849.402970; 325751; 24
1670090849.427970; 325776; 24
1670090849.452970; 325801; 24
1670090849.477970; 325826; 24
1670090849.502970; 325851; 23
1670090849.527970; 325876; 23
1670090849.552970; 325901; 23
1670090849.577970; 325926; 23
1670090849.602970; 325951; 22
1670090849.627970; 325976; 22
1670090849.652970; 326001; 22
1670090849.677971; 326026; 22
1670090849.702970; 326051; 21
1670090849.727970; 326076; 21
1670090849.752971; 326101; 21
1670090849.777971; 326126; 21
1670090849.802971; 326151; 21
1670090849.827971; 326176; 21
1670090849.852971; 326201; 21
1670090849.877971; 326226; 21
1670090849.902987; 326251; 20
1670090849.927971; 326276; 20
1670090849.952971; 326301; 20
1670090849.977971; 326326; 20
1670090850.002970; 326351; 19
1670090850.027966; 326376; 19
1670090850.052966; 326401; 19
1670090850.077966; 326426; 19
1670090850.102967; 326451; 20
1670090850.127965; 326476; 20
1670090850.152983; 326501; 20
1670090850.177965; 326526; 20
1670090850.202965; 326551; 20
1670090850.227965; 326576; 20
1670090850.252965; 326601; 20
1670090850.277965; 326626; 20
1670090850.302965; 326651; 20
1670090850.327965; 326676; 20
1670090850.352965; 326701; 20
1670090850.377965; 326726; 20
1670090850.402965; 326751; 20
1670090850.427965; 326776; 19
1670090850.452965; 326801; 19
1670090850.477965; 326826; 19
1670090850.502965; 326851; 19
1670090850.527965; 326876; 19
1670090850.552965; 326901; 19
1670090850.577965; 326926; 19
1670090850.602965; 326951; 19
1670090850.627965; 326976; 19
1670090850.652965; 327001; 19
1670090850.677965; 327026; 19
1670090850.702970; 327051; 19
1670090850.727971; 327076; 20
1670090850.752970; 327101; 20
1670090850.777970; 327126; 20
1670090850.802970; 327151; 20
1670090850.827971; 327176; 20
1670090850.852971; 327201; 20
1670090850.877970; 327226; 20
1670090850.902970; 327251; 20
1670090850.927965; 327276; 21
1670090850.952965; 327301; 21
1670090850.977971; 327326; 21
1670090851.002971; 327351; 21
1670090851.027967; 327376; 21
1670090851.052966; 327401; 21
1670090851.077966; 327426; 21
1670090851.102967; 327451; 21
1670090851.127970; 327476; 21
1670090851.152970; 327501; 21
1670090851.177970; 327526; 21
1670090851.202965; 327551; 21
1670090851.227965; 327576; 23
1670090851.252965; 327601; 23
1670090851.277965; 327626; 23
1670090851.302965; 327651; 23
1670090851.327965; 327676; 23
1670090851.352970; 327701; 23
1670090851.377970; 327726; 23
1670090851.402970; 327751; 23
1670090851.427970; 327776; 23
1670090851.452970; 327801; 23
1670090851.477970; 327826; 23
1670090851.502970; 327851; 23
1670090851.527970; 327876; 23
1670090851.552970; 327901; 22
1670090851.577970; 327926; 22
1670090851.602965; 327951; 22
1670090851.627965; 327976; 22
1670090851.652965; 328001; 22
1670090851.677979; 328026; 22
1670090851.702972; 328051; 22
1670090851.727965; 328076; 22
1670090851.752971; 328101; 23
1670090851.777970; 328126; 23
1670090851.802965; 328151; 23
1670090851.827965; 328176; 23
1670090851.852965; 328201; 23
1670090851.877965; 328226; 23
1670090851.902965; 328251; 23
1670090851.927965; 328276; 23
1670090851.952971; 328301; 24
1670090851.977971; 328326; 24
1670090852.002970; 328351; 24
1670090852.027966; 328376; 24
1670090852.052966; 328401; 27
1670090852.077966; 328426; 27
1670090852.102966; 328451; 27
1670090852.127965; 328476; 27
1670090852.152970; 328501; 27
1670090852.177970; 328526; 27
1670090852.202971; 328551; 27
1670090852.227971; 328576; 27
1670090852.252971; 328601; 25
1670090852.277970; 328626; 25
1670090852.302970; 328651; 25
1670090852.327970; 328676; 25
1670090852.352970; 328701; 21
1670090852.377965; 328726; 21
1670090852.402965; 328751; 21
1670090852.427965; 328776; 21
1670090852.452965; 328801; 20
1670090852.477965; 328826; 20
1670090852.502965; 328851; 20
1670090852.527965; 328876; 20
1670090852.552965; 328901; 19
1670090852.577971; 328926; 19
1670090852.602970; 328951; 19
1670090852.627971; 328976; 19
1670090852.652970; 329001; 19
1670090852.677970; 329026; 19
1670090852.702965; 329051; 19
1670090852.727965; 329076; 19
1670090852.752965; 329101; 19
1670090852.777971; 329126; 18
1670090852.802971; 329151; 18
1670090852.827971; 329176; 18
1670090852.852971; 329201; 18
1670090852.877970; 329226; 16
1670090852.902970; 329251; 16
1670090852.927970; 329276; 16
1670090852.952971; 329301; 16
1670090852.977965; 329326; 15
1670090853.002965; 329351; 15
1670090853.027972; 329376; 15
1670090853.052972; 329401; 15
1670090853.077972; 329426; 15
1670090853.102972; 329451; 15
1670090853.127965; 329476; 15
1670090853.152965; 329501; 15
1670090853.177971; 329526; 14
1670090853.202965; 329551; 14
1670090853.227965; 329576; 14
1670090853.252965; 329601; 14
1670090853.277965; 329626; 14
1670090853.302965; 329651; 14
1670090853.327965; 329676; 14
1670090853.352965; 329701; 14
1670090853.377965; 329726; 14
1670090853.402965; 329751; 14
1670090853.427965; 329776; 14
1670090853.452971; 329801; 14
1670090853.477971; 329826; 14
1670090853.502970; 329851; 14
1670090853.527970; 329876; 14
1670090853.552970; 329901; 14
1670090853.577970; 329926; 15
1670090853.602970; 329951; 15
1670090853.627971; 329976; 15
1670090853.652970; 330001; 15
1670090853.677971; 330026; 14
1670090853.702965; 330051; 14
1670090853.727965; 330076; 14
1670090853.752965; 330101; 14
1670090853.777965; 330126; 14
1670090853.802965; 330151; 14
1670090853.827965; 330176; 14
1670090853.852970; 330201; 14
1670090853.877971; 330226; 14
1670090853.902971; 330251; 14
1670090853.927970; 330276; 14
1670090853.952971; 330301; 14
1670090853.977970; 330326; 14
1670090854.002971; 330351; 14
1670090854.027967; 330376; 14
1670090854.052966; 330401; 14
1670090854.077966; 330426; 14
1670090854.102966; 330451; 14
1670090854.127965; 330476; 14
1670090854.152965; 330501; 14
1670090854.177965; 330526; 14
1670090854.202981; 330551; 14
1670090854.227971; 330576; 14
1670090854.252970; 330601; 14
1670090854.277970; 330626; 14
1670090854.302970; 330651; 14
1670090854.327971; 330676; 14
1670090854.352971; 330701; 14
1670090854.377970; 330726; 14
1670090854.402989; 330751; 14
1670090854.427970; 330776; 14
1670090854.452971; 330801; 14
1670090854.477970; 330826; 14
1670090854.502971; 330851; 14
1670090854.527970; 330876; 14
1670090854.552970; 330901; 14
1670090854.577970; 330926; 14
1670090854.602971; 330951; 14
1670090854.627970; 330976; 14
1670090854.652970; 331001; 14
1670090854.677970; 331026; 14
1670090854.702965; 331051; 14
1670090854.727965; 331076; 14
1670090854.752965; 331101; 14
1670090854.777965; 331126; 14
1670090854.802965; 331151; 14
1670090854.827971; 331176; 14
1670090854.852970; 331201; 14
1670090854.877970; 331226; 14
1670090854.902970; 331251; 14
1670090854.927970; 331276; 14
1670090854.952970; 331301; 14
1670090854.977979; 331326; 14
1670090855.002966; 331351; 14
1670090855.027966; 331376; 14
1670090855.052966; 331401; 14
1670090855.077972; 331426; 14
1670090855.102972; 331451; 14
1670090855.127965; 331476; 14
1670090855.152965; 331501; 14
1670090855.177965; 331526; 14
1670090855.202965; 331551; 14
1670090855.228011; 331576; 14
1670090855.252965; 331601; 14
1670090855.277965; 331626; 14
1670090855.302965; 331651; 14
1670090855.327965; 331676; 14
1670090855.352965; 331701; 14
1670090855.377965; 331726; 14
1670090855.402965; 331751; 14
1670090855.427968; 331776; 14
1670090855.452970; 331801; 14
1670090855.477990; 331826; 14
1670090855.502970; 331851; 14
1670090855.527970; 331876; 14
1670090855.552970; 331901; 14
1670090855.577970; 331926; 14
1670090855.602970; 331951; 14
1670090855.627970; 331976; 14
1670090855.652965; 332001; 14
1670090855.677965; 332026; 14
1670090855.702965; 332051; 14
1670090855.727965; 332076; 14
1670090855.752965; 332101; 14
1670090855.777965; 332126; 14
1670090855.802965; 332151; 14
1670090855.827965; 332176; 14
1670090855.852970; 332201; 14
1670090855.877970; 332226; 14
1670090855.902970; 332251; 14
1670090855.927970; 332276; 14
1670090855.952970; 332301; 14
1670090855.977970; 332326; 14
1670090856.002970; 332351; 14
1670090856.027966; 332376; 14
1670090856.052972; 332401; 14
1670090856.077972; 332426; 14
1670090856.102972; 332451; 14
1670090856.127965; 332476; 14
1670090856.152965; 332501; 14
1670090856.177965; 332526; 14
1670090856.202970; 332551; 14
1670090856.227970; 332576; 14
1670090856.252970; 332601; 14
1670090856.277970; 332626; 14
1670090856.302970; 332651; 14
1670090856.327970; 332676; 14
1670090856.352970; 332701; 14
1670090856.377970; 332726; 14
1670090856.402970; 332751; 14
1670090856.427970; 332776; 14
1670090856.452971; 332801; 14
1670090856.477965; 332826; 14
1670090856.502965; 332851; 14
1670090856.527965; 332876; 14
1670090856.552965; 332901; 14
1670090856.577965; 332926; 14
1670090856.602965; 332951; 14
1670090856.627965; 332976; 14
1670090856.652965; 333001; 14
1670090856.677971; 333026; 14
1670090856.702965; 333051; 14
1670090856.727970; 333076; 14
1670090856.752970; 333101; 14
1670090856.777970; 333126; 14
1670090856.802970; 333151; 14
1670090856.827970; 333176; 14
1670090856.852970; 333201; 14
1670090856.877965; 333226; 14
1670090856.902965; 333251; 14
1670090856.927965; 333276; 14
1670090856.952965; 333301; 14
1670090856.977965; 333326; 14
1670090857.002965; 333351; 14
1670090857.027972; 333376; 14
1670090857.052972; 333401; 14
1670090857.077966; 333426; 14
1670090857.102966; 333451; 14
1670090857.127971; 333476; 14
1670090857.152970; 333501; 14
1670090857.177970; 333526; 14
1670090857.202970; 333551; 14
1670090857.227970; 333576; 14
1670090857.252970; 333601; 14
1670090857.277965; 333626; 14
1670090857.302965; 333651; 14
1670090857.327965; 333676; 14
1670090857.352965; 333701; 14
1670090857.377965; 333726; 14
1670090857.402965; 333751; 14
1670090857.427965; 333776; 14
1670090857.452965; 333801; 14
1670090857.477965; 333826; 14
1670090857.502970; 333851; 14
1670090857.527970; 333876; 14
1670090857.552970; 333901; 14
1670090857.577970; 333926; 14
1670090857.602970; 333951; 14
1670090857.627970; 333976; 14
1670090857.652970; 334001; 14
1670090857.677970; 334026; 14
1670090857.702970; 334051; 14
1670090857.727970; 334076; 14
1670090857.752970; 334101; 14
1670090857.777970; 334126; 14
1670090857.802970; 334151; 14
1670090857.827970; 334176; 14
1670090857.852970; 334201; 14
1670090857.877970; 334226; 14
1670090857.902971; 334251; 14
1670090857.927971; 334276; 14
1670090857.952970; 334301; 14
1670090857.977970; 334326; 14
1670090858.002970; 334351; 14
1670090858.027966; 334376; 14
1670090858.052966; 334401; 14
1670090858.077966; 334426; 15
1670090858.102972; 334451; 15
1670090858.127965; 334476; 15
1670090858.152965; 334501; 15
1670090858.177965; 334526; 15
1670090858.202970; 334551; 15
1670090858.227970; 334576; 15
1670090858.252970; 334601; 15
1670090858.277970; 334626; 15
1670090858.302979; 334651; 15
1670090858.327966; 334676; 15
1670090858.352965; 334701; 15
1670090858.377965; 334726; 14
1670090858.402965; 334751; 14
1670090858.427965; 334776; 14
1670090858.452965; 334801; 14
1670090858.477965; 334826; 14
1670090858.502970; 334851; 14
1670090858.527965; 334876; 14
1670090858.552965; 334901; 14
1670090858.577965; 334926; 14
1670090858.602965; 334951; 15
1670090858.627965; 334976; 15
1670090858.652965; 335001; 15
1670090858.677965; 335026; 15
1670090858.702965; 335051; 15
1670090858.727970; 335076; 15
1670090858.752970; 335101; 15
1670090858.777965; 335126; 15
1670090858.802965; 335151; 14
1670090858.827965; 335176; 14
1670090858.852965; 335201; 14
1670090858.877965; 335226; 14
1670090858.902965; 335251; 14
1670090858.927970; 335276; 14
1670090858.952970; 335301; 14
1670090858.977970; 335326; 14
1670090859.002970; 335351; 14
1670090859.027966; 335376; 14
1670090859.052966; 335401; 14
1670090859.077966; 335426; 14
1670090859.102966; 335451; 15
1670090859.127965; 335476; 15
1670090859.152965; 335501; 15
1670090859.177965; 335526; 15
1670090859.202970; 335551; 14
1670090859.227970; 335576; 14
1670090859.252970; 335601; 14
1670090859.277970; 335626; 14
1670090859.302970; 335651; 14
1670090859.327970; 335676; 14
1670090859.352970; 335701; 14
1670090859.377970; 335726; 14
1670090859.402970; 335751; 14
1670090859.427970; 335776; 14
1670090859.452970; 335801; 14
1670090859.477970; 335826; 14
1670090859.502970; 335851; 14
1670090859.527995; 335876; 14
1670090859.552965; 335901; 14
1670090859.577965; 335926; 14
1670090859.602965; 335951; 14
1670090859.627965; 335976; 14
1670090859.652965; 336001; 14
1670090859.677965; 336026; 14
1670090859.702965; 336051; 14
1670090859.727977; 336076; 14
1670090859.752971; 336101; 14
1670090859.777970; 336126; 14
1670090859.802970; 336151; 14
1670090859.827970; 336176; 14
1670090859.852970; 336201; 14
1670090859.877970; 336226; 14
1670090859.902970; 336251; 14
1670090859.927970; 336276; 14
1670090859.952965; 336301; 14
1670090859.977965; 336326; 14
1670090860.002965; 336351; 14
1670090860.027972; 336376; 14
1670090860.052972; 336401; 14
1670090860.077972; 336426; 14
1670090860.102972; 336451; 14
1670090860.127965; 336476; 14
1670090860.152970; 336501; 14
1670090860.177970; 336526; 14
1670090860.202970; 336551; 14
1670090860.227970; 336576; 14
1670090860.252970; 336601; 14
1670090860.277970; 336626; 14
1670090860.302970; 336651; 14
1670090860.327970; 336676; 14
1670090860.352970; 336701; 14
1670090860.377970; 336726; 14
1670090860.402970; 336751; 14
1670090860.427970; 336776; 14
1670090860.452970; 336801; 14
1670090860.477970; 336826; 14
1670090860.502970; 336851; 14
1670090860.527970; 336876; 14
1670090860.552965; 336901; 14
1670090860.577965; 336926; 14
1670090860.602965; 336951; 14
1670090860.627965; 336976; 14
1670090860.652965; 337001; 14
1670090860.677965; 337026; 14
1670090860.702965; 337051; 14
1670090860.727965; 337076; 14
1670090860.752972; 337101; 14
1670090860.777965; 337126; 14
1670090860.802965; 337151; 14
1670090860.827965; 337176; 14
1670090860.852965; 337201; 14
1670090860.877965; 337226; 14
1670090860.902965; 337251; 14
1670090860.927965; 337276; 14
1670090860.952965; 337301; 14
1670090860.977970; 337326; 14
1670090861.002970; 337351; 14
1670090861.027966; 337376; 14
1670090861.052966; 337401; 14
1670090861.077966; 337426; 14
1670090861.102966; 337451; 14
1670090861.127965; 337476; 14
1670090861.152965; 337501; 14
1670090861.177965; 337526; 14
1670090861.202965; 337551; 14
1670090861.227970; 337576; 14
1670090861.252970; 337601; 14
1670090861.277970; 337626; 14
1670090861.302970; 337651; 14
1670090861.327970; 337676; 14
1670090861.352970; 337701; 14
1670090861.377971; 337726; 14
1670090861.402971; 337751; 14
1670090861.427970; 337776; 14
1670090861.452970; 337801; 14
1670090861.477971; 337826; 14
1670090861.502971; 337851; 14
1670090861.527970; 337876; 14
1670090861.552970; 337901; 14
1670090861.577970; 337926; 14
1670090861.602979; 337951; 14
1670090861.627966; 337976; 14
1670090861.652965; 338001; 14
1670090861.677965; 338026; 14
1670090861.702970; 338051; 14
1670090861.727970; 338076; 14
1670090861.752970; 338101; 14
1670090861.777970; 338126; 14
1670090861.802970; 338151; 14
1670090861.827970; 338176; 14
1670090861.852970; 338201; 15
1670090861.877970; 338226; 15
1670090861.902970; 338251; 15
1670090861.927970; 338276; 15
1670090861.952970; 338301; 15
1670090861.977971; 338326; 14
1670090862.002965; 338351; 14
1670090862.027972; 338376; 14
1670090862.052972; 338401; 14
1670090862.077972; 338426; 14
1670090862.102966; 338451; 14
1670090862.127965; 338476; 14
1670090862.152965; 338501; 14
1670090862.177965; 338526; 14
1670090862.202970; 338551; 14
1670090862.227970; 338576; 14
1670090862.252970; 338601; 14
1670090862.277970; 338626; 14
1670090862.302970; 338651; 14
1670090862.327970; 338676; 14
1670090862.352971; 338701; 14
1670090862.377971; 338726; 14
1670090862.402965; 338751; 14
1670090862.427965; 338776; 14
1670090862.452965; 338801; 14
1670090862.477965; 338826; 14
1670090862.502965; 338851; 14
1670090862.527965; 338876; 14
1670090862.552965; 338901; 14
1670090862.577965; 338926; 14
1670090862.602970; 338951; 14
1670090862.627970; 338976; 14
1670090862.652970; 339001; 14
1670090862.677970; 339026; 14
1670090862.702965; 339051; 14
1670090862.727965; 339076; 14
1670090862.752965; 339101; 14
1670090862.777965; 339126; 15
1670090862.802965; 339151; 15
1670090862.827965; 339176; 15
1670090862.852969; 339201; 15
1670090862.877970; 339226; 14
1670090862.902970; 339251; 14
1670090862.927970; 339276; 14
1670090862.952970; 339301; 14
1670090862.977970; 339326; 14
1670090863.002970; 339351; 14
1670090863.027967; 339376; 14
1670090863.052966; 339401; 14
1670090863.077967; 339426; 14
1670090863.102966; 339451; 14
1670090863.127965; 339476; 14
1670090863.152965; 339501; 14
1670090863.177965; 339526; 14
1670090863.202970; 339551; 14
1670090863.227970; 339576; 14
1670090863.252970; 339601; 14
1670090863.277970; 339626; 14
1670090863.302970; 339651; 14
1670090863.327970; 339676; 14
1670090863.352970; 339701; 14
1670090863.377970; 339726; 14
1670090863.402970; 339751; 14
1670090863.427965; 339776; 14
1670090863.452965; 339801; 14
1670090863.477965; 339826; 14
1670090863.502965; 339851; 14
1670090863.527965; 339876; 14
1670090863.552965; 339901; 14
1670090863.577965; 339926; 14
1670090863.602965; 339951; 14
1670090863.627965; 339976; 14
1670090863.652965; 340001; 14
1670090863.677965; 340026; 14
1670090863.702965; 340051; 14
1670090863.727965; 340076; 14
1670090863.752965; 340101; 14
1670090863.777965; 340126; 14
1670090863.802965; 340151; 14
1670090863.827970; 340176; 14
1670090863.852965; 340201; 14
1670090863.877965; 340226; 14
1670090863.902965; 340251; 14
1670090863.927965; 340276; 14
1670090863.952965; 340301; 14
1670090863.977965; 340326; 14
1670090864.002965; 340351; 14
1670090864.027972; 340376; 14
1670090864.052972; 340401; 14
1670090864.077972; 340426; 14
1670090864.102972; 340451; 14
1670090864.127965; 340476; 14
1670090864.152965; 340501; 14
1670090864.177965; 340526; 14
1670090864.202971; 340551; 14
1670090864.227970; 340576; 14
1670090864.252971; 340601; 14
1670090864.277971; 340626; 14
1670090864.302965; 340651; 14
1670090864.327965; 340676; 14
1670090864.352965; 340701; 14
1670090864.377966; 340726; 14
1670090864.402965; 340751; 14
1670090864.427965; 340776; 14
1670090864.452970; 340801; 14
1670090864.477970; 340826; 14
1670090864.502970; 340851; 14
1670090864.527970; 340876; 14
1670090864.552971; 340901; 14
1670090864.577970; 340926; 14
1670090864.602971; 340951; 14
1670090864.627971; 340976; 14
1670090864.652970; 341001; 14
1670090864.677971; 341026; 14
1670090864.702965; 341051; 14
1670090864.727965; 341076; 14
1670090864.752965; 341101; 14
1670090864.777971; 341126; 14
1670090864.802965; 341151; 14
1670090864.827965; 341176; 14
1670090864.852971; 341201; 14
1670090864.877971; 341226; 14
1670090864.902974; 341251; 14
1670090864.927972; 341276; 14
1670090864.952965; 341301; 14
1670090864.977965; 341326; 14
1670090865.002965; 341351; 14
1670090865.027972; 341376; 14
1670090865.052997; 341401; 14
1670090865.077967; 341426; 14
1670090865.102967; 341451; 14
1670090865.127971; 341476; 14
1670090865.152971; 341501; 14
1670090865.177971; 341526; 14
1670090865.202971; 341551; 14
1670090865.227965; 341576; 14
1670090865.252965; 341601; 14
1670090865.277965; 341626; 14
1670090865.302965; 341651; 14
1670090865.327965; 341676; 14
1670090865.352965; 341701; 14
1670090865.377965; 341726; 14
1670090865.402965; 341751; 14
1670090865.427965; 341776; 14
1670090865.452965; 341801; 14
1670090865.477965; 341826; 14
1670090865.502965; 341851; 14
1670090865.527965; 341876; 14
1670090865.552965; 341901; 14
1670090865.577971; 341926; 14
1670090865.602971; 341951; 14
1670090865.627971; 341976; 14
1670090865.652971; 342001; 14
1670090865.677971; 342026; 14
1670090865.702965; 342051; 14
1670090865.727965; 342076; 14
1670090865.752965; 342101; 14
1670090865.777965; 342126; 14
1670090865.802965; 342151; 14
1670090865.827971; 342176; 14
1670090865.852971; 342201; 14
1670090865.877965; 342226; 14
1670090865.902965; 342251; 14
1670090865.927965; 342276; 14
1670090865.952965; 342301; 14
1670090865.977965; 342326; 14
1670090866.002965; 342351; 14
1670090866.027972; 342376; 14
1670090866.052972; 342401; 14
1670090866.077967; 342426; 14
1670090866.102966; 342451; 14
1670090866.127965; 342476; 14
1670090866.152965; 342501; 14
1670090866.177965; 342526; 14
1670090866.202971; 342551; 14
1670090866.227971; 342576; 14
1670090866.252971; 342601; 14
1670090866.277971; 342626; 14
1670090866.302971; 342651; 14
1670090866.327971; 342676; 14
1670090866.352971; 342701; 14
1670090866.377971; 342726; 14
1670090866.402971; 342751; 14
1670090866.427971; 342776; 14
1670090866.452971; 342801; 14
1670090866.477971; 342826; 14
1670090866.502965; 342851; 14
1670090866.527965; 342876; 14
1670090866.552965; 342901; 14
1670090866.577965; 342926; 14
1670090866.602965; 342951; 14
1670090866.627965; 342976; 14
1670090866.652965; 343001; 14
1670090866.677965; 343026; 14
1670090866.702971; 343051; 14
1670090866.727970; 343076; 14
1670090866.752971; 343101; 14
1670090866.777971; 343126; 14
1670090866.802971; 343151; 14
1670090866.827971; 343176; 14
1670090866.852970; 343201; 14
1670090866.877971; 343226; 14
1670090866.902971; 343251; 14
1670090866.927971; 343276; 14
1670090866.952970; 343301; 14
1670090866.977971; 343326; 14
1670090867.002971; 343351; 14
1670090867.027966; 343376; 14
1670090867.052966; 343401; 14
1670090867.077967; 343426; 14
1670090867.102974; 343451; 14
1670090867.127965; 343476; 14
1670090867.152965; 343501; 14
1670090867.177965; 343526; 14
1670090867.202971; 343551; 14
1670090867.227971; 343576; 14
1670090867.252971; 343601; 14
1670090867.277970; 343626; 14
1670090867.302971; 343651; 14
1670090867.327965; 343676; 14
1670090867.352965; 343701; 14
1670090867.377965; 343726; 14
1670090867.402965; 343751; 14
1670090867.427965; 343776; 14
1670090867.452965; 343801; 14
1670090867.477965; 343826; 14
1670090867.502965; 343851; 14
1670090867.527965; 343876; 14
1670090867.552965; 343901; 14
1670090867.577965; 343926; 14
1670090867.602965; 343951; 14
1670090867.627965; 343976; 14
1670090867.652965; 344001; 14
1670090867.677965; 344026; 14
1670090867.702971; 344051; 14
1670090867.727971; 344076; 14
1670090867.752970; 344101; 14
1670090867.777971; 344126; 14
1670090867.802971; 344151; 14
1670090867.827971; 344176; 14
1670090867.852971; 344201; 14
1670090867.877970; 344226; 14
1670090867.902970; 344251; 14
1670090867.927970; 344276; 14
1670090867.952971; 344301; 14
1670090867.977971; 344326; 14
1670090868.002971; 344351; 14
1670090868.027966; 344376; 14
1670090868.052967; 344401; 14
1670090868.077966; 344426; 14
1670090868.102966; 344451; 14
1670090868.127965; 344476; 14
1670090868.152965; 344501; 14
1670090868.177965; 344526; 14
1670090868.202973; 344551; 14
1670090868.227972; 344576; 14
1670090868.252965; 344601; 14
1670090868.277965; 344626; 14
1670090868.302965; 344651; 14
1670090868.327965; 344676; 14
1670090868.352965; 344701; 14
1670090868.377965; 344726; 14
1670090868.402971; 344751; 14
1670090868.427971; 344776; 14
1670090868.452971; 344801; 14
1670090868.477971; 344826; 14
1670090868.502971; 344851; 14
1670090868.527971; 344876; 14
1670090868.552965; 344901; 14
1670090868.577965; 344926; 14
1670090868.602965; 344951; 14
1670090868.627965; 344976; 14
1670090868.652965; 345001; 14
1670090868.677965; 345026; 14
1670090868.702971; 345051; 14
1670090868.727970; 345076; 14
1670090868.752965; 345101; 14
1670090868.777965; 345126; 14
1670090868.802965; 345151; 14
1670090868.827965; 345176; 14
1670090868.852965; 345201; 14
1670090868.877965; 345226; 14
1670090868.902965; 345251; 14
1670090868.927965; 345276; 14
1670090868.952971; 345301; 14
1670090868.977971; 345326; 14
1670090869.002971; 345351; 14
1670090869.027966; 345376; 14
1670090869.052972; 345401; 14
1670090869.077972; 345426; 14
1670090869.102972; 345451; 14
1670090869.127965; 345476; 14
1670090869.152965; 345501; 14
1670090869.177965; 345526; 14
1670090869.202970; 345551; 14
1670090869.227971; 345576; 14
1670090869.252970; 345601; 14
1670090869.277971; 345626; 14
1670090869.302988; 345651; 14
1670090869.327971; 345676; 14
1670090869.352971; 345701; 14
1670090869.377971; 345726; 14
1670090869.402971; 345751; 14
1670090869.427970; 345776; 14
1670090869.452971; 345801; 14
1670090869.477971; 345826; 14
1670090869.502971; 345851; 14
1670090869.527971; 345876; 14
1670090869.552971; 345901; 14
1670090869.577971; 345926; 14
1670090869.602971; 345951; 14
1670090869.627971; 345976; 14
1670090869.652971; 346001; 14
1670090869.677971; 346026; 14
1670090869.702970; 346051; 14
1670090869.727971; 346076; 14
1670090869.752971; 346101; 14
1670090869.777971; 346126; 14
1670090869.802970; 346151; 14
1670090869.827971; 346176; 14
1670090869.852971; 346201; 14
1670090869.877971; 346226; 14
1670090869.902971; 346251; 14
1670090869.927971; 346276; 14
1670090869.952971; 346301; 14
1670090869.977971; 346326; 14
1670090870.002971; 346351; 14
1670090870.027966; 346376; 14
1670090870.052967; 346401; 14
1670090870.077972; 346426; 14
1670090870.102972; 346451; 14
1670090870.127965; 346476; 14
1670090870.152965; 346501; 14
1670090870.177965; 346526; 14
1670090870.202965; 346551; 14
1670090870.227965; 346576; 14
1670090870.252965; 346601; 14
1670090870.277965; 346626; 14
1670090870.302965; 346651; 14
1670090870.327972; 346676; 14
1670090870.352965; 346701; 14
1670090870.377967; 346726; 14
1670090870.402965; 346751; 14
1670090870.427965; 346776; 14
1670090870.452965; 346801; 14
1670090870.477965; 346826; 14
1670090870.502965; 346851; 14
1670090870.527965; 346876; 14
1670090870.552965; 346901; 14
1670090870.577966; 346926; 14
1670090870.602965; 346951; 14
1670090870.627965; 346976; 14
1670090870.652965; 347001; 14
1670090870.677965; 347026; 14
1670090870.702971; 347051; 14
1670090870.727971; 347076; 14
1670090870.752970; 347101; 14
1670090870.777971; 347126; 14
1670090870.802971; 347151; 14
1670090870.827971; 347176; 14
1670090870.852971; 347201; 14
1670090870.877971; 347226; 14
1670090870.902971; 347251; 14
1670090870.927971; 347276; 14
1670090870.952971; 347301; 14
1670090870.977971; 347326; 14
1670090871.002965; 347351; 14
1670090871.027972; 347376; 14
1670090871.052972; 347401; 14
1670090871.077972; 347426; 14
1670090871.102966; 347451; 14
1670090871.127965; 347476; 14
1670090871.152965; 347501; 14
1670090871.177965; 347526; 14
1670090871.202965; 347551; 14
1670090871.227965; 347576; 14
1670090871.252965; 347601; 14
1670090871.277965; 347626; 14
1670090871.302965; 347651; 14
1670090871.327971; 347676; 14
1670090871.352970; 347701; 14
1670090871.377971; 347726; 14
1670090871.402970; 347751; 14
1670090871.427971; 347776; 14
1670090871.452971; 347801; 14
1670090871.477970; 347826; 14
1670090871.502974; 347851; 14
1670090871.527972; 347876; 14
1670090871.552965; 347901; 14
1670090871.577965; 347926; 14
1670090871.602965; 347951; 14
1670090871.627965; 347976; 14
1670090871.652965; 348001; 14
1670090871.677971; 348026; 14
1670090871.702965; 348051; 14
1670090871.727965; 348076; 14
1670090871.752965; 348101; 14
1670090871.777965; 348126; 14
1670090871.802965; 348151; 14
1670090871.827971; 348176; 14
1670090871.852971; 348201; 14
1670090871.877971; 348226; 14
1670090871.902971; 348251; 14
1670090871.927965; 348276; 14
1670090871.952965; 348301; 14
1670090871.977965; 348326; 14
1670090872.002965; 348351; 14
1670090872.027966; 348376; 14
1670090872.052967; 348401; 14
1670090872.077967; 348426; 14
1670090872.102967; 348451; 14
1670090872.127965; 348476; 14
1670090872.152965; 348501; 14
1670090872.177965; 348526; 14
1670090872.202966; 348551; 14
1670090872.227971; 348576; 14
1670090872.252971; 348601; 14
1670090872.277971; 348626; 14
1670090872.302970; 348651; 14
1670090872.327971; 348676; 14
1670090872.352971; 348701; 14
1670090872.377971; 348726; 14
1670090872.402971; 348751; 14
1670090872.427965; 348776; 14
1670090872.452965; 348801; 14
1670090872.477973; 348826; 14
1670090872.502965; 348851; 14
1670090872.527965; 348876; 14
1670090872.552965; 348901; 14
1670090872.577965; 348926; 14
1670090872.602965; 348951; 14
1670090872.627965; 348976; 14
1670090872.652971; 349001; 14
1670090872.677971; 349026; 14
1670090872.702965; 349051; 14
1670090872.727965; 349076; 14
1670090872.752971; 349101; 14
1670090872.777971; 349126; 14
1670090872.802971; 349151; 14
1670090872.827971; 349176; 14
1670090872.852965; 349201; 14
1670090872.877965; 349226; 14
1670090872.902965; 349251; 14
1670090872.927965; 349276; 14
1670090872.952965; 349301; 14
1670090872.977965; 349326; 14
1670090873.002965; 349351; 14
1670090873.027972; 349376; 14
1670090873.052967; 349401; 14
1670090873.077966; 349426; 14
1670090873.102966; 349451; 14
1670090873.127965; 349476; 14
1670090873.152965; 349501; 14
1670090873.177965; 349526; 14
1670090873.202965; 349551; 14
1670090873.227965; 349576; 14
1670090873.252965; 349601; 14
1670090873.277965; 349626; 14
1670090873.302965; 349651; 14
1670090873.327965; 349676; 14
1670090873.352965; 349701; 14
1670090873.377966; 349726; 14
1670090873.402965; 349751; 14
1670090873.427965; 349776; 14
1670090873.452970; 349801; 14
1670090873.477970; 349826; 14
1670090873.502970; 349851; 14
1670090873.527971; 349876; 14
1670090873.552971; 349901; 14
1670090873.577971; 349926; 14
1670090873.602970; 349951; 14
1670090873.627970; 349976; 14
1670090873.652970; 350001; 14
1670090873.677965; 350026; 14
1670090873.702971; 350051; 14
1670090873.727970; 350076; 14
1670090873.752970; 350101; 14
1670090873.777966; 350126; 14
1670090873.802965; 350151; 14
1670090873.827965; 350176; 14
1670090873.852965; 350201; 14
1670090873.877965; 350226; 14
1670090873.902965; 350251; 14
1670090873.927965; 350276; 14
1670090873.952965; 350301; 14
1670090873.977965; 350326; 14
1670090874.002965; 350351; 14
1670090874.027972; 350376; 14
1670090874.052972; 350401; 14
1670090874.077967; 350426; 14
1670090874.102966; 350451; 14
1670090874.127965; 350476; 14
1670090874.152965; 350501; 14
1670090874.177965; 350526; 14
1670090874.202971; 350551; 14
1670090874.227971; 350576; 14
1670090874.252971; 350601; 14
1670090874.277971; 350626; 14
1670090874.302971; 350651; 14
1670090874.327971; 350676; 14
1670090874.352971; 350701; 14
1670090874.377971; 350726; 14
1670090874.402971; 350751; 14
1670090874.427971; 350776; 14
1670090874.452971; 350801; 14
1670090874.477970; 350826; 14
1670090874.502971; 350851; 14
1670090874.527971; 350876; 14
1670090874.552971; 350901; 14
1670090874.577971; 350926; 14
1670090874.602971; 350951; 14
1670090874.627971; 350976; 14
1670090874.652971; 351001; 14
1670090874.677971; 351026; 14
1670090874.702971; 351051; 14
1670090874.727970; 351076; 14
1670090874.752971; 351101; 14
1670090874.777971; 351126; 14
1670090874.802979; 351151; 14
1670090874.827966; 351176; 14
1670090874.852965; 351201; 14
1670090874.877965; 351226; 14
1670090874.902965; 351251; 14
1670090874.927965; 351276; 14
1670090874.952971; 351301; 14
1670090874.977971; 351326; 14
1670090875.002971; 351351; 14
1670090875.027966; 351376; 14
1670090875.052967; 351401; 14
1670090875.077966; 351426; 14
1670090875.102967; 351451; 14
1670090875.127971; 351476; 14
1670090875.152971; 351501; 15
1670090875.177971; 351526; 15
1670090875.202971; 351551; 15
1670090875.227971; 351576; 15
1670090875.252971; 351601; 14
1670090875.277971; 351626; 14
1670090875.302971; 351651; 14
1670090875.327971; 351676; 14
1670090875.352971; 351701; 14
1670090875.377971; 351726; 14
1670090875.402971; 351751; 14
1670090875.427971; 351776; 14
1670090875.452965; 351801; 14
1670090875.477965; 351826; 14
1670090875.502991; 351851; 14
1670090875.527965; 351876; 14
1670090875.552965; 351901; 14
1670090875.577965; 351926; 14
1670090875.602965; 351951; 14
1670090875.627965; 351976; 14
1670090875.652965; 352001; 14
1670090875.677965; 352026; 14
1670090875.703000; 352051; 14
1670090875.727965; 352076; 14
1670090875.752965; 352101; 14
1670090875.777965; 352126; 14
1670090875.802965; 352151; 14
1670090875.827966; 352176; 14
1670090875.852965; 352201; 14
1670090875.877965; 352226; 14
1670090875.902965; 352251; 14
1670090875.927971; 352276; 14
1670090875.952971; 352301; 14
1670090875.977971; 352326; 14
1670090876.002971; 352351; 14
1670090876.027972; 352376; 14
1670090876.052972; 352401; 14
1670090876.077972; 352426; 14
1670090876.102972; 352451; 14
1670090876.127970; 352476; 14
1670090876.152971; 352501; 14
1670090876.177970; 352526; 14
1670090876.202965; 352551; 14
1670090876.227971; 352576; 14
1670090876.252971; 352601; 14
1670090876.277971; 352626; 14
1670090876.302971; 352651; 14
1670090876.327971; 352676; 14
1670090876.352971; 352701; 14
1670090876.377971; 352726; 14
1670090876.402971; 352751; 14
1670090876.427971; 352776; 14
1670090876.452971; 352801; 14
1670090876.477971; 352826; 14
1670090876.502971; 352851; 14
1670090876.527965; 352876; 14
1670090876.552965; 352901; 14
1670090876.577965; 352926; 14
1670090876.602965; 352951; 14
1670090876.627965; 352976; 14
1670090876.652965; 353001; 14
1670090876.677965; 353026; 14
1670090876.702965; 353051; 14
1670090876.727975; 353076; 14
1670090876.752971; 353101; 14
1670090876.777971; 353126; 14
1670090876.802971; 353151; 14
1670090876.827971; 353176; 14
1670090876.852971; 353201; 14
1670090876.877971; 353226; 14
1670090876.902971; 353251; 14
1670090876.927971; 353276; 14
1670090876.952971; 353301; 14
1670090876.977970; 353326; 15
1670090877.002965; 353351; 15
1670090877.027972; 353376; 15
1670090877.052972; 353401; 15
1670090877.077972; 353426; 14
1670090877.102972; 353451; 14
1670090877.127965; 353476; 14
1670090877.152965; 353501; 14
1670090877.177965; 353526; 14
1670090877.202971; 353551; 14
1670090877.227971; 353576; 14
1670090877.252971; 353601; 14
1670090877.277971; 353626; 14
1670090877.302971; 353651; 14
1670090877.327971; 353676; 14
1670090877.352971; 353701; 14
1670090877.377971; 353726; 14
1670090877.402971; 353751; 14
1670090877.427971; 353776; 14
1670090877.452971; 353801; 14
1670090877.477984; 353826; 14
1670090877.502965; 353851; 15
1670090877.527971; 353876; 15
1670090877.552965; 353901; 15
1670090877.577965; 353926; 15
1670090877.602965; 353951; 14
1670090877.627965; 353976; 14
1670090877.652965; 354001; 14
1670090877.677965; 354026; 14
1670090877.702971; 354051; 14
1670090877.727970; 354076; 14
1670090877.752966; 354101; 14
1670090877.777966; 354126; 14
1670090877.802971; 354151; 14
1670090877.827965; 354176; 14
1670090877.852965; 354201; 14
1670090877.877965; 354226; 14
1670090877.902974; 354251; 15
1670090877.927965; 354276; 15
1670090877.952965; 354301; 15
1670090877.977965; 354326; 15
1670090878.002965; 354351; 14
1670090878.027972; 354376; 14
1670090878.052972; 354401; 14
1670090878.077972; 354426; 14
1670090878.102975; 354451; 14
1670090878.127972; 354476; 14
1670090878.152965; 354501; 14
1670090878.177971; 354526; 14
1670090878.202965; 354551; 14
1670090878.227965; 354576; 14
1670090878.252965; 354601; 14
1670090878.277965; 354626; 14
1670090878.302965; 354651; 14
1670090878.327965; 354676; 14
1670090878.352965; 354701; 14
1670090878.377970; 354726; 14
1670090878.402971; 354751; 14
1670090878.427971; 354776; 14
1670090878.452971; 354801; 14
1670090878.477971; 354826; 14
1670090878.502971; 354851; 14
1670090878.527971; 354876; 14
1670090878.552971; 354901; 14
1670090878.577965; 354926; 14
1670090878.602965; 354951; 14
1670090878.627965; 354976; 14
1670090878.652965; 355001; 14
1670090878.677965; 355026; 14
1670090878.702965; 355051; 14
1670090878.727965; 355076; 14
1670090878.752965; 355101; 14
1670090878.777970; 355126; 14
1670090878.802971; 355151; 14
1670090878.827971; 355176; 15
1670090878.852971; 355201; 15
1670090878.877971; 355226; 15
1670090878.902970; 355251; 15
1670090878.927971; 355276; 14
1670090878.952965; 355301; 14
1670090878.977965; 355326; 14
1670090879.002965; 355351; 14
1670090879.027972; 355376; 14
1670090879.052972; 355401; 14
1670090879.077972; 355426; 14
1670090879.102972; 355451; 14
1670090879.127965; 355476; 14
1670090879.152965; 355501; 14
1670090879.177965; 355526; 14
1670090879.202970; 355551; 14
1670090879.227971; 355576; 14
1670090879.252971; 355601; 14
1670090879.277971; 355626; 14
1670090879.302970; 355651; 14
1670090879.327970; 355676; 14
1670090879.352971; 355701; 14
1670090879.377971; 355726; 14
1670090879.402965; 355751; 14
1670090879.427965; 355776; 14
1670090879.452965; 355801; 14
1670090879.477965; 355826; 14
1670090879.502965; 355851; 14
1670090879.527965; 355876; 14
1670090879.552966; 355901; 14
1670090879.577966; 355926; 14
1670090879.602971; 355951; 14
1670090879.627971; 355976; 14
1670090879.652971; 356001; 14
1670090879.677971; 356026; 14
1670090879.702968; 356051; 14
1670090879.727970; 356076; 14
1670090879.752971; 356101; 15
1670090879.777971; 356126; 15
1670090879.802965; 356151; 15
1670090879.827965; 356176; 15
1670090879.852965; 356201; 14
1670090879.877965; 356226; 14
1670090879.902965; 356251; 14
1670090879.927965; 356276; 14
1670090879.952966; 356301; 14
1670090879.977965; 356326; 14
1670090880.002969; 356351; 14
1670090880.027967; 356376; 14
1670090880.052967; 356401; 14
1670090880.077966; 356426; 14
1670090880.102967; 356451; 14
1670090880.127965; 356476; 14
1670090880.152965; 356501; 15
1670090880.177965; 356526; 15
1670090880.202971; 356551; 15
1670090880.227970; 356576; 15
1670090880.252970; 356601; 15
1670090880.277971; 356626; 15
1670090880.302971; 356651; 15
1670090880.327971; 356676; 15
1670090880.352971; 356701; 14
1670090880.377971; 356726; 14
1670090880.402971; 356751; 14
1670090880.427971; 356776; 14
1670090880.452971; 356801; 14
1670090880.477970; 356826; 14
1670090880.502970; 356851; 14
1670090880.527971; 356876; 14
1670090880.552971; 356901; 14
1670090880.577971; 356926; 14
1670090880.602970; 356951; 14
1670090880.627965; 356976; 14
1670090880.652965; 357001; 14
1670090880.677965; 357026; 15
1670090880.702971; 357051; 15
1670090880.727965; 357076; 15
1670090880.752965; 357101; 15
1670090880.777965; 357126; 14
1670090880.802965; 357151; 14
1670090880.827970; 357176; 14
1670090880.852970; 357201; 14
1670090880.877971; 357226; 14
1670090880.902970; 357251; 14
1670090880.927970; 357276; 14
1670090880.952971; 357301; 14
1670090880.977979; 357326; 14
1670090881.002971; 357351; 14
1670090881.027967; 357376; 14
1670090881.052966; 357401; 14
1670090881.077967; 357426; 14
1670090881.102966; 357451; 14
1670090881.127965; 357476; 14
1670090881.152965; 357501; 14
1670090881.177965; 357526; 15
1670090881.202965; 357551; 15
1670090881.227965; 357576; 15
1670090881.252971; 357601; 15
1670090881.277971; 357626; 14
1670090881.302971; 357651; 14
1670090881.327970; 357676; 14
1670090881.352971; 357701; 14
1670090881.377971; 357726; 14
1670090881.402979; 357751; 14
1670090881.427966; 357776; 14
1670090881.452971; 357801; 14
1670090881.477971; 357826; 14
1670090881.502965; 357851; 14
1670090881.527965; 357876; 14
1670090881.552965; 357901; 14
1670090881.577965; 357926; 15
1670090881.602965; 357951; 15
1670090881.627965; 357976; 15
1670090881.652965; 358001; 15
1670090881.677965; 358026; 14
1670090881.702971; 358051; 14
1670090881.727971; 358076; 14
1670090881.752971; 358101; 14
1670090881.777971; 358126; 14
1670090881.802971; 358151; 14
1670090881.827971; 358176; 14
1670090881.852965; 358201; 14
1670090881.877965; 358226; 14
1670090881.902965; 358251; 14
1670090881.927965; 358276; 14
1670090881.952966; 358301; 14
1670090881.977965; 358326; 14
1670090882.002965; 358351; 15
1670090882.027972; 358376; 15
1670090882.052974; 358401; 15
1670090882.077967; 358426; 15
1670090882.102967; 358451; 15
1670090882.127971; 358476; 15
1670090882.152971; 358501; 15
1670090882.177965; 358526; 15
1670090882.202965; 358551; 15
1670090882.227966; 358576; 15
1670090882.252965; 358601; 15
1670090882.277970; 358626; 15
1670090882.302971; 358651; 15
1670090882.327970; 358676; 15
1670090882.352971; 358701; 15
1670090882.377971; 358726; 15
1670090882.402971; 358751; 15
1670090882.427971; 358776; 15
1670090882.452971; 358801; 15
1670090882.477965; 358826; 15
1670090882.502965; 358851; 15
1670090882.527965; 358876; 15
1670090882.552965; 358901; 15
1670090882.577965; 358926; 15
1670090882.602965; 358951; 15
1670090882.627965; 358976; 15
1670090882.652965; 359001; 15
1670090882.677965; 359026; 15
1670090882.702971; 359051; 15
1670090882.727971; 359076; 15
1670090882.752971; 359101; 15
1670090882.777971; 359126; 15
1670090882.802971; 359151; 15
1670090882.827971; 359176; 15
1670090882.852970; 359201; 15
1670090882.877970; 359226; 15
1670090882.902971; 359251; 15
1670090882.927965; 359276; 16
1670090882.952965; 359301; 16
1670090882.977965; 359326; 16
1670090883.002965; 359351; 16
1670090883.027972; 359376; 16
1670090883.052972; 359401; 16
1670090883.077967; 359426; 16
1670090883.102966; 359451; 16
1670090883.127965; 359476; 16
1670090883.152965; 359501; 16
1670090883.177965; 359526; 16
1670090883.202971; 359551; 16
1670090883.227971; 359576; 16
1670090883.252971; 359601; 16
1670090883.277971; 359626; 16
1670090883.302965; 359651; 16
1670090883.327965; 359676; 16
1670090883.352965; 359701; 16
1670090883.377965; 359726; 16
1670090883.402966; 359751; 16
1670090883.427965; 359776; 17
1670090883.452965; 359801; 17
1670090883.477966; 359826; 17
1670090883.502971; 359851; 17
1670090883.527971; 359876; 17
1670090883.552971; 359901; 17
1670090883.577971; 359926; 17
1670090883.602971; 359951; 17
1670090883.627971; 359976; 17
1670090883.652971; 360001; 17
1670090883.677971; 360026; 17
1670090883.702965; 360051; 17
1670090883.727965; 360076; 17
1670090883.752965; 360101; 17
1670090883.777965; 360126; 17
1670090883.802965; 360151; 17
1670090883.827965; 360176; 18
1670090883.852965; 360201; 18
1670090883.877965; 360226; 18
1670090883.902965; 360251; 18
1670090883.927965; 360276; 18
1670090883.952970; 360301; 18
1670090883.977971; 360326; 18
1670090884.002971; 360351; 18
1670090884.027966; 360376; 20
1670090884.052966; 360401; 20
1670090884.077966; 360426; 20
1670090884.102972; 360451; 20
1670090884.127965; 360476; 20
1670090884.152965; 360501; 21
1670090884.177965; 360526; 21
1670090884.202982; 360551; 21
1670090884.227965; 360576; 21
1670090884.252968; 360601; 20
1670090884.277971; 360626; 20
1670090884.302971; 360651; 20
1670090884.327971; 360676; 20
1670090884.352971; 360701; 22
1670090884.377971; 360726; 22
1670090884.402971; 360751; 22
1670090884.427971; 360776; 22
1670090884.452971; 360801; 20
1670090884.477971; 360826; 20
1670090884.502971; 360851; 20
1670090884.527965; 360876; 20
1670090884.552965; 360901; 19
1670090884.577965; 360926; 19
1670090884.602965; 360951; 19
1670090884.627965; 360976; 19
1670090884.652965; 361001; 20
1670090884.677965; 361026; 20
1670090884.702971; 361051; 20
1670090884.727974; 361076; 20
1670090884.752972; 361101; 21
1670090884.777965; 361126; 21
1670090884.802965; 361151; 21
1670090884.827965; 361176; 21
1670090884.852965; 361201; 21
1670090884.877965; 361226; 21
1670090884.902965; 361251; 21
1670090884.927970; 361276; 21
1670090884.952971; 361301; 21
1670090884.977971; 361326; 21
1670090885.002971; 361351; 21
1670090885.027967; 361376; 21
1670090885.052967; 361401; 21
1670090885.077967; 361426; 21
1670090885.102966; 361451; 21
1670090885.127965; 361476; 21
1670090885.152965; 361501; 21
1670090885.177965; 361526; 21
1670090885.202971; 361551; 21
1670090885.227971; 361576; 21
1670090885.252971; 361601; 21
1670090885.277971; 361626; 21
1670090885.302971; 361651; 21
1670090885.327988; 361676; 21
1670090885.352971; 361701; 21
1670090885.377971; 361726; 21
1670090885.402971; 361751; 21
1670090885.427971; 361776; 21
1670090885.452971; 361801; 21
1670090885.477971; 361826; 21
1670090885.502971; 361851; 21
1670090885.527971; 361876; 21
1670090885.552971; 361901; 21
1670090885.577971; 361926; 22
1670090885.602971; 361951; 22
1670090885.627971; 361976; 22
1670090885.652971; 362001; 22
1670090885.677971; 362026; 23
1670090885.702971; 362051; 23
1670090885.727971; 362076; 23
1670090885.752965; 362101; 23
1670090885.777965; 362126; 24
1670090885.802965; 362151; 24
1670090885.827965; 362176; 24
1670090885.852965; 362201; 24
1670090885.877965; 362226; 24
1670090885.902965; 362251; 24
1670090885.927965; 362276; 24
1670090885.952965; 362301; 24
1670090885.977965; 362326; 25
1670090886.002965; 362351; 25
1670090886.027972; 362376; 25
1670090886.052967; 362401; 25
1670090886.077966; 362426; 25
1670090886.102966; 362451; 25
1670090886.127965; 362476; 25
1670090886.152965; 362501; 25
1670090886.177965; 362526; 25
1670090886.202965; 362551; 25
1670090886.227966; 362576; 25
1670090886.252965; 362601; 25
1670090886.277965; 362626; 25
1670090886.302966; 362651; 25
1670090886.327965; 362676; 25
1670090886.352976; 362701; 25
1670090886.377971; 362726; 26
1670090886.402971; 362751; 26
1670090886.427971; 362776; 26
1670090886.452971; 362801; 26
1670090886.477971; 362826; 26
1670090886.502971; 362851; 28
1670090886.527971; 362876; 28
1670090886.552971; 362901; 28
1670090886.577971; 362926; 28
1670090886.602971; 362951; 28
1670090886.627971; 362976; 28
1670090886.652971; 363001; 28
1670090886.677971; 363026; 28
1670090886.702971; 363051; 28
1670090886.727971; 363076; 28
1670090886.752971; 363101; 28
1670090886.777965; 363126; 28
1670090886.802965; 363151; 28
1670090886.827965; 363176; 28
1670090886.852965; 363201; 28
1670090886.877965; 363226; 28
1670090886.902965; 363251; 29
1670090886.927966; 363276; 29
1670090886.952965; 363301; 29
1670090886.977971; 363326; 29
1670090887.002971; 363351; 29
1670090887.027967; 363376; 29
1670090887.052966; 363401; 29
1670090887.077972; 363426; 29
1670090887.102972; 363451; 31
1670090887.127965; 363476; 31
1670090887.152965; 363501; 31
1670090887.177965; 363526; 31
1670090887.202971; 363551; 28
1670090887.227971; 363576; 28
1670090887.252971; 363601; 28
1670090887.277971; 363626; 28
1670090887.302971; 363651; 30
1670090887.327971; 363676; 30
1670090887.352965; 363701; 30
1670090887.377972; 363726; 30
1670090887.402965; 363751; 31
1670090887.427965; 363776; 31
1670090887.452965; 363801; 31
1670090887.477965; 363826; 31
1670090887.502965; 363851; 33
1670090887.527965; 363876; 33
1670090887.552965; 363901; 33
1670090887.577965; 363926; 33
1670090887.602965; 363951; 33
1670090887.627965; 363976; 31
1670090887.652965; 364001; 31
1670090887.677965; 364026; 31
1670090887.702971; 364051; 31
1670090887.727971; 364076; 21
1670090887.752971; 364101; 21
1670090887.777971; 364126; 21
1670090887.802971; 364151; 21
1670090887.827971; 364176; 20
1670090887.852971; 364201; 20
1670090887.877971; 364226; 20
1670090887.902971; 364251; 20
1670090887.927971; 364276; 19
1670090887.952971; 364301; 19
1670090887.977971; 364326; 19
1670090888.002971; 364351; 19
1670090888.027975; 364376; 19
1670090888.052967; 364401; 19
1670090888.077966; 364426; 19
1670090888.102972; 364451; 19
1670090888.127965; 364476; 18
1670090888.152965; 364501; 18
1670090888.177965; 364526; 18
1670090888.202965; 364551; 18
1670090888.227966; 364576; 18
1670090888.252965; 364601; 18
1670090888.277965; 364626; 18
1670090888.302965; 364651; 18
1670090888.327965; 364676; 19
1670090888.352971; 364701; 19
1670090888.377971; 364726; 19
1670090888.402971; 364751; 19
1670090888.427971; 364776; 23
1670090888.452971; 364801; 23
1670090888.477971; 364826; 23
1670090888.502965; 364851; 23
1670090888.527965; 364876; 22
1670090888.552966; 364901; 22
1670090888.577965; 364926; 22
1670090888.602965; 364951; 22
1670090888.627971; 364976; 21
1670090888.652971; 365001; 21
1670090888.677971; 365026; 21
1670090888.702965; 365051; 21
1670090888.727965; 365076; 21
1670090888.752965; 365101; 21
1670090888.777966; 365126; 21
1670090888.802965; 365151; 21
1670090888.827965; 365176; 21
1670090888.852965; 365201; 22
1670090888.877965; 365226; 22
1670090888.902965; 365251; 22
1670090888.927965; 365276; 22
1670090888.952965; 365301; 23
1670090888.977965; 365326; 23
1670090889.002965; 365351; 23
1670090889.027972; 365376; 23
1670090889.052972; 365401; 24
1670090889.077972; 365426; 24
1670090889.102972; 365451; 24
1670090889.127971; 365476; 24
1670090889.152971; 365501; 24
1670090889.177971; 365526; 24
1670090889.202971; 365551; 24
1670090889.227971; 365576; 24
1670090889.252971; 365601; 24
1670090889.277971; 365626; 24
1670090889.302971; 365651; 24
1670090889.327971; 365676; 24
1670090889.352971; 365701; 26
1670090889.377971; 365726; 26
1670090889.402971; 365751; 26
1670090889.427971; 365776; 26
1670090889.452971; 365801; 26
1670090889.477971; 365826; 26
1670090889.502971; 365851; 26
1670090889.527971; 365876; 26
1670090889.552971; 365901; 23
1670090889.577971; 365926; 23
1670090889.602971; 365951; 23
1670090889.627970; 365976; 23
1670090889.652971; 366001; 23
1670090889.677971; 366026; 23
1670090889.702965; 366051; 23
1670090889.727965; 366076; 23
1670090889.752966; 366101; 24
1670090889.777965; 366126; 24
1670090889.802965; 366151; 24
1670090889.827965; 366176; 24
1670090889.852971; 366201; 23
1670090889.877971; 366226; 23
1670090889.902971; 366251; 23
1670090889.927971; 366276; 23
1670090889.952971; 366301; 23
1670090889.977971; 366326; 24
1670090890.002971; 366351; 24
1670090890.027966; 366376; 24
1670090890.052972; 366401; 24
1670090890.077972; 366426; 25
1670090890.102972; 366451; 25
1670090890.127965; 366476; 25
1670090890.152965; 366501; 25
1670090890.177965; 366526; 28
1670090890.202971; 366551; 28
1670090890.227971; 366576; 28
1670090890.252971; 366601; 28
1670090890.277971; 366626; 27
1670090890.302965; 366651; 27
1670090890.327965; 366676; 27
1670090890.352965; 366701; 27
1670090890.377965; 366726; 25
1670090890.402965; 366751; 25
1670090890.427965; 366776; 25
1670090890.452970; 366801; 25
1670090890.477971; 366826; 24
1670090890.502971; 366851; 24
1670090890.527971; 366876; 24
1670090890.552971; 366901; 24
1670090890.577971; 366926; 25
1670090890.602970; 366951; 25
1670090890.627971; 366976; 25
1670090890.652974; 367001; 25
1670090890.677966; 367026; 28
1670090890.702971; 367051; 28
1670090890.727970; 367076; 28
1670090890.752971; 367101; 28
1670090890.777971; 367126; 32
1670090890.802971; 367151; 32
1670090890.827971; 367176; 32
1670090890.852971; 367201; 32
1670090890.877971; 367226; 34
1670090890.902971; 367251; 34
1670090890.927971; 367276; 34
1670090890.952971; 367301; 34
1670090890.977965; 367326; 33
1670090891.002965; 367351; 33
1670090891.027972; 367376; 33
1670090891.052972; 367401; 33
1670090891.077972; 367426; 33
1670090891.102972; 367451; 35
1670090891.127965; 367476; 35
1670090891.152965; 367501; 35
1670090891.177965; 367526; 35
1670090891.202971; 367551; 37
1670090891.227971; 367576; 37
1670090891.252971; 367601; 37
1670090891.277971; 367626; 37
1670090891.302971; 367651; 36
1670090891.327979; 367676; 36
1670090891.352966; 367701; 36
1670090891.377965; 367726; 36
1670090891.402966; 367751; 32
1670090891.427965; 367776; 32
1670090891.452965; 367801; 32
1670090891.478001; 367826; 32
1670090891.502965; 367851; 30
1670090891.527965; 367876; 30
1670090891.552965; 367901; 30
1670090891.577965; 367926; 30
1670090891.602965; 367951; 28
1670090891.627965; 367976; 28
1670090891.652965; 368001; 28
1670090891.677987; 368026; 28
1670090891.702966; 368051; 32
