1670091832.548790; 611820; 3
1670091832.573357; 611845; 3
1670091832.598359; 611870; 3
1670091832.623359; 611895; 3
1670091832.648359; 611920; 3
1670091832.673368; 611945; 3
1670091832.698360; 611970; 3
1670091832.723359; 611995; 3
1670091832.748359; 612020; 3
1670091832.773359; 612045; 3
1670091832.798355; 612070; 3
1670091832.823354; 612095; 3
1670091832.848354; 612120; 3
1670091832.873359; 612145; 3
1670091832.898361; 612170; 3
1670091832.923359; 612195; 3
1670091832.948359; 612220; 3
1670091832.973359; 612245; 3
1670091832.998364; 612270; 3
1670091833.023360; 612295; 3
1670091833.048355; 612320; 3
1670091833.073361; 612345; 3
1670091833.230351; 612501; 3
1670091833.254361; 612526; 3
1670091833.279354; 612551; 3
1670091833.304369; 612576; 3
1670091833.329364; 612601; 3
1670091833.354361; 612626; 3
1670091833.379359; 612651; 3
1670091833.404359; 612676; 3
1670091833.429364; 612701; 3
1670091833.454360; 612726; 3
1670091833.479359; 612751; 3
1670091833.504356; 612776; 3
1670091833.529354; 612801; 3
1670091833.554362; 612826; 3
1670091833.579360; 612851; 3
1670091833.604359; 612876; 3
1670091833.629359; 612901; 3
1670091833.654368; 612926; 3
1670091833.679360; 612951; 3
1670091833.704359; 612976; 3
1670091833.729359; 613001; 3
1670091833.754364; 613026; 3
1670091833.779355; 613051; 3
1670091833.804354; 613076; 3
1670091833.829354; 613101; 3
1670091833.854359; 613126; 3
1670091833.879355; 613151; 3
1670091833.904354; 613176; 3
1670091833.929359; 613201; 3
1670091833.954359; 613226; 3
1670091833.979364; 613251; 3
1670091834.004360; 613276; 3
1670091834.029355; 613301; 3
1670091834.054360; 613326; 3
1670091834.079363; 613351; 3
1670091834.104362; 613376; 3
1670091834.129359; 613401; 3
1670091834.154359; 613426; 3
1670091834.179364; 613451; 3
1670091834.204360; 613476; 3
1670091834.229359; 613501; 3
1670091834.254359; 613526; 3
1670091834.279357; 613551; 3
1670091834.304356; 613576; 3
1670091834.329354; 613601; 3
1670091834.354354; 613626; 3
1670091834.379359; 613651; 3
1670091834.404364; 613676; 3
1670091834.429360; 613701; 3
1670091834.454359; 613726; 3
1670091834.479359; 613751; 3
1670091834.504368; 613776; 3
1670091834.529355; 613801; 3
1670091834.554359; 613826; 3
1670091834.579359; 613851; 3
1670091834.604364; 613876; 3
1670091834.629361; 613901; 3
1670091834.654359; 613926; 3
1670091834.679359; 613951; 3
1670091834.704359; 613976; 3
1670091834.729364; 614001; 3
1670091834.754355; 614026; 3
1670091834.779354; 614051; 3
1670091834.804354; 614076; 3
1670091834.829359; 614101; 3
1670091834.854355; 614126; 3
1670091834.879354; 614151; 3
1670091834.904354; 614176; 3
1670091834.929362; 614201; 3
1670091834.954360; 614226; 3
1670091834.979359; 614251; 4
1670091835.004359; 614276; 4
1670091835.029365; 614301; 4
1670091835.054356; 614326; 4
1670091835.079360; 614351; 3
1670091835.104355; 614376; 3
1670091835.129354; 614401; 3
1670091835.154359; 614426; 3
1670091835.179355; 614451; 3
1670091835.204359; 614476; 3
1670091835.229359; 614501; 3
1670091835.254364; 614526; 3
1670091835.279355; 614551; 4
1670091835.304354; 614576; 4
1670091835.329354; 614601; 4
1670091835.354367; 614626; 4
1670091835.379360; 614651; 4
1670091835.404359; 614676; 4
1670091835.429359; 614701; 4
1670091835.454364; 614726; 4
1670091835.479360; 614751; 4
1670091835.504359; 614776; 4
1670091835.529359; 614801; 4
1670091835.554354; 614826; 4
1670091835.579364; 614851; 4
1670091835.604355; 614876; 4
1670091835.629354; 614901; 4
1670091835.654354; 614926; 4
1670091835.679359; 614951; 4
1670091835.704355; 614976; 4
1670091835.729354; 615001; 4
1670091835.754354; 615026; 4
1670091835.779362; 615051; 4
1670091835.804355; 615076; 4
1670091835.829354; 615101; 4
1670091835.854354; 615126; 4
1670091835.879363; 615151; 4
1670091835.904362; 615176; 4
1670091835.929354; 615201; 4
1670091835.954354; 615226; 4
1670091835.979354; 615251; 4
1670091836.004359; 615276; 4
1670091836.029356; 615301; 4
1670091836.054360; 615326; 4
1670091836.079355; 615351; 4
1670091836.104365; 615376; 4
1670091836.129355; 615401; 4
1670091836.154354; 615426; 4
1670091836.179354; 615451; 4
1670091836.204362; 615476; 4
1670091836.229355; 615501; 4
1670091836.254354; 615526; 4
1670091836.279354; 615551; 4
1670091836.304354; 615576; 4
1670091836.329359; 615601; 4
1670091836.354355; 615626; 4
1670091836.379354; 615651; 4
1670091836.404354; 615676; 4
1670091836.429359; 615701; 4
1670091836.454355; 615726; 4
1670091836.479354; 615751; 4
1670091836.504354; 615776; 5
1670091836.529359; 615801; 5
1670091836.554355; 615826; 5
1670091836.579354; 615851; 5
1670091836.604354; 615876; 5
1670091836.629368; 615901; 5
1670091836.654360; 615926; 5
1670091836.679359; 615951; 5
1670091836.704359; 615976; 5
1670091836.729359; 616001; 5
1670091836.754364; 616026; 5
1670091836.779355; 616051; 5
1670091836.804359; 616076; 5
1670091836.829359; 616101; 6
1670091836.854359; 616126; 6
1670091836.879355; 616151; 6
1670091836.904354; 616176; 6
1670091836.929354; 616201; 6
1670091836.954359; 616226; 6
1670091836.979355; 616251; 6
1670091837.004354; 616276; 6
1670091837.029355; 616301; 7
1670091837.054369; 616326; 7
1670091837.079356; 616351; 7
1670091837.104360; 616376; 7
1670091837.129354; 616401; 7
1670091837.154354; 616426; 7
1670091837.179359; 616451; 7
1670091837.204361; 616476; 7
1670091837.229359; 616501; 9
1670091837.254354; 616526; 9
1670091837.279359; 616551; 9
1670091837.304355; 616576; 9
1670091837.329354; 616601; 11
1670091837.354354; 616626; 11
1670091837.379359; 616651; 11
1670091837.404360; 616676; 11
1670091837.429354; 616701; 13
1670091837.454354; 616726; 13
1670091837.479362; 616751; 13
1670091837.504361; 616776; 13
1670091837.529354; 616801; 12
1670091837.554354; 616826; 12
1670091837.579359; 616851; 12
1670091837.604383; 616876; 12
1670091837.629354; 616901; 11
1670091837.654354; 616926; 11
1670091837.679354; 616951; 11
1670091837.704359; 616976; 11
1670091837.729355; 617001; 10
1670091837.754354; 617026; 10
1670091837.779354; 617051; 10
1670091837.804372; 617076; 10
1670091837.829361; 617101; 10
1670091837.854354; 617126; 10
1670091837.879354; 617151; 10
1670091837.904368; 617176; 10
1670091837.929355; 617201; 10
1670091837.954359; 617226; 8
1670091837.979359; 617251; 8
1670091838.004364; 617276; 8
1670091838.029362; 617301; 8
1670091838.054355; 617326; 6
1670091838.079355; 617351; 6
1670091838.104365; 617376; 6
1670091838.129355; 617401; 6
1670091838.154354; 617426; 4
1670091838.179354; 617451; 4
1670091838.204354; 617476; 4
1670091838.229359; 617501; 4
1670091838.254355; 617526; 4
1670091838.279354; 617551; 4
1670091838.304354; 617576; 4
1670091838.329368; 617601; 4
1670091838.354360; 617626; 4
1670091838.379359; 617651; 4
1670091838.404359; 617676; 4
1670091838.429359; 617701; 4
1670091838.454355; 617726; 5
1670091838.479354; 617751; 5
1670091838.504354; 617776; 5
1670091838.529359; 617801; 5
1670091838.554355; 617826; 5
1670091838.579354; 617851; 5
1670091838.604354; 617876; 5
1670091838.629360; 617901; 5
1670091838.654364; 617926; 5
1670091838.679361; 617951; 5
1670091838.704359; 617976; 5
1670091838.729359; 618001; 5
1670091838.754362; 618026; 5
1670091838.779355; 618051; 5
1670091838.804354; 618076; 5
1670091838.829361; 618101; 5
1670091838.854364; 618126; 5
1670091838.879381; 618151; 5
1670091838.904354; 618176; 5
1670091838.929354; 618201; 5
1670091838.954359; 618226; 5
1670091838.979355; 618251; 6
1670091839.004354; 618276; 6
1670091839.029355; 618301; 6
1670091839.054355; 618326; 6
1670091839.079365; 618351; 6
1670091839.104356; 618376; 6
1670091839.129359; 618401; 6
1670091839.154359; 618426; 6
1670091839.179362; 618451; 7
1670091839.204355; 618476; 7
1670091839.229354; 618501; 7
1670091839.254359; 618526; 7
1670091839.279359; 618551; 8
1670091839.304360; 618576; 8
1670091839.329359; 618601; 8
1670091839.354359; 618626; 8
1670091839.379357; 618651; 10
1670091839.404356; 618676; 10
1670091839.429359; 618701; 10
1670091839.454359; 618726; 10
1670091839.479359; 618751; 13
1670091839.504359; 618776; 13
1670091839.529355; 618801; 13
1670091839.554354; 618826; 13
1670091839.579354; 618851; 17
1670091839.604368; 618876; 17
1670091839.629355; 618901; 17
1670091839.654359; 618926; 17
1670091839.679359; 618951; 19
1670091839.704364; 618976; 19
1670091839.729355; 619001; 19
1670091839.754359; 619026; 19
1670091839.779354; 619051; 20
1670091839.804359; 619076; 20
1670091839.829355; 619101; 20
1670091839.854354; 619126; 20
1670091839.879354; 619151; 20
1670091839.904359; 619176; 20
1670091839.929355; 619201; 20
1670091839.954354; 619226; 20
1670091839.979354; 619251; 19
1670091840.004368; 619276; 19
1670091840.029356; 619301; 19
1670091840.054360; 619326; 19
1670091840.079360; 619351; 19
1670091840.104360; 619376; 28
1670091840.129361; 619401; 28
1670091840.154354; 619426; 28
1670091840.179354; 619451; 28
1670091840.204357; 619476; 34
1670091840.229356; 619501; 34
1670091840.254359; 619526; 34
1670091840.279354; 619551; 34
1670091840.304354; 619576; 33
1670091840.329364; 619601; 33
1670091840.354360; 619626; 33
1670091840.379354; 619651; 33
1670091840.404354; 619676; 14
1670091840.429362; 619701; 14
1670091840.454361; 619726; 14
1670091840.479359; 619751; 14
1670091840.504359; 619776; 3
1670091840.529364; 619801; 3
1670091840.554361; 619826; 3
1670091840.579359; 619851; 3
1670091840.604359; 619876; 3
1670091840.629364; 619901; 3
1670091840.654361; 619926; 3
1670091840.679354; 619951; 3
1670091840.704354; 619976; 3
1670091840.729359; 620001; 3
1670091840.754355; 620026; 3
1670091840.779354; 620051; 3
1670091840.804354; 620076; 3
1670091840.829354; 620101; 3
1670091840.854368; 620126; 3
1670091840.879355; 620151; 3
1670091840.904354; 620176; 3
1670091840.929359; 620201; 3
1670091840.954364; 620226; 3
1670091840.979360; 620251; 3
1670091841.004359; 620276; 3
1670091841.029355; 620301; 3
1670091841.054365; 620326; 3
1670091841.079356; 620351; 3
1670091841.104355; 620376; 3
1670091841.129354; 620401; 3
1670091841.154363; 620426; 3
1670091841.179362; 620451; 3
1670091841.204354; 620476; 2
1670091841.229354; 620501; 2
1670091841.254354; 620526; 2
1670091841.279362; 620551; 2
1670091841.304360; 620576; 2
1670091841.329359; 620601; 2
1670091841.354354; 620626; 2
1670091841.379359; 620651; 2
1670091841.404355; 620676; 2
1670091841.429354; 620701; 2
1670091841.454354; 620726; 2
1670091841.479359; 620751; 2
1670091841.504355; 620776; 2
1670091841.529354; 620801; 2
1670091841.554354; 620826; 2
1670091841.579354; 620851; 2
1670091841.604359; 620876; 2
1670091841.629355; 620901; 2
1670091841.654354; 620926; 2
1670091841.679354; 620951; 2
1670091841.704362; 620976; 2
1670091841.729355; 621001; 2
1670091841.754359; 621026; 2
1670091841.779354; 621051; 2
1670091841.804359; 621076; 2
1670091841.829355; 621101; 2
1670091841.854354; 621126; 2
1670091841.879354; 621151; 2
1670091841.904364; 621176; 2
1670091841.929355; 621201; 2
1670091841.954354; 621226; 2
1670091841.979354; 621251; 2
1670091842.004354; 621276; 2
1670091842.029365; 621301; 2
1670091842.054356; 621326; 2
1670091842.079360; 621351; 2
1670091842.104355; 621376; 2
1670091842.129368; 621401; 2
1670091842.154360; 621426; 2
1670091842.179359; 621451; 2
1670091842.204359; 621476; 2
1670091842.229364; 621501; 2
1670091842.254360; 621526; 2
1670091842.279354; 621551; 2
1670091842.304354; 621576; 2
1670091842.329359; 621601; 2
1670091842.354355; 621626; 2
1670091842.379354; 621651; 2
1670091842.404354; 621676; 2
1670091842.429354; 621701; 2
1670091842.454359; 621726; 2
1670091842.479355; 621751; 2
1670091842.504354; 621776; 2
1670091842.529354; 621801; 2
1670091842.554368; 621826; 2
1670091842.579355; 621851; 2
1670091842.604354; 621876; 2
1670091842.629354; 621901; 2
1670091842.654359; 621926; 2
1670091842.679355; 621951; 2
1670091842.704354; 621976; 2
1670091842.729354; 622001; 2
1670091842.754363; 622026; 2
1670091842.779356; 622051; 2
1670091842.804359; 622076; 2
1670091842.829359; 622101; 2
1670091842.854359; 622126; 2
1670091842.879364; 622151; 2
1670091842.904361; 622176; 2
1670091842.929388; 622201; 2
1670091842.954359; 622226; 2
1670091842.979362; 622251; 2
1670091843.004361; 622276; 2
1670091843.029355; 622301; 2
1670091843.054361; 622326; 2
1670091843.079360; 622351; 2
1670091843.104362; 622376; 2
1670091843.129385; 622401; 2
1670091843.154354; 622426; 2
1670091843.179354; 622451; 2
1670091843.204359; 622476; 2
1670091843.229355; 622501; 2
1670091843.254354; 622526; 2
1670091843.279359; 622551; 2
1670091843.304364; 622576; 2
1670091843.329361; 622601; 2
1670091843.354359; 622626; 2
1670091843.379359; 622651; 2
1670091843.404362; 622676; 2
1670091843.429355; 622701; 2
1670091843.454354; 622726; 2
1670091843.479354; 622751; 2
1670091843.504359; 622776; 2
1670091843.529355; 622801; 2
1670091843.554359; 622826; 2
1670091843.579359; 622851; 2
1670091843.604354; 622876; 2
1670091843.629359; 622901; 2
1670091843.654355; 622926; 2
1670091843.679354; 622951; 2
1670091843.704354; 622976; 2
1670091843.729359; 623001; 2
1670091843.754361; 623026; 2
1670091843.779354; 623051; 2
1670091843.804354; 623076; 2
1670091843.829362; 623101; 2
1670091843.854355; 623126; 2
1670091843.879354; 623151; 2
1670091843.904354; 623176; 2
1670091843.929359; 623201; 2
1670091843.954358; 623226; 2
1670091843.979359; 623251; 2
1670091844.004359; 623276; 2
1670091844.029355; 623301; 2
1670091844.054365; 623326; 2
1670091844.079356; 623351; 2
1670091844.104360; 623376; 2
1670091844.129354; 623401; 2
1670091844.154366; 623426; 2
1670091844.179355; 623451; 2
1670091844.204354; 623476; 2
1670091844.229354; 623501; 2
1670091844.254368; 623526; 2
1670091844.279355; 623551; 2
1670091844.304354; 623576; 2
1670091844.329354; 623601; 2
1670091844.354363; 623626; 2
1670091844.379356; 623651; 2
1670091844.404359; 623676; 2
1670091844.429359; 623701; 2
1670091844.454359; 623726; 2
1670091844.479364; 623751; 2
1670091844.504360; 623776; 2
1670091844.529359; 623801; 2
1670091844.554359; 623826; 2
1670091844.579364; 623851; 2
1670091844.604360; 623876; 2
1670091844.629359; 623901; 2
1670091844.654359; 623926; 2
1670091844.679368; 623951; 2
1670091844.704360; 623976; 2
1670091844.729359; 624001; 2
1670091844.754359; 624026; 2
1670091844.779359; 624051; 2
1670091844.804364; 624076; 2
1670091844.829360; 624101; 2
1670091844.854359; 624126; 2
1670091844.879359; 624151; 2
1670091844.904364; 624176; 2
1670091844.929360; 624201; 2
1670091844.954359; 624226; 2
1670091844.979359; 624251; 2
1670091845.004364; 624276; 2
1670091845.029356; 624301; 2
1670091845.054360; 624326; 2
1670091845.079355; 624351; 2
1670091845.104363; 624376; 2
1670091845.129361; 624401; 2
1670091845.154359; 624426; 2
1670091845.179354; 624451; 2
1670091845.204354; 624476; 2
1670091845.229367; 624501; 2
1670091845.254355; 624526; 2
1670091845.279354; 624551; 2
1670091845.304354; 624576; 2
1670091845.329359; 624601; 2
1670091845.354355; 624626; 2
1670091845.379354; 624651; 2
1670091845.404359; 624676; 2
1670091845.429364; 624701; 2
1670091845.454360; 624726; 2
1670091845.479359; 624751; 2
1670091845.504359; 624776; 2
1670091845.529362; 624801; 2
1670091845.554355; 624826; 2
1670091845.579354; 624851; 2
1670091845.604354; 624876; 2
1670091845.629354; 624901; 2
1670091845.654359; 624926; 2
1670091845.679355; 624951; 2
1670091845.704354; 624976; 2
1670091845.729354; 625001; 2
1670091845.754359; 625026; 2
1670091845.779355; 625051; 2
1670091845.804359; 625076; 2
1670091845.829359; 625101; 2
1670091845.854364; 625126; 2
1670091845.879361; 625151; 2
1670091845.904359; 625176; 2
1670091845.929359; 625201; 2
1670091845.954361; 625226; 2
1670091845.979356; 625251; 2
1670091846.004359; 625276; 2
1670091846.029360; 625301; 2
1670091846.054355; 625326; 2
1670091846.079365; 625351; 2
1670091846.104356; 625376; 2
1670091846.129359; 625401; 2
1670091846.154359; 625426; 2
1670091846.179364; 625451; 2
1670091846.204361; 625476; 2
1670091846.229354; 625501; 2
1670091846.254354; 625526; 2
1670091846.279359; 625551; 2
1670091846.304355; 625576; 2
1670091846.329354; 625601; 2
1670091846.354354; 625626; 2
1670091846.379354; 625651; 2
1670091846.404362; 625676; 2
1670091846.429361; 625701; 2
1670091846.454359; 625726; 2
1670091846.479354; 625751; 2
1670091846.504359; 625776; 2
1670091846.529355; 625801; 2
1670091846.554354; 625826; 2
1670091846.579354; 625851; 2
1670091846.604359; 625876; 2
1670091846.629360; 625901; 2
1670091846.654359; 625926; 2
1670091846.679359; 625951; 2
1670091846.704364; 625976; 2
1670091846.729361; 626001; 2
1670091846.754359; 626026; 2
1670091846.779354; 626051; 2
1670091846.804354; 626076; 2
1670091846.829362; 626101; 2
1670091846.854355; 626126; 2
1670091846.879359; 626151; 2
1670091846.904359; 626176; 2
1670091846.929364; 626201; 2
1670091846.954361; 626226; 2
1670091846.979359; 626251; 2
1670091847.004359; 626276; 2
1670091847.029365; 626301; 2
1670091847.054356; 626326; 2
1670091847.079360; 626351; 2
1670091847.104355; 626376; 2
1670091847.129359; 626401; 2
1670091847.154355; 626426; 2
1670091847.179354; 626451; 2
1670091847.204354; 626476; 2
1670091847.229359; 626501; 2
1670091847.254362; 626526; 2
1670091847.279355; 626551; 2
1670091847.304354; 626576; 2
1670091847.329354; 626601; 2
1670091847.354359; 626626; 2
1670091847.379355; 626651; 2
1670091847.404354; 626676; 2
1670091847.429359; 626701; 2
1670091847.454364; 626726; 2
1670091847.479360; 626751; 2
1670091847.504359; 626776; 2
1670091847.529359; 626801; 2
1670091847.554363; 626826; 2
1670091847.579362; 626851; 2
1670091847.604354; 626876; 2
1670091847.629354; 626901; 2
1670091847.654354; 626926; 2
1670091847.679368; 626951; 2
1670091847.704360; 626976; 2
1670091847.729359; 627001; 2
1670091847.754359; 627026; 2
1670091847.779359; 627051; 2
1670091847.804361; 627076; 2
1670091847.829359; 627101; 2
1670091847.854359; 627126; 2
1670091847.879364; 627151; 2
1670091847.904361; 627176; 2
1670091847.929359; 627201; 2
1670091847.954359; 627226; 2
1670091847.979359; 627251; 2
1670091848.004364; 627276; 2
1670091848.029356; 627301; 2
1670091848.054360; 627326; 2
1670091848.079355; 627351; 2
1670091848.104363; 627376; 2
1670091848.129361; 627401; 2
1670091848.154359; 627426; 2
1670091848.179359; 627451; 2
1670091848.204364; 627476; 2
1670091848.229360; 627501; 2
1670091848.254359; 627526; 2
1670091848.279354; 627551; 2
1670091848.304359; 627576; 2
1670091848.329355; 627601; 2
1670091848.354354; 627626; 2
1670091848.379354; 627651; 2
1670091848.404354; 627676; 2
1670091848.429359; 627701; 2
1670091848.454355; 627726; 2
1670091848.479354; 627751; 2
1670091848.504354; 627776; 2
1670091848.529362; 627801; 2
1670091848.554355; 627826; 2
1670091848.579359; 627851; 2
1670091848.604359; 627876; 2
1670091848.629364; 627901; 2
1670091848.654361; 627926; 2
1670091848.679359; 627951; 2
1670091848.704359; 627976; 2
1670091848.729364; 628001; 2
1670091848.754361; 628026; 2
1670091848.779354; 628051; 2
1670091848.804354; 628076; 2
1670091848.829354; 628101; 2
1670091848.854359; 628126; 2
1670091848.879355; 628151; 2
1670091848.904354; 628176; 2
1670091848.929354; 628201; 2
1670091848.954362; 628226; 2
1670091848.979355; 628251; 2
1670091849.004354; 628276; 2
1670091849.029355; 628301; 2
1670091849.054360; 628326; 2
1670091849.079356; 628351; 2
1670091849.104361; 628376; 2
1670091849.129354; 628401; 2
1670091849.154363; 628426; 2
1670091849.179362; 628451; 2
1670091849.204354; 628476; 2
1670091849.229354; 628501; 2
1670091849.254354; 628526; 2
1670091849.279359; 628551; 2
1670091849.304355; 628576; 2
1670091849.329354; 628601; 2
1670091849.354354; 628626; 2
1670091849.379368; 628651; 2
1670091849.404361; 628676; 2
1670091849.429359; 628701; 2
1670091849.454355; 628726; 2
1670091849.479361; 628751; 2
1670091849.504360; 628776; 2
1670091849.529359; 628801; 2
1670091849.554359; 628826; 2
1670091849.579359; 628851; 2
1670091849.604364; 628876; 2
1670091849.629360; 628901; 2
1670091849.654359; 628926; 2
1670091849.679359; 628951; 2
1670091849.704364; 628976; 2
1670091849.729360; 629001; 2
1670091849.754359; 629026; 2
1670091849.779354; 629051; 2
1670091849.804368; 629076; 2
1670091849.829360; 629101; 2
1670091849.854359; 629126; 2
1670091849.879359; 629151; 2
1670091849.904359; 629176; 2
1670091849.929355; 629201; 2
1670091849.954359; 629226; 2
1670091849.979359; 629251; 2
1670091850.004359; 629276; 2
1670091850.029365; 629301; 2
1670091850.054356; 629326; 2
1670091850.079360; 629351; 2
1670091850.104355; 629376; 2
1670091850.129359; 629401; 2
1670091850.154355; 629426; 2
1670091850.179354; 629451; 2
1670091850.204359; 629476; 2
1670091850.229362; 629501; 2
1670091850.254355; 629526; 2
1670091850.279354; 629551; 2
1670091850.304359; 629576; 2
1670091850.329364; 629601; 2
1670091850.354360; 629626; 2
1670091850.379359; 629651; 2
1670091850.404359; 629676; 2
1670091850.429359; 629701; 2
1670091850.454359; 629726; 2
1670091850.479355; 629751; 2
1670091850.504354; 629776; 2
1670091850.529354; 629801; 2
1670091850.554359; 629826; 2
1670091850.579355; 629851; 2
1670091850.604354; 629876; 2
1670091850.629354; 629901; 2
1670091850.654362; 629926; 2
1670091850.679355; 629951; 2
1670091850.704354; 629976; 2
1670091850.729354; 630001; 2
1670091850.754363; 630026; 2
1670091850.779362; 630051; 2
1670091850.804354; 630076; 2
1670091850.829354; 630101; 2
1670091850.854354; 630126; 2
1670091850.879359; 630151; 2
1670091850.904355; 630176; 2
1670091850.929354; 630201; 2
1670091850.954354; 630226; 2
1670091850.979364; 630251; 2
1670091851.004360; 630276; 2
1670091851.029355; 630301; 2
1670091851.054360; 630326; 2
1670091851.079363; 630351; 2
1670091851.104362; 630376; 2
1670091851.129359; 630401; 2
1670091851.154359; 630426; 2
1670091851.179359; 630451; 2
1670091851.204364; 630476; 2
1670091851.229361; 630501; 2
1670091851.254359; 630526; 2
1670091851.279354; 630551; 2
1670091851.304367; 630576; 2
1670091851.329355; 630601; 2
1670091851.354359; 630626; 2
1670091851.379354; 630651; 2
1670091851.404359; 630676; 2
1670091851.429355; 630701; 2
1670091851.454354; 630726; 2
1670091851.479354; 630751; 2
1670091851.504362; 630776; 2
1670091851.529360; 630801; 2
1670091851.554359; 630826; 2
1670091851.579359; 630851; 2
1670091851.604359; 630876; 2
1670091851.629374; 630901; 2
1670091851.654360; 630926; 2
1670091851.679359; 630951; 2
1670091851.704359; 630976; 2
1670091851.729364; 631001; 2
1670091851.754360; 631026; 2
1670091851.779354; 631051; 2
1670091851.804354; 631076; 2
1670091851.829359; 631101; 2
1670091851.854355; 631126; 2
1670091851.879354; 631151; 2
1670091851.904354; 631176; 2
1670091851.929362; 631201; 2
1670091851.954360; 631226; 2
1670091851.979359; 631251; 2
1670091852.004359; 631276; 2
1670091852.029355; 631301; 2
1670091852.054360; 631326; 2
1670091852.079362; 631351; 2
1670091852.104355; 631376; 2
1670091852.129354; 631401; 2
1670091852.154359; 631426; 2
1670091852.179355; 631451; 2
1670091852.204354; 631476; 2
1670091852.229354; 631501; 2
1670091852.254359; 631526; 2
1670091852.279355; 631551; 2
1670091852.304354; 631576; 2
1670091852.329354; 631601; 2
1670091852.354366; 631626; 2
1670091852.379362; 631651; 2
1670091852.404354; 631676; 2
1670091852.429354; 631701; 2
1670091852.454354; 631726; 2
1670091852.479359; 631751; 2
1670091852.504355; 631776; 2
1670091852.529354; 631801; 2
1670091852.554359; 631826; 2
1670091852.579364; 631851; 2
1670091852.604360; 631876; 2
1670091852.629359; 631901; 2
1670091852.654355; 631926; 2
1670091852.679364; 631951; 2
1670091852.704360; 631976; 2
1670091852.729359; 632001; 2
1670091852.754371; 632026; 2
1670091852.779354; 632051; 2
1670091852.804368; 632076; 2
1670091852.829361; 632101; 2
1670091852.854359; 632126; 2
1670091852.879359; 632151; 2
1670091852.904364; 632176; 2
1670091852.929360; 632201; 2
1670091852.954359; 632226; 2
1670091852.979354; 632251; 2
1670091853.004359; 632276; 2
1670091853.029356; 632301; 2
1670091853.054360; 632326; 2
1670091853.079355; 632351; 2
1670091853.104365; 632376; 2
1670091853.129355; 632401; 2
1670091853.154354; 632426; 2
1670091853.179354; 632451; 2
1670091853.204354; 632476; 2
1670091853.229362; 632501; 2
1670091853.254355; 632526; 2
1670091853.279359; 632551; 2
1670091853.304359; 632576; 2
1670091853.329364; 632601; 2
1670091853.354361; 632626; 2
1670091853.379359; 632651; 2
1670091853.404359; 632676; 2
1670091853.429359; 632701; 2
1670091853.454355; 632726; 2
1670091853.479354; 632751; 2
1670091853.504354; 632776; 2
1670091853.529359; 632801; 2
1670091853.554355; 632826; 2
1670091853.579354; 632851; 2
1670091853.604354; 632876; 2
1670091853.629354; 632901; 2
1670091853.654368; 632926; 2
1670091853.679360; 632951; 2
1670091853.704359; 632976; 2
1670091853.729359; 633001; 2
1670091853.754364; 633026; 2
1670091853.779367; 633051; 2
1670091853.804359; 633076; 2
1670091853.829359; 633101; 2
1670091853.854364; 633126; 2
1670091853.879360; 633151; 2
1670091853.904354; 633176; 2
1670091853.929354; 633201; 2
1670091853.954363; 633226; 2
1670091853.979362; 633251; 2
1670091854.004359; 633276; 2
1670091854.029355; 633301; 2
1670091854.054361; 633326; 2
1670091854.079369; 633351; 2
1670091854.104356; 633376; 2
1670091854.129359; 633401; 2
1670091854.154359; 633426; 2
1670091854.179364; 633451; 2
1670091854.204355; 633476; 2
1670091854.229354; 633501; 2
1670091854.254359; 633526; 2
1670091854.279359; 633551; 2
1670091854.304355; 633576; 2
1670091854.329354; 633601; 2
1670091854.354354; 633626; 2
1670091854.379354; 633651; 2
1670091854.404364; 633676; 2
1670091854.429360; 633701; 2
1670091854.454359; 633726; 2
1670091854.479359; 633751; 2
1670091854.504362; 633776; 2
1670091854.529355; 633801; 2
1670091854.554354; 633826; 2
1670091854.579354; 633851; 2
1670091854.604359; 633876; 2
1670091854.629355; 633901; 2
1670091854.654354; 633926; 2
1670091854.679354; 633951; 2
1670091854.704359; 633976; 2
1670091854.729355; 634001; 2
1670091854.754359; 634026; 2
1670091854.779354; 634051; 2
1670091854.804359; 634076; 2
1670091854.829364; 634101; 2
1670091854.854360; 634126; 2
1670091854.879359; 634151; 2
1670091854.904359; 634176; 2
1670091854.929368; 634201; 2
1670091854.954360; 634226; 2
1670091854.979359; 634251; 2
1670091855.004359; 634276; 2
1670091855.029360; 634301; 2
1670091855.054362; 634326; 2
1670091855.079355; 634351; 2
1670091855.104360; 634376; 2
1670091855.129359; 634401; 2
1670091855.154355; 634426; 2
1670091855.179354; 634451; 2
1670091855.204354; 634476; 2
1670091855.229359; 634501; 2
1670091855.254364; 634526; 2
1670091855.279355; 634551; 2
1670091855.304354; 634576; 2
1670091855.329354; 634601; 2
1670091855.354368; 634626; 2
1670091855.379361; 634651; 2
1670091855.404363; 634676; 2
1670091855.429354; 634701; 2
1670091855.454359; 634726; 2
1670091855.479355; 634751; 2
1670091855.504354; 634776; 2
1670091855.529354; 634801; 2
1670091855.554363; 634826; 2
1670091855.579362; 634851; 2
1670091855.604354; 634876; 2
1670091855.629359; 634901; 2
1670091855.654359; 634926; 2
1670091855.679364; 634951; 2
1670091855.704360; 634976; 2
1670091855.729359; 635001; 2
1670091855.754359; 635026; 2
1670091855.779368; 635051; 2
1670091855.804360; 635076; 2
1670091855.829362; 635101; 2
1670091855.854354; 635126; 2
1670091855.879359; 635151; 2
1670091855.904355; 635176; 2
1670091855.929354; 635201; 2
1670091855.954354; 635226; 2
1670091855.979354; 635251; 2
1670091856.004359; 635276; 2
1670091856.029356; 635301; 2
1670091856.054355; 635326; 2
1670091856.079360; 635351; 2
1670091856.104360; 635376; 2
1670091856.129355; 635401; 3
1670091856.154354; 635426; 3
1670091856.179354; 635451; 3
1670091856.204368; 635476; 3
1670091856.229360; 635501; 3
1670091856.254359; 635526; 3
1670091856.279354; 635551; 3
1670091856.304359; 635576; 3
1670091856.329355; 635601; 2
1670091856.354354; 635626; 2
1670091856.379354; 635651; 2
1670091856.404354; 635676; 2
1670091856.429359; 635701; 2
1670091856.454355; 635726; 3
1670091856.479354; 635751; 3
1670091856.504354; 635776; 3
1670091856.529359; 635801; 3
1670091856.554355; 635826; 3
1670091856.579354; 635851; 3
1670091856.604354; 635876; 3
1670091856.629362; 635901; 3
1670091856.654360; 635926; 3
1670091856.679359; 635951; 3
1670091856.704359; 635976; 3
1670091856.729364; 636001; 3
1670091856.754360; 636026; 3
1670091856.779354; 636051; 3
1670091856.804354; 636076; 3
1670091856.829354; 636101; 3
1670091856.854364; 636126; 3
1670091856.879360; 636151; 3
1670091856.904359; 636176; 3
1670091856.929359; 636201; 3
1670091856.954364; 636226; 3
1670091856.979361; 636251; 3
1670091857.004359; 636276; 3
1670091857.029355; 636301; 3
1670091857.054363; 636326; 3
1670091857.079356; 636351; 3
1670091857.104361; 636376; 3
1670091857.129354; 636401; 3
1670091857.154363; 636426; 3
1670091857.179362; 636451; 3
1670091857.204354; 636476; 3
1670091857.229354; 636501; 3
1670091857.254354; 636526; 3
1670091857.279359; 636551; 3
1670091857.304355; 636576; 3
1670091857.329354; 636601; 3
1670091857.354354; 636626; 3
1670091857.379359; 636651; 3
1670091857.404355; 636676; 3
1670091857.429354; 636701; 3
1670091857.454354; 636726; 3
1670091857.479368; 636751; 3
1670091857.504360; 636776; 3
1670091857.529359; 636801; 3
1670091857.554359; 636826; 3
1670091857.579359; 636851; 3
1670091857.604364; 636876; 3
1670091857.629361; 636901; 3
1670091857.654359; 636926; 3
1670091857.679359; 636951; 3
1670091857.704364; 636976; 3
1670091857.729360; 637001; 3
1670091857.754359; 637026; 3
1670091857.779354; 637051; 2
1670091857.804359; 637076; 2
1670091857.829361; 637101; 2
1670091857.854359; 637126; 2
1670091857.879354; 637151; 2
1670091857.904368; 637176; 2
1670091857.929360; 637201; 2
1670091857.954359; 637226; 2
1670091857.979359; 637251; 2
1670091858.004359; 637276; 2
1670091858.029365; 637301; 2
1670091858.054356; 637326; 2
1670091858.079361; 637351; 2
1670091858.104355; 637376; 2
1670091858.129359; 637401; 2
1670091858.154355; 637426; 2
1670091858.179354; 637451; 2
1670091858.204354; 637476; 2
1670091858.229359; 637501; 2
1670091858.254355; 637526; 2
1670091858.279359; 637551; 2
1670091858.304359; 637576; 2
1670091858.329368; 637601; 2
1670091858.354355; 637626; 2
1670091858.379354; 637651; 2
1670091858.404354; 637676; 2
1670091858.429354; 637701; 2
1670091858.454359; 637726; 2
1670091858.479355; 637751; 2
1670091858.504354; 637776; 2
1670091858.529354; 637801; 2
1670091858.554359; 637826; 2
1670091858.579355; 637851; 2
1670091858.604354; 637876; 2
1670091858.629354; 637901; 2
1670091858.654382; 637926; 2
1670091858.679355; 637951; 2
1670091858.704354; 637976; 2
1670091858.729354; 638001; 2
1670091858.754361; 638026; 2
1670091858.779356; 638051; 2
1670091858.804359; 638076; 2
1670091858.829359; 638101; 2
1670091858.854354; 638126; 2
1670091858.879359; 638151; 2
1670091858.904355; 638176; 2
1670091858.929354; 638201; 2
1670091858.954354; 638226; 2
1670091858.979359; 638251; 2
1670091859.004355; 638276; 2
1670091859.029360; 638301; 2
1670091859.054355; 638326; 2
1670091859.079365; 638351; 2
1670091859.104366; 638376; 2
1670091859.129359; 638401; 2
1670091859.154359; 638426; 2
1670091859.179359; 638451; 2
1670091859.204362; 638476; 2
1670091859.229355; 638501; 2
1670091859.254354; 638526; 2
1670091859.279359; 638551; 2
1670091859.304364; 638576; 2
1670091859.329355; 638601; 2
1670091859.354354; 638626; 2
1670091859.379354; 638651; 2
1670091859.404359; 638676; 2
1670091859.429355; 638701; 2
1670091859.454354; 638726; 2
1670091859.479354; 638751; 2
1670091859.504364; 638776; 2
1670091859.529355; 638801; 2
1670091859.554354; 638826; 2
1670091859.579354; 638851; 2
1670091859.604354; 638876; 2
1670091859.629362; 638901; 2
1670091859.654355; 638926; 2
1670091859.679354; 638951; 2
1670091859.704354; 638976; 2
1670091859.729359; 639001; 2
1670091859.754355; 639026; 2
1670091859.779354; 639051; 2
1670091859.804354; 639076; 2
1670091859.829359; 639101; 2
1670091859.854355; 639126; 2
1670091859.879354; 639151; 2
1670091859.904354; 639176; 2
1670091859.929364; 639201; 2
1670091859.954360; 639226; 2
1670091859.979359; 639251; 2
1670091860.004359; 639276; 2
1670091860.029355; 639301; 2
1670091860.054369; 639326; 2
1670091860.079356; 639351; 2
1670091860.104360; 639376; 2
1670091860.129354; 639401; 2
1670091860.154359; 639426; 2
1670091860.179355; 639451; 2
1670091860.204354; 639476; 2
1670091860.229354; 639501; 2
1670091860.254359; 639526; 2
1670091860.279355; 639551; 2
1670091860.304354; 639576; 2
1670091860.329354; 639601; 2
1670091860.354357; 639626; 2
1670091860.379356; 639651; 2
1670091860.404359; 639676; 2
1670091860.429359; 639701; 2
1670091860.454359; 639726; 2
1670091860.479368; 639751; 2
1670091860.504361; 639776; 2
1670091860.529359; 639801; 2
1670091860.554354; 639826; 2
1670091860.579359; 639851; 2
1670091860.604361; 639876; 2
1670091860.629359; 639901; 2
1670091860.654359; 639926; 2
1670091860.679364; 639951; 2
1670091860.704360; 639976; 2
1670091860.729359; 640001; 2
1670091860.754359; 640026; 2
1670091860.779354; 640051; 2
1670091860.804359; 640076; 2
1670091860.829355; 640101; 2
1670091860.854359; 640126; 2
1670091860.879359; 640151; 2
1670091860.904368; 640176; 2
1670091860.929360; 640201; 2
1670091860.954359; 640226; 2
1670091860.979359; 640251; 2
1670091861.004364; 640276; 2
1670091861.029356; 640301; 2
1670091861.054360; 640326; 2
1670091861.079355; 640351; 2
1670091861.104365; 640376; 2
1670091861.129355; 640401; 2
1670091861.154355; 640426; 2
1670091861.179359; 640451; 2
1670091861.204354; 640476; 2
1670091861.229359; 640501; 2
1670091861.254355; 640526; 2
1670091861.279354; 640551; 2
1670091861.304354; 640576; 2
1670091861.329368; 640601; 2
1670091861.354360; 640626; 2
1670091861.379359; 640651; 2
1670091861.404359; 640676; 2
1670091861.429364; 640701; 2
1670091861.454360; 640726; 2
1670091861.479359; 640751; 2
1670091861.504359; 640776; 2
1670091861.529364; 640801; 2
1670091861.554360; 640826; 2
1670091861.579354; 640851; 2
1670091861.604354; 640876; 2
1670091861.629354; 640901; 2
1670091861.654359; 640926; 2
1670091861.679355; 640951; 2
1670091861.704354; 640976; 2
1670091861.729354; 641001; 2
1670091861.754368; 641026; 2
1670091861.779360; 641051; 2
1670091861.804359; 641076; 2
1670091861.829359; 641101; 2
1670091861.854364; 641126; 2
1670091861.879355; 641151; 2
1670091861.904354; 641176; 2
1670091861.929354; 641201; 2
1670091861.954363; 641226; 2
1670091861.979356; 641251; 2
1670091862.004359; 641276; 2
1670091862.029355; 641301; 2
1670091862.054361; 641326; 2
1670091862.079365; 641351; 2
1670091862.104356; 641376; 2
1670091862.129354; 641401; 2
1670091862.154354; 641426; 2
1670091862.179362; 641451; 2
1670091862.204355; 641476; 2
1670091862.229354; 641501; 2
1670091862.254354; 641526; 2
1670091862.279364; 641551; 2
1670091862.304360; 641576; 2
1670091862.329359; 641601; 2
1670091862.354359; 641626; 2
1670091862.379359; 641651; 2
1670091862.404364; 641676; 2
1670091862.429360; 641701; 2
1670091862.454359; 641726; 2
1670091862.479359; 641751; 2
1670091862.504364; 641776; 2
1670091862.529361; 641801; 2
1670091862.554359; 641826; 2
1670091862.579354; 641851; 2
1670091862.604362; 641876; 2
1670091862.629355; 641901; 2
1670091862.654359; 641926; 2
1670091862.679359; 641951; 2
1670091862.704364; 641976; 2
1670091862.729360; 642001; 2
1670091862.754354; 642026; 2
1670091862.779354; 642051; 2
1670091862.804354; 642076; 2
1670091862.829359; 642101; 2
1670091862.854355; 642126; 2
1670091862.879354; 642151; 2
1670091862.904354; 642176; 2
1670091862.929359; 642201; 2
1670091862.954355; 642226; 2
1670091862.979359; 642251; 2
1670091863.004354; 642276; 2
1670091863.029369; 642301; 2
1670091863.054356; 642326; 2
1670091863.079360; 642351; 2
1670091863.104360; 642376; 2
1670091863.129364; 642401; 2
1670091863.154355; 642426; 2
1670091863.179354; 642451; 2
1670091863.204359; 642476; 2
1670091863.229359; 642501; 2
1670091863.254364; 642526; 2
1670091863.279355; 642551; 2
1670091863.304354; 642576; 2
1670091863.329354; 642601; 2
1670091863.354359; 642626; 2
1670091863.379355; 642651; 2
1670091863.404363; 642676; 2
1670091863.429359; 642701; 2
1670091863.454368; 642726; 2
1670091863.479360; 642751; 2
1670091863.504359; 642776; 3
1670091863.529359; 642801; 3
1670091863.554358; 642826; 3
1670091863.579356; 642851; 3
1670091863.604359; 642876; 3
1670091863.629354; 642901; 3
1670091863.654354; 642926; 3
1670091863.679359; 642951; 3
1670091863.704355; 642976; 3
1670091863.729354; 643001; 3
1670091863.754354; 643026; 3
1670091863.779359; 643051; 3
1670091863.804355; 643076; 3
1670091863.829354; 643101; 3
1670091863.854354; 643126; 3
1670091863.879368; 643151; 3
1670091863.904361; 643176; 3
1670091863.929354; 643201; 3
1670091863.954354; 643226; 3
1670091863.979354; 643251; 3
1670091864.004359; 643276; 3
1670091864.029356; 643301; 3
1670091864.054360; 643326; 3
1670091864.079355; 643351; 3
1670091864.104365; 643376; 3
1670091864.129355; 643401; 3
1670091864.154354; 643426; 3
1670091864.179354; 643451; 3
1670091864.204359; 643476; 3
1670091864.229361; 643501; 3
1670091864.254359; 643526; 3
1670091864.279359; 643551; 3
1670091864.304362; 643576; 3
1670091864.329355; 643601; 3
1670091864.354354; 643626; 3
1670091864.379354; 643651; 3
1670091864.404354; 643676; 3
1670091864.429366; 643701; 3
1670091864.454355; 643726; 3
1670091864.479354; 643751; 3
1670091864.504354; 643776; 3
1670091864.529359; 643801; 3
1670091864.554360; 643826; 3
1670091864.579359; 643851; 3
1670091864.604359; 643876; 3
1670091864.629364; 643901; 3
1670091864.654360; 643926; 3
1670091864.679359; 643951; 3
1670091864.704359; 643976; 3
1670091864.729362; 644001; 3
1670091864.754355; 644026; 3
1670091864.779354; 644051; 3
1670091864.804354; 644076; 3
1670091864.829354; 644101; 3
1670091864.854359; 644126; 3
1670091864.879355; 644151; 3
1670091864.904354; 644176; 3
1670091864.929354; 644201; 3
1670091864.954359; 644226; 3
1670091864.979355; 644251; 3
1670091865.004354; 644276; 3
1670091865.029355; 644301; 3
1670091865.054365; 644326; 3
1670091865.079356; 644351; 3
1670091865.104361; 644376; 3
1670091865.129354; 644401; 3
1670091865.154361; 644426; 3
1670091865.179356; 644451; 3
1670091865.204359; 644476; 3
1670091865.229359; 644501; 3
1670091865.254354; 644526; 3
1670091865.279359; 644551; 3
1670091865.304360; 644576; 3
1670091865.329359; 644601; 3
1670091865.354359; 644626; 3
1670091865.379364; 644651; 3
1670091865.404360; 644676; 3
1670091865.429359; 644701; 3
1670091865.454354; 644726; 3
1670091865.479359; 644751; 3
1670091865.504355; 644776; 3
1670091865.529354; 644801; 3
1670091865.554354; 644826; 3
1670091865.579359; 644851; 3
1670091865.604368; 644876; 3
1670091865.629360; 644901; 3
1670091865.654359; 644926; 3
1670091865.679354; 644951; 3
1670091865.704359; 644976; 3
1670091865.729355; 645001; 3
1670091865.754354; 645026; 3
1670091865.779354; 645051; 3
1670091865.804359; 645076; 3
1670091865.829360; 645101; 3
1670091865.854359; 645126; 3
1670091865.879359; 645151; 3
1670091865.904364; 645176; 3
1670091865.929361; 645201; 3
1670091865.954359; 645226; 3
1670091865.979359; 645251; 3
1670091866.004359; 645276; 3
1670091866.029369; 645301; 3
1670091866.054356; 645326; 3
1670091866.079361; 645351; 3
1670091866.104355; 645376; 3
1670091866.129359; 645401; 3
1670091866.154355; 645426; 3
1670091866.179354; 645451; 3
1670091866.204354; 645476; 3
1670091866.229359; 645501; 3
1670091866.254355; 645526; 3
1670091866.279354; 645551; 3
1670091866.304354; 645576; 3
1670091866.329359; 645601; 3
1670091866.354355; 645626; 3
1670091866.379354; 645651; 3
1670091866.404354; 645676; 3
1670091866.429354; 645701; 3
1670091866.454368; 645726; 3
1670091866.479355; 645751; 3
1670091866.504354; 645776; 3
1670091866.529354; 645801; 3
1670091866.554359; 645826; 3
1670091866.579355; 645851; 3
1670091866.604354; 645876; 3
1670091866.629354; 645901; 3
1670091866.654359; 645926; 3
1670091866.679355; 645951; 3
1670091866.704359; 645976; 3
1670091866.729359; 646001; 3
1670091866.754357; 646026; 3
1670091866.779356; 646051; 3
1670091866.804359; 646076; 3
1670091866.829359; 646101; 3
1670091866.854359; 646126; 3
1670091866.879362; 646151; 3
1670091866.904355; 646176; 3
1670091866.929354; 646201; 3
1670091866.954354; 646226; 3
1670091866.979359; 646251; 3
1670091867.004355; 646276; 3
1670091867.029360; 646301; 3
1670091867.054355; 646326; 3
1670091867.079365; 646351; 3
1670091867.104362; 646376; 3
1670091867.129354; 646401; 3
1670091867.154354; 646426; 3
1670091867.179354; 646451; 3
1670091867.204359; 646476; 3
1670091867.229355; 646501; 3
1670091867.254354; 646526; 3
1670091867.279354; 646551; 3
1670091867.304368; 646576; 3
1670091867.329360; 646601; 3
1670091867.354359; 646626; 3
1670091867.379359; 646651; 3
1670091867.404364; 646676; 3
1670091867.429361; 646701; 3
1670091867.454359; 646726; 3
1670091867.479359; 646751; 3
1670091867.504359; 646776; 3
1670091867.529355; 646801; 3
1670091867.554354; 646826; 3
1670091867.579354; 646851; 3
1670091867.604354; 646876; 3
1670091867.629359; 646901; 3
1670091867.654355; 646926; 3
1670091867.679354; 646951; 3
1670091867.704354; 646976; 3
1670091867.729368; 647001; 3
1670091867.754361; 647026; 3
1670091867.779359; 647051; 4
1670091867.804359; 647076; 4
1670091867.829364; 647101; 4
1670091867.854361; 647126; 4
1670091867.879359; 647151; 4
1670091867.904359; 647176; 4
1670091867.929364; 647201; 4
1670091867.954360; 647226; 4
1670091867.979359; 647251; 4
1670091868.004359; 647276; 4
1670091868.029360; 647301; 4
1670091868.054360; 647326; 4
1670091868.079362; 647351; 4
1670091868.104355; 647376; 4
1670091868.129359; 647401; 4
1670091868.154362; 647426; 4
1670091868.179355; 647451; 4
1670091868.204354; 647476; 4
1670091868.229354; 647501; 4
1670091868.254359; 647526; 4
1670091868.279361; 647551; 4
1670091868.304359; 647576; 4
1670091868.329359; 647601; 4
1670091868.354357; 647626; 4
1670091868.379356; 647651; 4
1670091868.404359; 647676; 4
1670091868.429359; 647701; 4
1670091868.454359; 647726; 4
1670091868.479364; 647751; 4
1670091868.504360; 647776; 5
1670091868.529359; 647801; 5
1670091868.554359; 647826; 5
1670091868.579368; 647851; 5
1670091868.604360; 647876; 5
1670091868.629359; 647901; 5
1670091868.654359; 647926; 5
1670091868.679364; 647951; 5
1670091868.704361; 647976; 6
1670091868.729360; 648001; 6
1670091868.754359; 648026; 6
1670091868.779354; 648051; 6
1670091868.804359; 648076; 6
1670091868.829355; 648101; 6
1670091868.854354; 648126; 6
1670091868.879354; 648151; 6
1670091868.904359; 648176; 7
1670091868.929355; 648201; 7
1670091868.954359; 648226; 7
1670091868.979359; 648251; 7
1670091869.004362; 648276; 9
1670091869.029362; 648301; 9
1670091869.054360; 648326; 9
1670091869.079355; 648351; 9
1670091869.104365; 648376; 11
1670091869.129355; 648401; 11
1670091869.154359; 648426; 11
1670091869.179359; 648451; 11
1670091869.204363; 648476; 11
1670091869.229356; 648501; 14
1670091869.254359; 648526; 14
1670091869.279359; 648551; 14
1670091869.304359; 648576; 14
1670091869.329359; 648601; 19
1670091869.354355; 648626; 19
1670091869.379354; 648651; 19
1670091869.404354; 648676; 19
1670091869.429362; 648701; 21
1670091869.454360; 648726; 21
1670091869.479354; 648751; 21
1670091869.504354; 648776; 21
1670091869.529359; 648801; 21
1670091869.554355; 648826; 21
1670091869.579354; 648851; 21
1670091869.604354; 648876; 21
1670091869.629359; 648901; 17
1670091869.654355; 648926; 17
1670091869.679354; 648951; 17
1670091869.704354; 648976; 17
1670091869.729359; 649001; 16
1670091869.754358; 649026; 16
1670091869.779354; 649051; 16
1670091869.804354; 649076; 16
1670091869.829362; 649101; 18
1670091869.854360; 649126; 18
1670091869.879354; 649151; 18
1670091869.904354; 649176; 18
1670091869.929359; 649201; 19
1670091869.954355; 649226; 19
1670091869.979359; 649251; 19
1670091870.004359; 649276; 19
1670091870.029355; 649301; 20
1670091870.054365; 649326; 20
1670091870.079362; 649351; 20
1670091870.104360; 649376; 20
1670091870.129354; 649401; 12
1670091870.154359; 649426; 12
1670091870.179355; 649451; 12
1670091870.204354; 649476; 12
1670091870.229354; 649501; 4
1670091870.254362; 649526; 4
1670091870.279361; 649551; 4
1670091870.304359; 649576; 4
1670091870.329366; 649601; 3
1670091870.354366; 649626; 3
1670091870.379360; 649651; 3
1670091870.404359; 649676; 3
1670091870.429359; 649701; 3
1670091870.454364; 649726; 3
1670091870.479361; 649751; 3
1670091870.504359; 649776; 3
1670091870.529359; 649801; 3
1670091870.554359; 649826; 3
1670091870.579364; 649851; 3
1670091870.604360; 649876; 3
1670091870.629359; 649901; 3
1670091870.654359; 649926; 2
1670091870.679368; 649951; 2
1670091870.704360; 649976; 2
1670091870.729359; 650001; 2
1670091870.754359; 650026; 2
1670091870.779359; 650051; 2
1670091870.804355; 650076; 2
1670091870.829354; 650101; 2
1670091870.854359; 650126; 3
1670091870.879364; 650151; 3
1670091870.904361; 650176; 3
1670091870.929359; 650201; 3
1670091870.954359; 650226; 3
1670091870.979359; 650251; 3
1670091871.004364; 650276; 3
1670091871.029356; 650301; 3
1670091871.054361; 650326; 2
1670091871.079355; 650351; 2
1670091871.104369; 650376; 2
1670091871.129355; 650401; 2
1670091871.154354; 650426; 2
1670091871.179354; 650451; 2
1670091871.204364; 650476; 2
1670091871.229355; 650501; 2
1670091871.254354; 650526; 2
1670091871.279354; 650551; 2
1670091871.304363; 650576; 2
1670091871.329362; 650601; 2
1670091871.354354; 650626; 2
1670091871.379354; 650651; 2
1670091871.404359; 650676; 2
1670091871.429364; 650701; 2
1670091871.454360; 650726; 2
1670091871.479359; 650751; 2
1670091871.504359; 650776; 2
1670091871.529368; 650801; 2
1670091871.554360; 650826; 2
1670091871.579359; 650851; 2
1670091871.604354; 650876; 2
1670091871.629359; 650901; 2
1670091871.654355; 650926; 2
1670091871.679354; 650951; 2
1670091871.704354; 650976; 2
1670091871.729354; 651001; 2
1670091871.754359; 651026; 2
1670091871.779355; 651051; 2
1670091871.804354; 651076; 2
1670091871.829354; 651101; 2
1670091871.854366; 651126; 2
1670091871.879355; 651151; 2
1670091871.904354; 651176; 2
1670091871.929354; 651201; 2
1670091871.954368; 651226; 2
1670091871.979360; 651251; 2
1670091872.004359; 651276; 2
1670091872.029360; 651301; 2
1670091872.054360; 651326; 2
1670091872.079362; 651351; 2
1670091872.104355; 651376; 2
1670091872.129359; 651401; 2
1670091872.154359; 651426; 2
1670091872.179364; 651451; 2
1670091872.204360; 651476; 2
1670091872.229354; 651501; 2
1670091872.254354; 651526; 2
1670091872.279359; 651551; 2
1670091872.304355; 651576; 2
1670091872.329354; 651601; 2
1670091872.354354; 651626; 2
1670091872.379362; 651651; 2
1670091872.404355; 651676; 2
1670091872.429354; 651701; 2
1670091872.454354; 651726; 2
1670091872.479359; 651751; 2
1670091872.504355; 651776; 2
1670091872.529354; 651801; 2
1670091872.554354; 651826; 2
1670091872.579354; 651851; 2
1670091872.604359; 651876; 2
1670091872.629361; 651901; 2
1670091872.654359; 651926; 2
1670091872.679359; 651951; 2
1670091872.704364; 651976; 2
1670091872.729360; 652001; 2
1670091872.754359; 652026; 2
1670091872.779354; 652051; 2
1670091872.804368; 652076; 2
1670091872.829360; 652101; 2
1670091872.854359; 652126; 2
1670091872.879362; 652151; 2
1670091872.904357; 652176; 2
1670091872.929356; 652201; 2
1670091872.954359; 652226; 2
1670091872.979359; 652251; 2
1670091873.004359; 652276; 2
1670091873.029360; 652301; 2
1670091873.054362; 652326; 2
1670091873.079355; 652351; 2
1670091873.104361; 652376; 2
1670091873.129359; 652401; 2
1670091873.154355; 652426; 2
1670091873.179354; 652451; 2
1670091873.204354; 652476; 2
1670091873.229368; 652501; 2
1670091873.254355; 652526; 2
1670091873.279359; 652551; 2
1670091873.304359; 652576; 2
1670091873.329359; 652601; 2
1670091873.354364; 652626; 2
1670091873.379360; 652651; 2
1670091873.404359; 652676; 2
1670091873.429359; 652701; 2
1670091873.454359; 652726; 2
1670091873.479355; 652751; 2
1670091873.504354; 652776; 2
1670091873.529354; 652801; 2
1670091873.554359; 652826; 2
1670091873.579355; 652851; 2
1670091873.604354; 652876; 2
1670091873.629354; 652901; 2
1670091873.654368; 652926; 2
1670091873.679360; 652951; 2
1670091873.704354; 652976; 2
1670091873.729354; 653001; 2
1670091873.754354; 653026; 2
1670091873.779359; 653051; 2
1670091873.804355; 653076; 2
1670091873.829354; 653101; 2
1670091873.854354; 653126; 2
1670091873.879359; 653151; 2
1670091873.904355; 653176; 2
1670091873.929354; 653201; 2
1670091873.954363; 653226; 2
1670091873.979359; 653251; 2
1670091874.004355; 653276; 2
1670091874.029360; 653301; 2
1670091874.054369; 653326; 2
1670091874.079369; 653351; 2
1670091874.104356; 653376; 2
1670091874.129359; 653401; 2
1670091874.154359; 653426; 2
1670091874.179359; 653451; 2
1670091874.204364; 653476; 2
1670091874.229361; 653501; 2
1670091874.254359; 653526; 2
1670091874.279354; 653551; 2
1670091874.304359; 653576; 2
1670091874.329355; 653601; 2
1670091874.354354; 653626; 2
1670091874.379354; 653651; 2
1670091874.404359; 653676; 2
1670091874.429355; 653701; 2
1670091874.454354; 653726; 2
1670091874.479359; 653751; 2
1670091874.504366; 653776; 2
1670091874.529362; 653801; 2
1670091874.554354; 653826; 2
1670091874.579354; 653851; 2
1670091874.604354; 653876; 2
1670091874.629359; 653901; 2
1670091874.654355; 653926; 2
1670091874.679359; 653951; 2
1670091874.704359; 653976; 2
1670091874.729359; 654001; 2
1670091874.754355; 654026; 2
1670091874.779354; 654051; 2
1670091874.804354; 654076; 2
1670091874.829359; 654101; 2
1670091874.854355; 654126; 2
1670091874.879359; 654151; 2
1670091874.904359; 654176; 2
1670091874.929359; 654201; 2
1670091874.954362; 654226; 2
1670091874.979355; 654251; 2
1670091875.004354; 654276; 2
1670091875.029355; 654301; 2
1670091875.054360; 654326; 2
1670091875.079362; 654351; 2
1670091875.104355; 654376; 2
1670091875.129354; 654401; 2
1670091875.154359; 654426; 2
1670091875.179355; 654451; 2
1670091875.204354; 654476; 2
1670091875.229354; 654501; 2
1670091875.254359; 654526; 2
1670091875.279355; 654551; 2
1670091875.304354; 654576; 2
1670091875.329354; 654601; 2
1670091875.354354; 654626; 2
1670091875.379362; 654651; 2
1670091875.404355; 654676; 2
1670091875.429354; 654701; 2
1670091875.454354; 654726; 2
1670091875.479359; 654751; 2
1670091875.504360; 654776; 2
1670091875.529359; 654801; 2
1670091875.554359; 654826; 2
1670091875.579364; 654851; 2
1670091875.604360; 654876; 2
1670091875.629359; 654901; 2
1670091875.654359; 654926; 3
1670091875.679364; 654951; 3
1670091875.704360; 654976; 3
1670091875.729359; 655001; 3
1670091875.754359; 655026; 3
1670091875.779354; 655051; 3
1670091875.804362; 655076; 3
1670091875.829355; 655101; 3
1670091875.854354; 655126; 3
1670091875.879354; 655151; 3
1670091875.904364; 655176; 3
1670091875.929360; 655201; 3
1670091875.954359; 655226; 3
1670091875.979359; 655251; 3
1670091876.004364; 655276; 3
1670091876.029356; 655301; 3
1670091876.054360; 655326; 3
1670091876.079355; 655351; 3
1670091876.104359; 655376; 3
1670091876.129361; 655401; 3
1670091876.154355; 655426; 3
1670091876.179355; 655451; 3
1670091876.204355; 655476; 3
1670091876.229363; 655501; 3
1670091876.254356; 655526; 3
1670091876.279355; 655551; 3
1670091876.304355; 655576; 3
1670091876.329360; 655601; 3
1670091876.354355; 655626; 3
1670091876.379354; 655651; 3
1670091876.404354; 655676; 3
1670091876.429359; 655701; 3
1670091876.454355; 655726; 3
1670091876.479354; 655751; 3
1670091876.504354; 655776; 3
1670091876.529359; 655801; 3
1670091876.554364; 655826; 3
1670091876.579360; 655851; 3
1670091876.604359; 655876; 3
1670091876.629359; 655901; 3
1670091876.654368; 655926; 3
1670091876.679361; 655951; 3
1670091876.704359; 655976; 3
1670091876.729354; 656001; 3
1670091876.754359; 656026; 3
1670091876.779361; 656051; 3
1670091876.804359; 656076; 3
1670091876.829359; 656101; 3
1670091876.854364; 656126; 3
1670091876.879360; 656151; 2
1670091876.904359; 656176; 2
1670091876.929360; 656201; 2
1670091876.954359; 656226; 2
1670091876.979364; 656251; 2
1670091877.004361; 656276; 2
1670091877.029355; 656301; 2
1670091877.054360; 656326; 2
1670091877.079369; 656351; 2
1670091877.104356; 656376; 2
1670091877.129359; 656401; 2
1670091877.154359; 656426; 2
1670091877.179360; 656451; 2
1670091877.204355; 656476; 2
1670091877.229354; 656501; 2
1670091877.254354; 656526; 2
1670091877.279359; 656551; 2
1670091877.304355; 656576; 2
1670091877.329354; 656601; 2
1670091877.354359; 656626; 2
1670091877.379359; 656651; 2
1670091877.404364; 656676; 2
1670091877.429360; 656701; 2
1670091877.454354; 656726; 2
1670091877.479354; 656751; 2
1670091877.504368; 656776; 2
1670091877.529360; 656801; 2
1670091877.554354; 656826; 2
1670091877.579354; 656851; 2
1670091877.604359; 656876; 2
1670091877.629355; 656901; 2
1670091877.654354; 656926; 2
1670091877.679354; 656951; 2
1670091877.704363; 656976; 2
1670091877.729362; 657001; 2
1670091877.754359; 657026; 2
1670091877.779354; 657051; 2
1670091877.804354; 657076; 2
1670091877.829359; 657101; 2
1670091877.854355; 657126; 2
1670091877.879354; 657151; 2
1670091877.904354; 657176; 2
1670091877.929362; 657201; 2
1670091877.954360; 657226; 2
1670091877.979359; 657251; 2
1670091878.004359; 657276; 2
1670091878.029365; 657301; 2
1670091878.054356; 657326; 2
1670091878.079360; 657351; 2
1670091878.104355; 657376; 2
1670091878.129354; 657401; 2
1670091878.154359; 657426; 2
1670091878.179360; 657451; 2
1670091878.204354; 657476; 2
1670091878.229354; 657501; 2
1670091878.254359; 657526; 2
1670091878.279355; 657551; 2
1670091878.304354; 657576; 2
1670091878.329354; 657601; 2
1670091878.354368; 657626; 2
1670091878.379361; 657651; 2
1670091878.404359; 657676; 2
1670091878.429359; 657701; 2
1670091878.454364; 657726; 2
1670091878.479360; 657751; 2
1670091878.504359; 657776; 2
1670091878.529359; 657801; 2
1670091878.554359; 657826; 2
1670091878.579359; 657851; 2
1670091878.604355; 657876; 2
1670091878.629354; 657901; 2
1670091878.654354; 657926; 2
1670091878.679359; 657951; 2
1670091878.704355; 657976; 2
1670091878.729354; 658001; 2
1670091878.754354; 658026; 2
1670091878.779362; 658051; 2
1670091878.804355; 658076; 2
1670091878.829354; 658101; 2
1670091878.854354; 658126; 2
1670091878.879359; 658151; 2
1670091878.904355; 658176; 2
1670091878.929354; 658201; 2
1670091878.954354; 658226; 2
1670091878.979354; 658251; 2
1670091879.004359; 658276; 2
1670091879.029356; 658301; 3
1670091879.054360; 658326; 3
1670091879.079355; 658351; 3
1670091879.104365; 658376; 3
1670091879.129355; 658401; 3
1670091879.154354; 658426; 3
1670091879.179348; 658451; 3
1670091879.204362; 658476; 3
1670091879.229355; 658501; 3
1670091879.254354; 658526; 3
1670091879.279354; 658551; 3
1670091879.304363; 658576; 3
1670091879.329362; 658601; 3
1670091879.354354; 658626; 3
1670091879.379383; 658651; 3
1670091879.404359; 658676; 3
1670091879.429364; 658701; 3
1670091879.454360; 658726; 3
1670091879.479359; 658751; 3
1670091879.504359; 658776; 3
1670091879.529364; 658801; 3
1670091879.554360; 658826; 3
1670091879.579359; 658851; 3
1670091879.604359; 658876; 3
1670091879.629368; 658901; 3
1670091879.654360; 658926; 3
1670091879.679359; 658951; 3
1670091879.704354; 658976; 3
1670091879.729354; 659001; 3
1670091879.754359; 659026; 3
1670091879.779359; 659051; 3
1670091879.804359; 659076; 3
1670091879.829359; 659101; 3
1670091879.854364; 659126; 3
1670091879.879360; 659151; 3
1670091879.904359; 659176; 3
1670091879.929359; 659201; 3
1670091879.954364; 659226; 3
1670091879.979360; 659251; 3
1670091880.004354; 659276; 3
1670091880.029355; 659301; 3
1670091880.054369; 659326; 3
1670091880.079356; 659351; 3
1670091880.104360; 659376; 3
1670091880.129354; 659401; 3
1670091880.154354; 659426; 3
1670091880.179359; 659451; 3
1670091880.204355; 659476; 3
1670091880.229354; 659501; 3
1670091880.254359; 659526; 3
1670091880.279359; 659551; 3
1670091880.304355; 659576; 3
1670091880.329354; 659601; 3
1670091880.354354; 659626; 3
1670091880.379359; 659651; 3
1670091880.404359; 659676; 3
1670091880.429359; 659701; 3
1670091880.454359; 659726; 3
1670091880.479368; 659751; 3
1670091880.504360; 659776; 3
1670091880.529359; 659801; 3
1670091880.554359; 659826; 3
1670091880.579359; 659851; 3
1670091880.604364; 659876; 3
1670091880.629355; 659901; 3
1670091880.654354; 659926; 3
1670091880.679354; 659951; 3
1670091880.704359; 659976; 3
1670091880.729355; 660001; 3
1670091880.754354; 660026; 3
1670091880.779354; 660051; 3
1670091880.804359; 660076; 3
1670091880.829355; 660101; 3
1670091880.854354; 660126; 3
1670091880.879354; 660151; 3
1670091880.904366; 660176; 3
1670091880.929362; 660201; 3
1670091880.954354; 660226; 3
1670091880.979354; 660251; 3
1670091881.004354; 660276; 3
1670091881.029360; 660301; 3
1670091881.054362; 660326; 3
1670091881.079360; 660351; 2
1670091881.104355; 660376; 2
1670091881.129359; 660401; 2
1670091881.154355; 660426; 2
1670091881.179354; 660451; 2
1670091881.204354; 660476; 2
1670091881.229359; 660501; 2
1670091881.254355; 660526; 2
1670091881.279378; 660551; 3
1670091881.304400; 660576; 3
1670091881.329360; 660601; 3
1670091881.354400; 660626; 3
1670091881.379365; 660651; 3
1670091881.404354; 660676; 3
1670091881.429359; 660701; 3
1670091881.454368; 660726; 3
1670091881.479364; 660751; 3
1670091881.504354; 660776; 3
1670091881.529354; 660801; 3
1670091881.554364; 660826; 3
1670091881.579360; 660851; 3
1670091881.604359; 660876; 3
1670091881.629359; 660901; 3
1670091881.654364; 660926; 3
1670091881.679360; 660951; 3
1670091881.704359; 660976; 3
1670091881.729359; 661001; 3
1670091881.754354; 661026; 3
1670091881.779362; 661051; 4
1670091881.804355; 661076; 4
1670091881.829354; 661101; 4
1670091881.854354; 661126; 4
1670091881.879359; 661151; 4
1670091881.904355; 661176; 4
1670091881.929354; 661201; 4
1670091881.954354; 661226; 4
1670091881.979359; 661251; 4
1670091882.004355; 661276; 4
1670091882.029355; 661301; 4
1670091882.054355; 661326; 4
1670091882.079365; 661351; 4
1670091882.104356; 661376; 4
1670091882.129359; 661401; 4
1670091882.154359; 661426; 4
1670091882.179359; 661451; 4
1670091882.204368; 661476; 4
1670091882.229360; 661501; 4
1670091882.254359; 661526; 4
1670091882.279354; 661551; 4
1670091882.304364; 661576; 4
1670091882.329360; 661601; 4
1670091882.354359; 661626; 4
1670091882.379359; 661651; 4
1670091882.404364; 661676; 3
1670091882.429360; 661701; 3
1670091882.454354; 661726; 3
1670091882.479354; 661751; 3
1670091882.504363; 661776; 3
1670091882.529362; 661801; 3
1670091882.554354; 661826; 3
1670091882.579359; 661851; 3
1670091882.604359; 661876; 3
1670091882.629362; 661901; 3
1670091882.654355; 661926; 3
1670091882.679354; 661951; 3
1670091882.704359; 661976; 3
1670091882.729364; 662001; 3
1670091882.754361; 662026; 3
1670091882.779354; 662051; 3
1670091882.804354; 662076; 3
1670091882.829359; 662101; 3
1670091882.854355; 662126; 3
1670091882.879359; 662151; 3
1670091882.904359; 662176; 3
1670091882.929359; 662201; 3
1670091882.954364; 662226; 3
1670091882.979361; 662251; 3
1670091883.004359; 662276; 3
1670091883.029355; 662301; 3
1670091883.054363; 662326; 3
1670091883.079362; 662351; 3
1670091883.104355; 662376; 3
1670091883.129354; 662401; 3
1670091883.154359; 662426; 3
1670091883.179355; 662451; 3
1670091883.204354; 662476; 3
1670091883.229354; 662501; 3
1670091883.254359; 662526; 3
1670091883.279355; 662551; 3
1670091883.304354; 662576; 3
1670091883.329359; 662601; 2
1670091883.354359; 662626; 2
1670091883.379364; 662651; 2
1670091883.404360; 662676; 2
1670091883.429359; 662701; 2
1670091883.454359; 662726; 2
1670091883.479362; 662751; 2
1670091883.504355; 662776; 2
1670091883.529354; 662801; 2
1670091883.554354; 662826; 2
1670091883.579373; 662851; 2
1670091883.604360; 662876; 2
1670091883.629359; 662901; 2
1670091883.654359; 662926; 2
1670091883.679364; 662951; 2
1670091883.704361; 662976; 2
1670091883.729359; 663001; 2
1670091883.754359; 663026; 2
1670091883.779359; 663051; 2
1670091883.804364; 663076; 2
1670091883.829360; 663101; 2
1670091883.854359; 663126; 2
1670091883.879359; 663151; 2
1670091883.904368; 663176; 2
1670091883.929360; 663201; 2
1670091883.954359; 663226; 2
1670091883.979359; 663251; 2
1670091884.004364; 663276; 2
1670091884.029356; 663301; 2
1670091884.054360; 663326; 2
1670091884.079355; 663351; 2
1670091884.104359; 663376; 2
1670091884.129356; 663401; 2
1670091884.154359; 663426; 2
1670091884.179359; 663451; 2
1670091884.204359; 663476; 2
1670091884.229364; 663501; 2
1670091884.254360; 663526; 2
1670091884.279354; 663551; 2
1670091884.304359; 663576; 2
1670091884.329368; 663601; 2
1670091884.354355; 663626; 2
1670091884.379354; 663651; 2
1670091884.404354; 663676; 2
1670091884.429359; 663701; 2
1670091884.454355; 663726; 2
1670091884.479354; 663751; 2
1670091884.504359; 663776; 2
1670091884.529359; 663801; 2
1670091884.554364; 663826; 2
1670091884.579360; 663851; 2
1670091884.604360; 663876; 2
1670091884.629359; 663901; 2
1670091884.654364; 663926; 2
1670091884.679360; 663951; 2
1670091884.704363; 663976; 2
1670091884.729354; 664001; 2
1670091884.754368; 664026; 2
1670091884.779355; 664051; 2
1670091884.804354; 664076; 2
1670091884.829354; 664101; 2
1670091884.854359; 664126; 2
1670091884.879355; 664151; 2
1670091884.904354; 664176; 2
1670091884.929359; 664201; 2
1670091884.954359; 664226; 2
1670091884.979364; 664251; 2
1670091885.004360; 664276; 2
1670091885.029355; 664301; 2
1670091885.054360; 664326; 2
1670091885.079360; 664351; 2
1670091885.104362; 664376; 2
1670091885.129354; 664401; 2
1670091885.154354; 664426; 2
1670091885.179368; 664451; 2
1670091885.204360; 664476; 2
1670091885.229359; 664501; 2
1670091885.254359; 664526; 2
1670091885.279359; 664551; 2
1670091885.304355; 664576; 2
1670091885.329359; 664601; 2
1670091885.354359; 664626; 3
1670091885.379359; 664651; 3
1670091885.404364; 664676; 3
1670091885.429360; 664701; 3
1670091885.454359; 664726; 3
1670091885.479359; 664751; 3
1670091885.504364; 664776; 3
1670091885.529355; 664801; 3
1670091885.554354; 664826; 3
1670091885.579354; 664851; 3
1670091885.604362; 664876; 3
1670091885.629355; 664901; 3
1670091885.654359; 664926; 3
1670091885.679359; 664951; 2
1670091885.704357; 664976; 2
1670091885.729369; 665001; 2
1670091885.754359; 665026; 2
1670091885.779354; 665051; 2
1670091885.804354; 665076; 2
1670091885.829359; 665101; 2
1670091885.854355; 665126; 2
1670091885.879354; 665151; 2
1670091885.904359; 665176; 2
1670091885.929364; 665201; 2
1670091885.954361; 665226; 2
1670091885.979359; 665251; 2
1670091886.004359; 665276; 2
1670091886.029363; 665301; 2
1670091886.054362; 665326; 2
1670091886.079355; 665351; 2
1670091886.104361; 665376; 2
1670091886.129354; 665401; 2
1670091886.154364; 665426; 2
1670091886.179355; 665451; 2
1670091886.204354; 665476; 2
1670091886.229354; 665501; 2
1670091886.254359; 665526; 2
1670091886.279355; 665551; 2
1670091886.304354; 665576; 2
1670091886.329354; 665601; 2
1670091886.354359; 665626; 2
1670091886.379355; 665651; 2
1670091886.404359; 665676; 2
1670091886.429359; 665701; 2
1670091886.454368; 665726; 2
1670091886.479360; 665751; 2
1670091886.504359; 665776; 2
1670091886.529359; 665801; 2
1670091886.554359; 665826; 2
1670091886.579364; 665851; 2
1670091886.604360; 665876; 2
1670091886.629359; 665901; 2
1670091886.654359; 665926; 2
1670091886.679364; 665951; 2
1670091886.704361; 665976; 2
1670091886.729359; 666001; 2
1670091886.754354; 666026; 2
1670091886.779364; 666051; 2
1670091886.804374; 666076; 2
1670091886.829354; 666101; 2
1670091886.854354; 666126; 2
1670091886.879368; 666151; 2
1670091886.904360; 666176; 2
1670091886.929359; 666201; 2
1670091886.954359; 666226; 2
1670091886.979354; 666251; 2
1670091887.004359; 666276; 2
1670091887.029356; 666301; 2
1670091887.054361; 666326; 2
1670091887.079361; 666351; 2
1670091887.104360; 666376; 2
1670091887.129355; 666401; 2
1670091887.154354; 666426; 2
1670091887.179359; 666451; 2
1670091887.204364; 666476; 2
1670091887.229361; 666501; 2
1670091887.254359; 666526; 2
1670091887.279354; 666551; 2
1670091887.304361; 666576; 2
1670091887.329362; 666601; 2
1670091887.354354; 666626; 2
1670091887.379359; 666651; 2
1670091887.404359; 666676; 2
1670091887.429364; 666701; 2
1670091887.454360; 666726; 2
1670091887.479359; 666751; 2
1670091887.504359; 666776; 2
1670091887.529364; 666801; 2
1670091887.554361; 666826; 2
1670091887.579354; 666851; 2
1670091887.604354; 666876; 2
1670091887.629359; 666901; 2
1670091887.654355; 666926; 2
1670091887.679354; 666951; 2
1670091887.704354; 666976; 2
1670091887.729354; 667001; 2
1670091887.754362; 667026; 2
1670091887.779360; 667051; 2
1670091887.804359; 667076; 2
1670091887.829357; 667101; 2
1670091887.854359; 667126; 2
1670091887.879355; 667151; 2
1670091887.904354; 667176; 2
1670091887.929354; 667201; 2
1670091887.954359; 667226; 2
1670091887.979355; 667251; 2
1670091888.004359; 667276; 2
1670091888.029355; 667301; 2
1670091888.054365; 667326; 2
1670091888.079356; 667351; 2
1670091888.104355; 667376; 2
1670091888.129354; 667401; 2
1670091888.154354; 667426; 2
1670091888.179362; 667451; 2
1670091888.204355; 667476; 2
1670091888.229354; 667501; 2
1670091888.254354; 667526; 2
1670091888.279359; 667551; 2
1670091888.304355; 667576; 2
1670091888.329354; 667601; 2
1670091888.354354; 667626; 2
1670091888.379359; 667651; 2
1670091888.404355; 667676; 2
1670091888.429354; 667701; 2
1670091888.454354; 667726; 2
1670091888.479359; 667751; 2
1670091888.504355; 667776; 2
1670091888.529354; 667801; 2
1670091888.554354; 667826; 2
1670091888.579354; 667851; 2
1670091888.604367; 667876; 2
1670091888.629360; 667901; 2
1670091888.654359; 667926; 2
1670091888.679359; 667951; 2
1670091888.704364; 667976; 2
1670091888.729360; 668001; 2
1670091888.754359; 668026; 2
1670091888.779359; 668051; 2
1670091888.804359; 668076; 2
1670091888.829355; 668101; 2
1670091888.854354; 668126; 2
1670091888.879354; 668151; 2
1670091888.904363; 668176; 2
1670091888.929362; 668201; 2
1670091888.954354; 668226; 2
1670091888.979354; 668251; 2
1670091889.004354; 668276; 2
1670091889.029369; 668301; 2
1670091889.054356; 668326; 2
1670091889.079360; 668351; 2
1670091889.104355; 668376; 2
1670091889.129359; 668401; 2
1670091889.154355; 668426; 2
1670091889.179354; 668451; 2
1670091889.204354; 668476; 2
1670091889.229364; 668501; 2
1670091889.254360; 668526; 2
1670091889.279354; 668551; 2
1670091889.304354; 668576; 2
1670091889.329359; 668601; 2
1670091889.354364; 668626; 2
1670091889.379360; 668651; 2
1670091889.404359; 668676; 2
1670091889.429354; 668701; 2
1670091889.454362; 668726; 2
1670091889.479355; 668751; 2
1670091889.504354; 668776; 2
1670091889.529354; 668801; 2
1670091889.554359; 668826; 2
1670091889.579355; 668851; 2
1670091889.604354; 668876; 2
1670091889.629359; 668901; 2
1670091889.654364; 668926; 2
1670091889.679355; 668951; 2
1670091889.704354; 668976; 2
1670091889.729354; 669001; 2
1670091889.754354; 669026; 2
1670091889.779359; 669051; 2
1670091889.804355; 669076; 2
1670091889.829363; 669101; 2
1670091889.854354; 669126; 2
1670091889.879362; 669151; 2
1670091889.904355; 669176; 2
1670091889.929354; 669201; 2
1670091889.954354; 669226; 2
1670091889.979359; 669251; 2
1670091890.004355; 669276; 2
1670091890.029371; 669301; 2
1670091890.054355; 669326; 2
1670091890.079365; 669351; 2
1670091890.104356; 669376; 2
1670091890.129359; 669401; 2
1670091890.154359; 669426; 2
1670091890.179359; 669451; 2
1670091890.204364; 669476; 2
1670091890.229360; 669501; 2
1670091890.254354; 669526; 2
1670091890.279354; 669551; 2
1670091890.304368; 669576; 2
1670091890.329360; 669601; 2
1670091890.354359; 669626; 2
1670091890.379359; 669651; 2
1670091890.404364; 669676; 2
1670091890.429360; 669701; 2
1670091890.454354; 669726; 2
1670091890.479354; 669751; 2
1670091890.504363; 669776; 2
1670091890.529362; 669801; 2
1670091890.554359; 669826; 2
1670091890.579359; 669851; 2
1670091890.604359; 669876; 2
1670091890.629364; 669901; 2
1670091890.654360; 669926; 2
1670091890.679359; 669951; 2
1670091890.704359; 669976; 2
1670091890.729368; 670001; 2
1670091890.754360; 670026; 2
1670091890.779354; 670051; 2
1670091890.804359; 670076; 2
1670091890.829364; 670101; 2
1670091890.854360; 670126; 2
1670091890.879359; 670151; 2
1670091890.904359; 670176; 2
1670091890.929359; 670201; 2
1670091890.954364; 670226; 2
1670091890.979360; 670251; 3
1670091891.004359; 670276; 3
1670091891.029355; 670301; 3
1670091891.054357; 670326; 3
1670091891.079362; 670351; 3
1670091891.104355; 670376; 3
1670091891.129354; 670401; 3
1670091891.154368; 670426; 3
1670091891.179360; 670451; 3
1670091891.204359; 670476; 3
1670091891.229359; 670501; 3
1670091891.254359; 670526; 3
1670091891.279355; 670551; 3
1670091891.304354; 670576; 3
1670091891.329354; 670601; 3
1670091891.354354; 670626; 3
1670091891.379359; 670651; 3
1670091891.404355; 670676; 3
1670091891.429354; 670701; 3
1670091891.454354; 670726; 3
1670091891.479364; 670751; 3
1670091891.504360; 670776; 3
1670091891.529359; 670801; 3
1670091891.554359; 670826; 3
1670091891.579368; 670851; 3
1670091891.604361; 670876; 3
1670091891.629359; 670901; 3
1670091891.654359; 670926; 3
1670091891.679364; 670951; 3
1670091891.704360; 670976; 3
1670091891.729359; 671001; 3
1670091891.754359; 671026; 3
1670091891.779354; 671051; 3
1670091891.804359; 671076; 3
1670091891.829360; 671101; 3
1670091891.854359; 671126; 3
1670091891.879354; 671151; 3
1670091891.904359; 671176; 3
1670091891.929355; 671201; 3
1670091891.954354; 671226; 3
1670091891.979354; 671251; 3
1670091892.004368; 671276; 2
1670091892.029362; 671301; 2
1670091892.054355; 671326; 2
1670091892.079364; 671351; 2
1670091892.104359; 671376; 2
1670091892.129356; 671401; 2
1670091892.154359; 671426; 2
1670091892.179359; 671451; 2
1670091892.204359; 671476; 2
1670091892.229364; 671501; 2
1670091892.254360; 671526; 2
1670091892.279354; 671551; 2
1670091892.304354; 671576; 2
1670091892.329359; 671601; 2
1670091892.354360; 671626; 2
1670091892.379359; 671651; 2
1670091892.404359; 671676; 2
1670091892.429367; 671701; 2
1670091892.454360; 671726; 2
1670091892.479359; 671751; 2
1670091892.504354; 671776; 2
1670091892.529354; 671801; 2
