1670089595.191516; 3864; 1
1670089595.215675; 3889; 1
1670089595.240670; 3914; 1
1670089595.265670; 3939; 2
1670089595.290674; 3964; 2
1670089595.315688; 3989; 2
1670089595.340675; 4014; 2
1670089595.365674; 4039; 1
1670089595.390674; 4064; 1
1670089595.415674; 4089; 1
1670089595.440679; 4114; 1
1670089595.465675; 4139; 1
1670089595.490674; 4164; 1
1670089595.515674; 4189; 1
1670089595.540679; 4214; 1
1670089595.565675; 4239; 1
1670089595.590674; 4264; 1
1670089595.615674; 4289; 1
1670089595.640674; 4314; 1
1670089595.665679; 4339; 1
1670089595.690671; 4364; 1
1670089595.715670; 4389; 1
1670089595.740674; 4414; 1
1670089595.765678; 4439; 1
1670089595.790671; 4464; 1
1670089595.815670; 4489; 1
1670089595.840670; 4514; 1
1670089595.865670; 4539; 1
1670089595.890692; 4564; 1
1670089595.915675; 4589; 1
1670089595.940674; 4614; 1
1670089595.965674; 4639; 1
1670089595.990674; 4664; 3
1670089596.015672; 4689; 3
1670089596.040671; 4714; 3
1670089596.065675; 4739; 3
1670089596.090671; 4764; 4
1670089596.115680; 4789; 4
1670089596.140699; 4814; 4
1670089596.165670; 4839; 4
1670089596.190670; 4864; 4
1670089596.215670; 4889; 4
1670089596.240678; 4914; 4
1670089596.265671; 4939; 4
1670089596.290670; 4964; 4
1670089596.315670; 4989; 4
1670089596.340679; 5014; 4
1670089596.365675; 5039; 4
1670089596.390670; 5064; 4
1670089596.415670; 5089; 4
1670089596.440670; 5114; 4
1670089596.465675; 5139; 4
1670089596.490671; 5164; 4
1670089596.515670; 5189; 4
1670089596.540670; 5214; 4
1670089596.565675; 5239; 4
1670089596.590671; 5264; 4
1670089596.615670; 5289; 4
1670089596.640670; 5314; 4
1670089596.665670; 5339; 4
1670089596.690678; 5364; 5
1670089596.715671; 5389; 5
1670089596.740670; 5414; 5
1670089596.765670; 5439; 5
1670089596.790678; 5464; 5
1670089596.815677; 5489; 5
1670089596.840674; 5514; 5
1670089596.865674; 5539; 5
1670089596.890674; 5564; 5
1670089596.915675; 5589; 6
1670089596.940671; 5614; 6
1670089596.965670; 5639; 6
1670089596.990670; 5664; 6
1670089597.015670; 5689; 5
1670089597.040680; 5714; 5
1670089597.065672; 5739; 5
1670089597.090675; 5764; 5
1670089597.115675; 5789; 4
1670089597.140678; 5814; 4
1670089597.165671; 5839; 4
1670089597.190670; 5864; 4
1670089597.215670; 5889; 3
1670089597.240670; 5914; 3
1670089597.265679; 5939; 3
1670089597.290675; 5964; 3
1670089597.315674; 5989; 4
1670089597.340674; 6014; 4
1670089597.365679; 6039; 4
1670089597.390675; 6064; 4
1670089597.415674; 6089; 4
1670089597.440674; 6114; 4
1670089597.465674; 6139; 4
1670089597.490679; 6164; 4
1670089597.515675; 6189; 1
1670089597.540674; 6214; 1
1670089597.565674; 6239; 1
1670089597.590681; 6264; 1
1670089597.615676; 6289; 1
1670089597.640674; 6314; 1
1670089597.665674; 6339; 1
1670089597.690674; 6364; 1
1670089597.715679; 6389; 1
1670089597.740671; 6414; 1
1670089597.765670; 6439; 1
1670089597.790674; 6464; 1
1670089597.815674; 6489; 1
1670089597.840679; 6514; 1
1670089597.865675; 6539; 1
1670089597.890670; 6564; 1
1670089597.915670; 6589; 1
1670089597.940675; 6614; 1
1670089597.965671; 6639; 1
1670089597.990670; 6664; 1
1670089598.015670; 6689; 1
1670089598.040675; 6714; 1
1670089598.065684; 6739; 1
1670089598.090672; 6764; 1
1670089598.115675; 6789; 1
1670089598.140674; 6814; 1
1670089598.165675; 6839; 1
1670089598.190675; 6864; 1
1670089598.215674; 6889; 1
1670089598.240674; 6914; 5
1670089598.265674; 6939; 5
1670089598.290679; 6964; 5
1670089598.315675; 6989; 5
1670089598.340674; 7014; 5
1670089598.365674; 7039; 5
1670089598.390678; 7064; 5
1670089598.415676; 7089; 5
1670089598.440674; 7114; 5
1670089598.465674; 7139; 5
1670089598.490674; 7164; 5
1670089598.515678; 7189; 5
1670089598.540671; 7214; 5
1670089598.565674; 7239; 5
1670089598.590674; 7264; 5
1670089598.615674; 7289; 5
1670089598.640675; 7314; 5
1670089598.665671; 7339; 5
1670089598.690670; 7364; 5
1670089598.715670; 7389; 5
1670089598.740675; 7414; 5
1670089598.765675; 7439; 5
1670089598.790674; 7464; 5
1670089598.815674; 7489; 5
1670089598.840674; 7514; 5
1670089598.865679; 7539; 5
1670089598.890675; 7564; 5
1670089598.915674; 7589; 5
1670089598.940674; 7614; 5
1670089598.965682; 7639; 5
1670089598.990675; 7664; 5
1670089599.015670; 7689; 5
1670089599.040675; 7714; 5
1670089599.065671; 7739; 5
1670089599.090680; 7764; 5
1670089599.115672; 7789; 5
1670089599.140670; 7814; 5
1670089599.165674; 7839; 5
1670089599.190678; 7864; 5
1670089599.215677; 7889; 5
1670089599.240674; 7914; 5
1670089599.265674; 7939; 6
1670089599.290674; 7964; 6
1670089599.315679; 7989; 6
1670089599.340675; 8014; 6
1670089599.365682; 8039; 5
1670089599.390674; 8064; 5
1670089599.415674; 8089; 5
1670089599.440682; 8114; 5
1670089599.465675; 8139; 5
1670089599.490674; 8164; 5
1670089599.515674; 8189; 5
1670089599.540675; 8214; 5
1670089599.565671; 8239; 5
1670089599.590674; 8264; 5
1670089599.615674; 8289; 5
1670089599.640674; 8314; 5
1670089599.665679; 8339; 5
1670089599.690675; 8364; 5
1670089599.715674; 8389; 5
1670089599.740674; 8414; 5
1670089599.765679; 8439; 5
1670089599.790671; 8464; 5
1670089599.815670; 8489; 5
1670089599.840674; 8514; 5
1670089599.865674; 8539; 5
1670089599.890682; 8564; 5
1670089599.915675; 8589; 5
1670089599.940674; 8614; 5
1670089599.965674; 8639; 6
1670089599.990678; 8664; 6
1670089600.015677; 8689; 6
1670089600.040675; 8714; 6
1670089600.065671; 8739; 5
1670089600.090675; 8764; 5
1670089600.115680; 8789; 5
1670089600.140675; 8814; 5
1670089600.165674; 8839; 5
1670089600.190688; 8864; 5
1670089600.215670; 8889; 5
1670089600.240679; 8914; 5
1670089600.265675; 8939; 5
1670089600.290674; 8964; 5
1670089600.315674; 8989; 5
1670089600.340682; 9014; 5
1670089600.365675; 9039; 5
1670089600.390680; 9064; 5
1670089600.415674; 9089; 5
1670089600.440674; 9114; 5
1670089600.465675; 9139; 5
1670089600.490671; 9164; 4
1670089600.515670; 9189; 4
1670089600.540670; 9214; 4
1670089600.565675; 9239; 4
1670089600.590671; 9264; 1
1670089600.615670; 9289; 1
1670089600.640670; 9314; 1
1670089600.665674; 9339; 1
1670089600.690679; 9364; 1
1670089600.715675; 9389; 1
1670089600.740674; 9414; 1
1670089600.765674; 9439; 1
1670089600.790677; 9464; 1
1670089600.815677; 9489; 1
1670089600.840674; 9514; 1
1670089600.865674; 9539; 1
1670089600.890674; 9564; 1
1670089600.915679; 9589; 1
1670089600.940675; 9614; 1
1670089600.965674; 9639; 1
1670089600.990674; 9664; 1
1670089601.015674; 9689; 1
1670089601.040676; 9714; 1
1670089601.065677; 9739; 1
1670089601.090675; 9764; 1
1670089601.115671; 9789; 1
1670089601.140675; 9814; 1
1670089601.165671; 9839; 1
1670089601.190670; 9864; 1
1670089601.215674; 9889; 1
1670089601.240674; 9914; 1
1670089601.265683; 9939; 1
1670089601.290675; 9964; 1
1670089601.315674; 9989; 1
1670089601.340674; 10014; 1
1670089601.365679; 10039; 1
1670089601.390671; 10064; 1
1670089601.415672; 10089; 1
1670089601.440670; 10114; 1
1670089601.465660; 10139; 1
1670089601.490675; 10164; 1
1670089601.515671; 10189; 1
1670089601.540670; 10214; 1
1670089601.565670; 10239; 1
1670089601.590675; 10264; 1
1670089601.615671; 10289; 1
1670089601.640670; 10314; 1
1670089601.665670; 10339; 1
1670089601.690670; 10364; 1
1670089601.715678; 10389; 1
1670089601.740671; 10414; 1
1670089601.765670; 10439; 1
1670089601.790670; 10464; 1
1670089601.815675; 10489; 1
1670089601.840675; 10514; 1
1670089601.865674; 10539; 1
1670089601.890674; 10564; 1
1670089601.915679; 10589; 1
1670089601.940675; 10614; 1
1670089601.965674; 10639; 1
1670089601.990674; 10664; 1
1670089602.015674; 10689; 1
1670089602.040680; 10714; 1
1670089602.065672; 10739; 1
1670089602.090675; 10764; 1
1670089602.115671; 10789; 1
1670089602.140682; 10814; 1
1670089602.165675; 10839; 1
1670089602.190674; 10864; 1
1670089602.215674; 10889; 1
1670089602.240674; 10914; 1
1670089602.265679; 10939; 1
1670089602.290675; 10964; 1
1670089602.315674; 10989; 1
1670089602.340674; 11014; 1
1670089602.365679; 11039; 1
1670089602.390671; 11064; 1
1670089602.415670; 11089; 1
1670089602.440674; 11114; 1
1670089602.465678; 11139; 1
1670089602.490676; 11164; 1
1670089602.515674; 11189; 1
1670089602.540674; 11214; 1
1670089602.565674; 11239; 1
1670089602.590682; 11264; 1
1670089602.615675; 11289; 1
1670089602.640674; 11314; 1
1670089602.665674; 11339; 1
1670089602.690679; 11364; 1
1670089602.715675; 11389; 1
1670089602.740674; 11414; 1
1670089602.765674; 11439; 1
1670089602.790674; 11464; 1
1670089602.815679; 11489; 1
1670089602.840675; 11514; 1
1670089602.865670; 11539; 1
1670089602.890670; 11564; 1
1670089602.915675; 11589; 1
1670089602.940671; 11614; 1
1670089602.965670; 11639; 1
1670089602.990670; 11664; 1
1670089603.015670; 11689; 1
1670089603.040684; 11714; 1
1670089603.065676; 11739; 1
1670089603.090675; 11764; 1
1670089603.115675; 11789; 1
1670089603.140679; 11814; 1
1670089603.165675; 11839; 1
1670089603.190674; 11864; 1
1670089603.215674; 11889; 1
1670089603.240679; 11914; 1
1670089603.265675; 11939; 1
1670089603.290674; 11964; 1
1670089603.315674; 11989; 1
1670089603.340674; 12014; 3
1670089603.365679; 12039; 3
1670089603.390671; 12064; 3
1670089603.415670; 12089; 3
1670089603.440670; 12114; 5
1670089603.465682; 12139; 5
1670089603.490671; 12164; 5
1670089603.515670; 12189; 5
1670089603.540670; 12214; 5
1670089603.565670; 12239; 5
1670089603.590675; 12264; 5
1670089603.615671; 12289; 5
1670089603.640670; 12314; 5
1670089603.665670; 12339; 5
1670089603.690675; 12364; 5
1670089603.715671; 12389; 5
1670089603.740670; 12414; 5
1670089603.765670; 12439; 5
1670089603.790675; 12464; 5
1670089603.815671; 12489; 5
1670089603.840670; 12514; 5
1670089603.865670; 12539; 5
1670089603.890674; 12564; 5
1670089603.915682; 12589; 5
1670089603.940671; 12614; 5
1670089603.965670; 12639; 5
1670089603.990670; 12664; 5
1670089604.015675; 12689; 5
1670089604.040676; 12714; 5
1670089604.065675; 12739; 5
1670089604.090675; 12764; 5
1670089604.115671; 12789; 5
1670089604.140679; 12814; 5
1670089604.165675; 12839; 6
1670089604.190670; 12864; 6
1670089604.215670; 12889; 6
1670089604.240675; 12914; 6
1670089604.265671; 12939; 6
1670089604.290670; 12964; 6
1670089604.315670; 12989; 6
1670089604.340677; 13014; 6
1670089604.365673; 13039; 5
1670089604.390670; 13064; 5
1670089604.415670; 13089; 5
1670089604.440670; 13114; 5
1670089604.465675; 13139; 6
1670089604.490671; 13164; 6
1670089604.515670; 13189; 6
1670089604.540670; 13214; 6
1670089604.565675; 13239; 6
1670089604.590675; 13264; 6
1670089604.615674; 13289; 6
1670089604.640674; 13314; 6
1670089604.665674; 13339; 6
1670089604.690695; 13364; 6
1670089604.715675; 13389; 6
1670089604.740670; 13414; 6
1670089604.765674; 13439; 5
1670089604.790678; 13464; 5
1670089604.815671; 13489; 5
1670089604.840670; 13514; 5
1670089604.865670; 13539; 5
1670089604.890674; 13564; 2
1670089604.915679; 13589; 2
1670089604.940675; 13614; 2
1670089604.965688; 13639; 2
1670089604.990670; 13664; 1
1670089605.015675; 13689; 1
1670089605.040676; 13714; 1
1670089605.065675; 13739; 1
1670089605.090671; 13764; 3
1670089605.115676; 13789; 3
1670089605.140671; 13814; 3
1670089605.165674; 13839; 3
1670089605.190670; 13864; 5
1670089605.215670; 13889; 5
1670089605.240678; 13914; 5
1670089605.265671; 13939; 5
1670089605.290670; 13964; 5
1670089605.315670; 13989; 5
1670089605.340675; 14014; 5
1670089605.365671; 14039; 5
1670089605.390670; 14064; 4
1670089605.415674; 14089; 4
1670089605.440674; 14114; 4
1670089605.465679; 14139; 4
1670089605.490671; 14164; 1
1670089605.515674; 14189; 1
1670089605.540670; 14214; 1
1670089605.565675; 14239; 1
1670089605.590671; 14264; 1
1670089605.615670; 14289; 1
1670089605.640670; 14314; 1
1670089605.665681; 14339; 1
1670089605.690676; 14364; 3
1670089605.715679; 14389; 3
1670089605.740674; 14414; 3
1670089605.765674; 14439; 3
1670089605.790679; 14464; 5
1670089605.815675; 14489; 5
1670089605.840674; 14514; 5
1670089605.865674; 14539; 5
1670089605.890675; 14564; 5
1670089605.915671; 14589; 5
1670089605.940670; 14614; 5
1670089605.965674; 14639; 5
1670089605.990674; 14664; 5
1670089606.015679; 14689; 5
1670089606.040672; 14714; 5
1670089606.065671; 14739; 5
1670089606.090675; 14764; 5
1670089606.115679; 14789; 5
1670089606.140671; 14814; 5
1670089606.165674; 14839; 5
1670089606.190674; 14864; 5
1670089606.215674; 14889; 5
1670089606.240679; 14914; 5
1670089606.265675; 14939; 5
1670089606.290674; 14964; 5
1670089606.315674; 14989; 5
1670089606.340675; 15014; 5
1670089606.365671; 15039; 5
1670089606.390670; 15064; 5
1670089606.415670; 15089; 5
1670089606.440681; 15114; 5
1670089606.465675; 15139; 5
1670089606.490670; 15164; 5
1670089606.515670; 15189; 5
1670089606.540674; 15214; 5
1670089606.565682; 15239; 5
1670089606.590671; 15264; 5
1670089606.615678; 15289; 6
1670089606.640674; 15314; 6
1670089606.665679; 15339; 6
1670089606.690675; 15364; 6
1670089606.715674; 15389; 5
1670089606.740673; 15414; 5
1670089606.765688; 15439; 5
1670089606.790675; 15464; 5
1670089606.815675; 15489; 5
1670089606.840670; 15514; 5
1670089606.865670; 15539; 5
1670089606.890679; 15564; 5
1670089606.915679; 15589; 3
1670089606.940670; 15614; 3
1670089606.965674; 15639; 3
1670089606.990682; 15664; 3
1670089607.015675; 15689; 1
1670089607.040671; 15714; 1
1670089607.065675; 15739; 1
1670089607.090671; 15764; 1
1670089607.115680; 15789; 3
1670089607.140675; 15814; 3
1670089607.165670; 15839; 3
1670089607.190670; 15864; 3
1670089607.215675; 15889; 3
1670089607.240671; 15914; 3
1670089607.265670; 15939; 3
1670089607.290670; 15964; 3
1670089607.315670; 15989; 3
1670089607.340679; 16014; 1
1670089607.365671; 16039; 1
1670089607.390674; 16064; 1
1670089607.415674; 16089; 1
1670089607.440678; 16114; 1
1670089607.465671; 16139; 1
1670089607.490670; 16164; 1
1670089607.515670; 16189; 1
1670089607.540674; 16214; 3
1670089607.565676; 16239; 3
1670089607.590670; 16264; 3
1670089607.615674; 16289; 3
1670089607.640674; 16314; 4
1670089607.665679; 16339; 4
1670089607.690675; 16364; 4
1670089607.715674; 16389; 4
1670089607.740674; 16414; 5
1670089607.765675; 16439; 5
1670089607.790671; 16464; 5
1670089607.815686; 16489; 5
1670089607.840674; 16514; 6
1670089607.865674; 16539; 6
1670089607.890682; 16564; 6
1670089607.915675; 16589; 6
1670089607.940674; 16614; 6
1670089607.965685; 16639; 6
1670089607.990675; 16664; 6
1670089608.015671; 16689; 6
1670089608.040675; 16714; 2
1670089608.065671; 16739; 2
1670089608.090675; 16764; 2
1670089608.115680; 16789; 2
1670089608.140675; 16814; 2
1670089608.165674; 16839; 2
1670089608.190674; 16864; 2
1670089608.215675; 16889; 2
1670089608.240675; 16914; 6
1670089608.265674; 16939; 6
1670089608.290674; 16964; 6
1670089608.315678; 16989; 6
1670089608.340675; 17014; 6
1670089608.365674; 17039; 2
1670089608.390674; 17064; 2
1670089608.415674; 17089; 2
1670089608.440679; 17114; 2
1670089608.465675; 17139; 1
1670089608.490674; 17164; 1
1670089608.515674; 17189; 1
1670089608.540675; 17214; 1
1670089608.565667; 17239; 1
1670089608.590674; 17264; 1
1670089608.615674; 17289; 1
1670089608.640670; 17314; 1
1670089608.665675; 17339; 2
1670089608.690685; 17364; 2
1670089608.715674; 17389; 2
1670089608.740674; 17414; 2
1670089608.765682; 17439; 6
1670089608.790671; 17464; 6
1670089608.815670; 17489; 6
1670089608.840670; 17514; 6
1670089608.865683; 17539; 6
1670089608.890672; 17564; 6
1670089608.915674; 17589; 6
1670089608.940674; 17614; 6
1670089608.965670; 17639; 6
1670089608.990675; 17664; 6
1670089609.015675; 17689; 6
1670089609.040675; 17714; 6
1670089609.065671; 17739; 6
1670089609.090676; 17764; 6
1670089609.115676; 17789; 6
1670089609.140674; 17814; 6
1670089609.165674; 17839; 6
1670089609.190674; 17864; 6
1670089609.215682; 17889; 6
1670089609.240675; 17914; 6
1670089609.265674; 17939; 6
1670089609.290674; 17964; 6
1670089609.315679; 17989; 6
1670089609.340675; 18014; 6
1670089609.365674; 18039; 6
1670089609.390674; 18064; 6
1670089609.415670; 18089; 6
1670089609.440679; 18114; 6
1670089609.465670; 18139; 6
1670089609.490674; 18164; 5
1670089609.515670; 18189; 5
1670089609.540675; 18214; 5
1670089609.565671; 18239; 5
1670089609.590670; 18264; 5
1670089609.615675; 18289; 5
1670089609.640683; 18314; 5
1670089609.665675; 18339; 5
1670089609.690674; 18364; 5
1670089609.715674; 18389; 5
1670089609.740670; 18414; 5
1670089609.765675; 18439; 5
1670089609.790671; 18464; 1
1670089609.815670; 18489; 1
1670089609.840670; 18514; 1
1670089609.865679; 18539; 1
1670089609.890671; 18564; 1
1670089609.915670; 18589; 1
1670089609.940674; 18614; 1
1670089609.965689; 18639; 1
1670089609.990675; 18664; 6
1670089610.015683; 18689; 6
1670089610.040671; 18714; 6
1670089610.065675; 18739; 6
1670089610.090684; 18764; 5
1670089610.115676; 18789; 5
1670089610.140674; 18814; 5
1670089610.165674; 18839; 5
1670089610.190679; 18864; 1
1670089610.215677; 18889; 1
1670089610.240674; 18914; 1
1670089610.265670; 18939; 1
1670089610.290670; 18964; 1
1670089610.315679; 18989; 1
1670089610.340675; 19014; 1
1670089610.365692; 19039; 1
1670089610.390670; 19064; 1
1670089610.415675; 19089; 1
1670089610.440675; 19114; 1
1670089610.465670; 19139; 1
1670089610.490670; 19164; 1
1670089610.515670; 19189; 1
1670089610.540682; 19214; 1
1670089610.565675; 19239; 1
1670089610.590674; 19264; 1
1670089610.615675; 19289; 3
1670089610.640679; 19314; 3
1670089610.665675; 19339; 3
1670089610.690674; 19364; 3
1670089610.715670; 19389; 6
1670089610.740678; 19414; 6
1670089610.765677; 19439; 6
1670089610.790674; 19464; 6
1670089610.815692; 19489; 6
1670089610.840674; 19514; 6
1670089610.865679; 19539; 6
1670089610.890675; 19564; 6
1670089610.915674; 19589; 6
1670089610.940665; 19614; 6
1670089610.965678; 19639; 6
1670089610.990671; 19664; 6
1670089611.015670; 19689; 6
1670089611.040690; 19714; 6
1670089611.065675; 19739; 6
1670089611.090676; 19764; 6
1670089611.115676; 19789; 2
1670089611.140674; 19814; 2
1670089611.165674; 19839; 2
1670089611.190679; 19864; 2
1670089611.215675; 19889; 1
1670089611.240674; 19914; 1
1670089611.265670; 19939; 1
1670089611.290674; 19964; 1
1670089611.315679; 19989; 1
1670089611.340671; 20014; 1
1670089611.365687; 20039; 1
1670089611.390670; 20064; 1
1670089611.415682; 20089; 1
1670089611.440675; 20114; 1
1670089611.465670; 20139; 1
1670089611.490670; 20164; 1
1670089611.515679; 20189; 1
1670089611.540672; 20214; 1
1670089611.565670; 20239; 1
1670089611.590670; 20264; 1
1670089611.615670; 20289; 1
1670089611.640679; 20314; 1
1670089611.665676; 20339; 1
1670089611.690674; 20364; 1
1670089611.715675; 20389; 1
1670089611.740679; 20414; 1
1670089611.765676; 20439; 1
1670089611.790674; 20464; 1
1670089611.815670; 20489; 1
1670089611.840671; 20514; 1
1670089611.865679; 20539; 1
1670089611.890672; 20564; 1
1670089611.915671; 20589; 1
1670089611.940671; 20614; 1
1670089611.965679; 20639; 1
1670089611.990672; 20664; 1
1670089612.015671; 20689; 1
1670089612.040676; 20714; 1
1670089612.065680; 20739; 1
1670089612.090674; 20764; 1
1670089612.115679; 20789; 1
1670089612.140675; 20814; 1
1670089612.165674; 20839; 1
1670089612.190679; 20864; 1
1670089612.215672; 20889; 1
1670089612.240675; 20914; 1
1670089612.265671; 20939; 1
1670089612.290683; 20964; 1
1670089612.315688; 20989; 1
1670089612.340670; 21014; 1
1670089612.365675; 21039; 1
1670089612.390671; 21064; 1
1670089612.415679; 21089; 1
1670089612.440676; 21114; 4
1670089612.465677; 21139; 4
1670089612.490675; 21164; 4
1670089612.515679; 21189; 4
1670089612.540676; 21214; 6
1670089612.565675; 21239; 6
1670089612.590675; 21264; 6
1670089612.615675; 21289; 6
1670089612.640675; 21314; 6
1670089612.665671; 21339; 6
1670089612.690675; 21364; 6
1670089612.715674; 21389; 6
1670089612.740683; 21414; 6
1670089612.765676; 21439; 6
1670089612.790674; 21464; 6
1670089612.815674; 21489; 6
1670089612.840679; 21514; 6
1670089612.865675; 21539; 6
1670089612.890674; 21564; 6
1670089612.915681; 21589; 6
1670089612.940674; 21614; 6
1670089612.965679; 21639; 6
1670089612.990675; 21664; 6
1670089613.015674; 21689; 6
1670089613.040671; 21714; 6
1670089613.065684; 21739; 6
1670089613.090672; 21764; 6
1670089613.115675; 21789; 6
1670089613.140676; 21814; 6
1670089613.165670; 21839; 6
1670089613.190678; 21864; 6
1670089613.215671; 21889; 6
1670089613.240674; 21914; 6
1670089613.265674; 21939; 6
1670089613.290679; 21964; 6
1670089613.315675; 21989; 6
1670089613.340670; 22014; 6
1670089613.365670; 22039; 6
1670089613.390679; 22064; 6
1670089613.415675; 22089; 6
1670089613.440670; 22114; 6
1670089613.465670; 22139; 6
1670089613.490670; 22164; 6
1670089613.515675; 22189; 6
1670089613.540675; 22214; 6
1670089613.565674; 22239; 6
1670089613.590670; 22264; 6
1670089613.615682; 22289; 6
1670089613.640675; 22314; 6
1670089613.665683; 22339; 6
1670089613.690670; 22364; 6
1670089613.715674; 22389; 6
1670089613.740675; 22414; 6
1670089613.765671; 22439; 6
1670089613.790670; 22464; 6
1670089613.815670; 22489; 6
1670089613.840675; 22514; 6
1670089613.865671; 22539; 5
1670089613.890674; 22564; 5
1670089613.915674; 22589; 5
1670089613.940674; 22614; 5
1670089613.965672; 22639; 6
1670089613.990674; 22664; 6
1670089614.015674; 22689; 6
1670089614.040671; 22714; 6
1670089614.065684; 22739; 6
1670089614.090672; 22764; 6
1670089614.115672; 22789; 6
1670089614.140674; 22814; 6
1670089614.165678; 22839; 6
1670089614.190675; 22864; 5
1670089614.215674; 22889; 5
1670089614.240674; 22914; 5
1670089614.265664; 22939; 5
1670089614.290679; 22964; 5
1670089614.315675; 22989; 5
1670089614.340674; 23014; 5
1670089614.365674; 23039; 5
1670089614.390679; 23064; 6
1670089614.415676; 23089; 6
1670089614.440674; 23114; 6
1670089614.465674; 23139; 6
1670089614.490674; 23164; 5
1670089614.515678; 23189; 5
1670089614.540671; 23214; 5
1670089614.565670; 23239; 5
1670089614.590670; 23264; 5
1670089614.615679; 23289; 5
1670089614.640675; 23314; 5
1670089614.665674; 23339; 5
1670089614.690674; 23364; 5
1670089614.715679; 23389; 5
1670089614.740675; 23414; 5
1670089614.765674; 23439; 5
1670089614.790674; 23464; 6
1670089614.815674; 23489; 6
1670089614.840679; 23514; 6
1670089614.865675; 23539; 6
1670089614.890674; 23564; 6
1670089614.915670; 23589; 6
1670089614.940682; 23614; 6
1670089614.965671; 23639; 6
1670089614.990670; 23664; 6
1670089615.015670; 23689; 6
1670089615.040675; 23714; 6
1670089615.065676; 23739; 6
1670089615.090676; 23764; 6
1670089615.115675; 23789; 6
1670089615.140670; 23814; 6
1670089615.165689; 23839; 6
1670089615.190675; 23864; 6
1670089615.215670; 23889; 6
1670089615.240670; 23914; 6
1670089615.265678; 23939; 6
1670089615.290676; 23964; 6
1670089615.315696; 23989; 6
1670089615.340672; 24014; 6
1670089615.365670; 24039; 6
1670089615.390683; 24064; 6
1670089615.415671; 24089; 6
1670089615.440670; 24114; 6
1670089615.465670; 24139; 6
1670089615.490675; 24164; 6
1670089615.515671; 24189; 6
1670089615.540670; 24214; 6
1670089615.565674; 24239; 6
1670089615.590670; 24264; 6
1670089615.615689; 24289; 6
1670089615.640675; 24314; 6
1670089615.665674; 24339; 6
1670089615.690674; 24364; 6
1670089615.715679; 24389; 6
1670089615.740675; 24414; 6
1670089615.765674; 24439; 6
1670089615.790674; 24464; 6
1670089615.815674; 24489; 6
1670089615.840678; 24514; 6
1670089615.865671; 24539; 6
1670089615.890674; 24564; 6
1670089615.915674; 24589; 5
1670089615.940679; 24614; 5
1670089615.965675; 24639; 5
1670089615.990674; 24664; 5
1670089616.015674; 24689; 6
1670089616.040676; 24714; 6
1670089616.065692; 24739; 6
1670089616.090675; 24764; 6
1670089616.115675; 24789; 6
1670089616.140670; 24814; 6
1670089616.165675; 24839; 6
1670089616.190671; 24864; 6
1670089616.215670; 24889; 6
1670089616.240674; 24914; 6
1670089616.265679; 24939; 6
1670089616.290671; 24964; 6
1670089616.315670; 24989; 6
1670089616.340670; 25014; 6
1670089616.365710; 25039; 6
1670089616.390675; 25064; 6
1670089616.415671; 25089; 6
1670089616.440670; 25114; 5
1670089616.465670; 25139; 5
1670089616.490675; 25164; 5
1670089616.515671; 25189; 5
1670089616.540674; 25214; 5
1670089616.565674; 25239; 5
1670089616.590675; 25264; 5
1670089616.615678; 25289; 5
1670089616.640674; 25314; 6
1670089616.665690; 25339; 6
1670089616.690670; 25364; 6
1670089616.715683; 25389; 6
1670089616.740675; 25414; 6
1670089616.765670; 25439; 6
1670089616.790670; 25464; 6
1670089616.815696; 25489; 6
1670089616.840671; 25514; 6
1670089616.865674; 25539; 6
1670089616.890670; 25564; 6
1670089616.915670; 25589; 6
1670089616.940675; 25614; 3
1670089616.965671; 25639; 3
1670089616.990670; 25664; 3
1670089617.015670; 25689; 3
1670089617.040676; 25714; 2
1670089617.065676; 25739; 2
1670089617.090675; 25764; 2
1670089617.115665; 25789; 2
1670089617.140677; 25814; 2
1670089617.165672; 25839; 2
1670089617.190670; 25864; 2
1670089617.215670; 25889; 2
1670089617.240674; 25914; 3
1670089617.265694; 25939; 3
1670089617.290671; 25964; 3
1670089617.315670; 25989; 3
1670089617.340670; 26014; 2
1670089617.365679; 26039; 2
1670089617.390672; 26064; 2
1670089617.415682; 26089; 2
1670089617.440674; 26114; 2
1670089617.465674; 26139; 2
1670089617.490679; 26164; 2
1670089617.515675; 26189; 2
1670089617.540690; 26214; 2
1670089617.565670; 26239; 2
1670089617.590682; 26264; 2
1670089617.615675; 26289; 2
1670089617.640674; 26314; 2
1670089617.665674; 26339; 5
1670089617.690674; 26364; 5
1670089617.715679; 26389; 5
1670089617.740675; 26414; 5
1670089617.765674; 26439; 6
1670089617.790674; 26464; 6
1670089617.815679; 26489; 6
1670089617.840671; 26514; 6
1670089617.865670; 26539; 6
1670089617.890670; 26564; 6
1670089617.915675; 26589; 6
1670089617.940675; 26614; 6
1670089617.965674; 26639; 6
1670089617.990674; 26664; 6
1670089618.015674; 26689; 6
1670089618.040679; 26714; 6
1670089618.065676; 26739; 4
1670089618.090671; 26764; 4
1670089618.115671; 26789; 4
1670089618.140679; 26814; 4
1670089618.165671; 26839; 2
1670089618.190670; 26864; 2
1670089618.215674; 26889; 2
1670089618.240674; 26914; 2
1670089618.265679; 26939; 2
1670089618.290671; 26964; 2
1670089618.315674; 26989; 2
1670089618.340674; 27014; 2
1670089618.365679; 27039; 5
1670089618.390671; 27064; 5
1670089618.415674; 27089; 5
1670089618.440670; 27114; 5
1670089618.465681; 27139; 6
1670089618.490677; 27164; 6
1670089618.515674; 27189; 6
1670089618.540674; 27214; 6
1670089618.565674; 27239; 5
1670089618.590679; 27264; 5
1670089618.615676; 27289; 5
1670089618.640674; 27314; 5
1670089618.665674; 27339; 2
1670089618.690679; 27364; 2
1670089618.715675; 27389; 2
1670089618.740674; 27414; 2
1670089618.765674; 27439; 2
1670089618.790674; 27464; 4
1670089618.815679; 27489; 4
1670089618.840675; 27514; 4
1670089618.865674; 27539; 4
1670089618.890670; 27564; 5
1670089618.915678; 27589; 5
1670089618.940671; 27614; 5
1670089618.965670; 27639; 5
1670089618.990670; 27664; 5
1670089619.015670; 27689; 5
1670089619.040676; 27714; 5
1670089619.065676; 27739; 5
1670089619.090675; 27764; 3
1670089619.115675; 27789; 3
1670089619.140679; 27814; 3
1670089619.165675; 27839; 3
1670089619.190674; 27864; 3
1670089619.215676; 27889; 3
1670089619.240675; 27914; 3
1670089619.265671; 27939; 3
1670089619.290670; 27964; 2
1670089619.315670; 27989; 2
1670089619.340690; 28014; 2
1670089619.365682; 28039; 2
1670089619.390675; 28064; 4
1670089619.415674; 28089; 4
1670089619.440670; 28114; 4
1670089619.465679; 28139; 4
1670089619.490671; 28164; 5
1670089619.515670; 28189; 5
1670089619.540677; 28214; 5
1670089619.565674; 28239; 5
1670089619.590679; 28264; 6
1670089619.615675; 28289; 6
1670089619.640674; 28314; 6
1670089619.665674; 28339; 6
1670089619.690679; 28364; 6
1670089619.715675; 28389; 6
1670089619.740674; 28414; 6
1670089619.765674; 28439; 6
1670089619.790682; 28464; 6
1670089619.815672; 28489; 6
1670089619.840674; 28514; 6
1670089619.865670; 28539; 6
1670089619.890674; 28564; 6
1670089619.915675; 28589; 5
1670089619.940671; 28614; 5
1670089619.965670; 28639; 5
1670089619.990670; 28664; 5
1670089620.015675; 28689; 4
1670089620.040676; 28714; 4
1670089620.065675; 28739; 4
1670089620.090671; 28764; 4
1670089620.115675; 28789; 4
1670089620.140679; 28814; 4
1670089620.165671; 28839; 4
1670089620.190674; 28864; 4
1670089620.215670; 28889; 2
1670089620.240681; 28914; 2
1670089620.265675; 28939; 2
1670089620.290674; 28964; 2
1670089620.315670; 28989; 5
1670089620.340674; 29014; 5
1670089620.365672; 29039; 5
1670089620.390674; 29064; 5
1670089620.415674; 29089; 6
1670089620.440674; 29114; 6
1670089620.465675; 29139; 6
1670089620.490671; 29164; 6
1670089620.515674; 29189; 6
1670089620.540674; 29214; 6
1670089620.565688; 29239; 6
1670089620.590675; 29264; 6
1670089620.615674; 29289; 6
1670089620.640674; 29314; 6
1670089620.665687; 29339; 6
1670089620.690699; 29364; 6
1670089620.715675; 29389; 7
1670089620.740674; 29414; 7
1670089620.765674; 29439; 7
1670089620.790679; 29464; 7
1670089620.815675; 29489; 7
1670089620.840674; 29514; 7
1670089620.865674; 29539; 7
1670089620.890670; 29564; 7
1670089620.915679; 29589; 7
1670089620.940675; 29614; 7
1670089620.965674; 29639; 7
1670089620.990674; 29664; 7
1670089621.015679; 29689; 7
1670089621.040676; 29714; 7
1670089621.065671; 29739; 7
1670089621.090675; 29764; 7
1670089621.115679; 29789; 7
1670089621.140675; 29814; 6
1670089621.165674; 29839; 6
1670089621.190674; 29864; 6
1670089621.215674; 29889; 6
1670089621.240679; 29914; 7
1670089621.265675; 29939; 7
1670089621.290670; 29964; 7
1670089621.315690; 29989; 7
1670089621.340679; 30014; 6
1670089621.365675; 30039; 6
1670089621.390670; 30064; 6
1670089621.415674; 30089; 6
1670089621.440674; 30114; 4
1670089621.465679; 30139; 4
1670089621.490671; 30164; 4
1670089621.515674; 30189; 4
1670089621.540674; 30214; 4
1670089621.565682; 30239; 4
1670089621.590675; 30264; 4
1670089621.615674; 30289; 4
1670089621.640674; 30314; 5
1670089621.665674; 30339; 5
1670089621.690683; 30364; 5
1670089621.715674; 30389; 5
1670089621.740674; 30414; 6
1670089621.765674; 30439; 6
1670089621.790675; 30464; 6
1670089621.815675; 30489; 6
1670089621.840670; 30514; 4
1670089621.865674; 30539; 4
1670089621.890675; 30564; 4
1670089621.915675; 30589; 4
1670089621.940674; 30614; 3
1670089621.965670; 30639; 3
1670089621.990670; 30664; 3
1670089622.015682; 30689; 3
1670089622.040676; 30714; 2
1670089622.065694; 30739; 2
1670089622.090675; 30764; 2
1670089622.115680; 30789; 2
1670089622.140675; 30814; 2
1670089622.165674; 30839; 2
1670089622.190674; 30864; 2
1670089622.215674; 30889; 2
1670089622.240679; 30914; 2
1670089622.265675; 30939; 2
1670089622.290674; 30964; 2
1670089622.315674; 30989; 2
1670089622.340679; 31014; 2
1670089622.365675; 31039; 2
1670089622.390670; 31064; 2
1670089622.415670; 31089; 2
1670089622.440678; 31114; 2
1670089622.465671; 31139; 2
1670089622.490670; 31164; 2
1670089622.515674; 31189; 2
1670089622.540674; 31214; 2
1670089622.565679; 31239; 4
1670089622.590671; 31264; 4
1670089622.615670; 31289; 4
1670089622.640670; 31314; 4
1670089622.665675; 31339; 6
1670089622.690671; 31364; 6
1670089622.715670; 31389; 6
1670089622.740670; 31414; 6
1670089622.765671; 31439; 6
1670089622.790675; 31464; 6
1670089622.815671; 31489; 6
1670089622.840670; 31514; 6
1670089622.865670; 31539; 2
1670089622.890682; 31564; 2
1670089622.915675; 31589; 2
1670089622.940674; 31614; 2
1670089622.965687; 31639; 3
1670089622.990675; 31664; 3
1670089623.015671; 31689; 3
1670089623.040675; 31714; 3
1670089623.065675; 31739; 4
1670089623.090671; 31764; 4
1670089623.115692; 31789; 4
1670089623.140671; 31814; 4
1670089623.165670; 31839; 3
1670089623.190670; 31864; 3
1670089623.215675; 31889; 3
1670089623.240671; 31914; 3
1670089623.265670; 31939; 3
1670089623.290674; 31964; 3
1670089623.315670; 31989; 3
1670089623.340682; 32014; 3
1670089623.365675; 32039; 3
1670089623.390670; 32064; 3
1670089623.415670; 32089; 3
1670089623.440675; 32114; 3
1670089623.465671; 32139; 3
1670089623.490670; 32164; 2
1670089623.515670; 32189; 2
1670089623.540676; 32214; 2
1670089623.565677; 32239; 2
1670089623.590674; 32264; 2
1670089623.615674; 32289; 2
1670089623.640674; 32314; 2
1670089623.665679; 32339; 2
1670089623.690675; 32364; 2
1670089623.715674; 32389; 2
1670089623.740674; 32414; 2
1670089623.765678; 32439; 2
1670089623.790676; 32464; 2
1670089623.815670; 32489; 2
1670089623.840674; 32514; 2
1670089623.865674; 32539; 2
1670089623.890679; 32564; 4
1670089623.915671; 32589; 4
1670089623.940674; 32614; 4
1670089623.965674; 32639; 4
1670089623.990678; 32664; 5
1670089624.015698; 32689; 5
1670089624.040675; 32714; 5
1670089624.065675; 32739; 5
1670089624.090671; 32764; 3
1670089624.115680; 32789; 3
1670089624.140675; 32814; 3
1670089624.165670; 32839; 3
1670089624.190674; 32864; 4
1670089624.215682; 32889; 4
1670089624.240675; 32914; 4
1670089624.265674; 32939; 4
1670089624.290674; 32964; 3
1670089624.315676; 32989; 3
1670089624.340675; 33014; 3
1670089624.365674; 33039; 3
1670089624.390674; 33064; 2
1670089624.415674; 33089; 2
1670089624.440678; 33114; 2
1670089624.465675; 33139; 2
1670089624.490674; 33164; 2
1670089624.515674; 33189; 2
1670089624.540675; 33214; 2
1670089624.565675; 33239; 2
1670089624.590674; 33264; 2
1670089624.615675; 33289; 4
1670089624.640670; 33314; 4
1670089624.665682; 33339; 4
1670089624.690675; 33364; 4
1670089624.715674; 33389; 6
1670089624.740674; 33414; 6
1670089624.765679; 33439; 6
1670089624.790671; 33464; 6
1670089624.815674; 33489; 4
1670089624.840674; 33514; 4
1670089624.865674; 33539; 4
1670089624.890676; 33564; 4
1670089624.915674; 33589; 6
1670089624.940674; 33614; 6
1670089624.965674; 33639; 6
1670089624.990679; 33664; 6
1670089625.015675; 33689; 6
1670089625.040671; 33714; 6
1670089625.065675; 33739; 6
1670089625.090679; 33764; 6
1670089625.115672; 33789; 6
1670089625.140674; 33814; 6
1670089625.165674; 33839; 6
1670089625.190674; 33864; 6
1670089625.215694; 33889; 6
1670089625.240671; 33914; 6
1670089625.265670; 33939; 6
1670089625.290674; 33964; 6
1670089625.315679; 33989; 6
1670089625.340677; 34014; 6
1670089625.365674; 34039; 6
1670089625.390674; 34064; 6
1670089625.415674; 34089; 6
1670089625.440679; 34114; 6
1670089625.465672; 34139; 6
1670089625.490674; 34164; 6
1670089625.515674; 34189; 6
1670089625.540683; 34214; 6
1670089625.565675; 34239; 6
1670089625.590674; 34264; 6
1670089625.615674; 34289; 6
1670089625.640675; 34314; 6
1670089625.665671; 34339; 6
1670089625.690670; 34364; 6
1670089625.715674; 34389; 6
1670089625.740674; 34414; 6
1670089625.765679; 34439; 6
1670089625.790675; 34464; 6
1670089625.815674; 34489; 6
1670089625.840674; 34514; 4
1670089625.865675; 34539; 4
1670089625.890675; 34564; 4
1670089625.915674; 34589; 4
1670089625.940674; 34614; 2
1670089625.965674; 34639; 2
1670089625.990688; 34664; 2
1670089626.015675; 34689; 2
1670089626.040671; 34714; 2
1670089626.065675; 34739; 2
1670089626.090680; 34764; 2
1670089626.115672; 34789; 2
1670089626.140670; 34814; 2
1670089626.165674; 34839; 2
1670089626.190675; 34864; 2
1670089626.215671; 34889; 2
1670089626.240670; 34914; 2
1670089626.265670; 34939; 2
1670089626.290670; 34964; 2
1670089626.315679; 34989; 2
1670089626.340671; 35014; 5
1670089626.365674; 35039; 5
1670089626.390670; 35064; 5
1670089626.415682; 35089; 5
1670089626.440675; 35114; 6
1670089626.465674; 35139; 6
1670089626.490674; 35164; 6
1670089626.515674; 35189; 6
1670089626.540679; 35214; 5
1670089626.565675; 35239; 5
1670089626.590674; 35264; 5
1670089626.615674; 35289; 5
1670089626.640675; 35314; 4
1670089626.665671; 35339; 4
1670089626.690689; 35364; 4
1670089626.715670; 35389; 4
1670089626.740677; 35414; 5
1670089626.765677; 35439; 5
1670089626.790670; 35464; 5
1670089626.815674; 35489; 5
1670089626.840674; 35514; 5
1670089626.865679; 35539; 5
1670089626.890671; 35564; 5
1670089626.915670; 35589; 5
1670089626.940670; 35614; 5
1670089626.965679; 35639; 6
1670089626.990675; 35664; 6
1670089627.015699; 35689; 6
1670089627.040671; 35714; 6
1670089627.065675; 35739; 5
1670089627.090680; 35764; 5
1670089627.115672; 35789; 5
1670089627.140670; 35814; 5
1670089627.165670; 35839; 5
1670089627.190675; 35864; 5
1670089627.215671; 35889; 5
1670089627.240670; 35914; 5
1670089627.265674; 35939; 6
1670089627.290670; 35964; 6
1670089627.315682; 35989; 6
1670089627.340671; 36014; 6
1670089627.365674; 36039; 6
1670089627.390674; 36064; 6
1670089627.415675; 36089; 6
1670089627.440675; 36114; 6
1670089627.465674; 36139; 6
1670089627.490674; 36164; 6
1670089627.515679; 36189; 6
1670089627.540675; 36214; 6
1670089627.565674; 36239; 6
1670089627.590674; 36264; 6
1670089627.615674; 36289; 6
1670089627.640675; 36314; 6
1670089627.665671; 36339; 6
1670089627.690670; 36364; 6
1670089627.715674; 36389; 6
1670089627.740678; 36414; 6
1670089627.765688; 36439; 7
1670089627.790670; 36464; 7
1670089627.815674; 36489; 7
1670089627.840674; 36514; 7
1670089627.865679; 36539; 7
1670089627.890675; 36564; 7
1670089627.915674; 36589; 7
1670089627.940674; 36614; 7
1670089627.965679; 36639; 7
1670089627.990675; 36664; 7
1670089628.015674; 36689; 7
1670089628.040683; 36714; 7
1670089628.065679; 36739; 7
1670089628.090674; 36764; 6
1670089628.115675; 36789; 6
1670089628.140674; 36814; 6
1670089628.165674; 36839; 6
1670089628.190678; 36864; 6
1670089628.215675; 36889; 6
1670089628.240674; 36914; 6
1670089628.265674; 36939; 6
1670089628.290679; 36964; 6
1670089628.315675; 36989; 6
1670089628.340674; 37014; 6
1670089628.365674; 37039; 6
1670089628.390670; 37064; 6
1670089628.415675; 37089; 6
1670089628.440671; 37114; 6
1670089628.465670; 37139; 6
1670089628.490674; 37164; 6
1670089628.515679; 37189; 6
1670089628.540675; 37214; 6
1670089628.565674; 37239; 6
1670089628.590674; 37264; 6
1670089628.615674; 37289; 6
1670089628.640678; 37314; 6
1670089628.665671; 37339; 6
1670089628.690670; 37364; 7
1670089628.715674; 37389; 7
1670089628.740675; 37414; 7
1670089628.765675; 37439; 7
1670089628.790674; 37464; 7
1670089628.815674; 37489; 7
1670089628.840679; 37514; 7
1670089628.865671; 37539; 7
1670089628.890670; 37564; 7
1670089628.915670; 37589; 7
1670089628.940670; 37614; 7
1670089628.965679; 37639; 7
1670089628.990675; 37664; 6
1670089629.015674; 37689; 6
1670089629.040675; 37714; 6
1670089629.065684; 37739; 6
1670089629.090672; 37764; 6
1670089629.115675; 37789; 6
1670089629.140674; 37814; 6
1670089629.165674; 37839; 6
1670089629.190676; 37864; 6
1670089629.215671; 37889; 6
1670089629.240670; 37914; 6
1670089629.265679; 37939; 6
1670089629.290675; 37964; 6
1670089629.315671; 37989; 6
1670089629.340670; 38014; 6
1670089629.365670; 38039; 6
1670089629.390679; 38064; 6
1670089629.415675; 38089; 6
1670089629.440674; 38114; 6
1670089629.465674; 38139; 6
1670089629.490670; 38164; 6
1670089629.515682; 38189; 5
1670089629.540675; 38214; 5
1670089629.565674; 38239; 5
1670089629.590674; 38264; 5
1670089629.615679; 38289; 6
1670089629.640675; 38314; 6
1670089629.665674; 38339; 6
1670089629.690674; 38364; 6
1670089629.715680; 38389; 6
1670089629.740679; 38414; 6
1670089629.765675; 38439; 6
1670089629.790670; 38464; 6
1670089629.815670; 38489; 5
1670089629.840675; 38514; 5
1670089629.865671; 38539; 5
1670089629.890674; 38564; 5
1670089629.915674; 38589; 5
1670089629.940677; 38614; 5
1670089629.965672; 38639; 5
1670089629.990683; 38664; 5
1670089630.015674; 38689; 5
1670089630.040671; 38714; 5
1670089630.065680; 38739; 5
1670089630.090677; 38764; 5
1670089630.115675; 38789; 6
1670089630.140670; 38814; 6
1670089630.165675; 38839; 6
1670089630.190671; 38864; 6
1670089630.215670; 38889; 6
1670089630.240670; 38914; 6
1670089630.265674; 38939; 6
1670089630.290675; 38964; 6
1670089630.315675; 38989; 6
1670089630.340670; 39014; 5
1670089630.365674; 39039; 5
1670089630.390682; 39064; 5
1670089630.415675; 39089; 5
1670089630.440674; 39114; 5
1670089630.465674; 39139; 5
1670089630.490674; 39164; 5
1670089630.515679; 39189; 5
1670089630.540675; 39214; 6
1670089630.565674; 39239; 6
1670089630.590674; 39264; 6
1670089630.615679; 39289; 6
1670089630.640675; 39314; 6
1670089630.665674; 39339; 6
1670089630.690674; 39364; 6
1670089630.715679; 39389; 6
1670089630.740675; 39414; 5
1670089630.765670; 39439; 5
1670089630.790670; 39464; 5
1670089630.815670; 39489; 5
1670089630.840678; 39514; 6
1670089630.865671; 39539; 6
1670089630.890674; 39564; 6
1670089630.915674; 39589; 6
1670089630.940675; 39614; 6
1670089630.965675; 39639; 6
1670089630.990670; 39664; 6
1670089631.015674; 39689; 6
1670089631.040671; 39714; 6
1670089631.065680; 39739; 6
1670089631.090672; 39764; 6
1670089631.115675; 39789; 6
1670089631.140674; 39814; 6
1670089631.165675; 39839; 6
1670089631.190675; 39864; 6
1670089631.215674; 39889; 6
1670089631.240674; 39914; 6
1670089631.265681; 39939; 6
1670089631.290676; 39964; 6
1670089631.315703; 39989; 6
1670089631.340676; 40014; 6
1670089631.365674; 40039; 6
1670089631.390679; 40064; 6
1670089631.415675; 40089; 6
1670089631.440674; 40114; 6
1670089631.465670; 40139; 6
1670089631.490675; 40164; 6
1670089631.515671; 40189; 6
1670089631.540674; 40214; 6
1670089631.565670; 40239; 6
1670089631.590674; 40264; 6
1670089631.615679; 40289; 6
1670089631.640675; 40314; 6
1670089631.665674; 40339; 6
1670089631.690670; 40364; 6
1670089631.715682; 40389; 6
1670089631.740671; 40414; 6
1670089631.765670; 40439; 6
1670089631.790670; 40464; 6
1670089631.815670; 40489; 6
1670089631.840675; 40514; 6
1670089631.865671; 40539; 6
1670089631.890674; 40564; 6
1670089631.915674; 40589; 6
1670089631.940675; 40614; 6
1670089631.965671; 40639; 6
1670089631.990674; 40664; 6
1670089632.015674; 40689; 6
1670089632.040676; 40714; 6
1670089632.065676; 40739; 6
1670089632.090671; 40764; 6
1670089632.115675; 40789; 6
1670089632.140670; 40814; 6
1670089632.165682; 40839; 6
1670089632.190675; 40864; 6
1670089632.215670; 40889; 6
1670089632.240670; 40914; 6
1670089632.265679; 40939; 6
1670089632.290675; 40964; 6
1670089632.315674; 40989; 6
1670089632.340683; 41014; 6
1670089632.365675; 41039; 6
1670089632.390675; 41064; 6
1670089632.415671; 41089; 6
1670089632.440674; 41114; 6
1670089632.465674; 41139; 6
1670089632.490679; 41164; 6
1670089632.515675; 41189; 6
1670089632.540674; 41214; 6
1670089632.565674; 41239; 6
1670089632.590682; 41264; 6
1670089632.615675; 41289; 6
1670089632.640670; 41314; 6
1670089632.665670; 41339; 6
1670089632.690674; 41364; 6
1670089632.715679; 41389; 6
1670089632.740671; 41414; 6
1670089632.765674; 41439; 6
1670089632.790674; 41464; 6
1670089632.815679; 41489; 6
1670089632.840676; 41514; 6
1670089632.865674; 41539; 6
1670089632.890670; 41564; 6
1670089632.915674; 41589; 6
1670089632.940675; 41614; 6
1670089632.965675; 41639; 6
1670089632.990670; 41664; 7
1670089633.015670; 41689; 7
1670089633.040684; 41714; 7
1670089633.065676; 41739; 7
1670089633.090671; 41764; 6
1670089633.115675; 41789; 6
1670089633.140678; 41814; 6
1670089633.165672; 41839; 6
1670089633.190674; 41864; 6
1670089633.215670; 41889; 6
1670089633.240670; 41914; 6
1670089633.265675; 41939; 6
1670089633.290671; 41964; 6
1670089633.315670; 41989; 6
1670089633.340670; 42014; 6
1670089633.365678; 42039; 6
1670089633.390671; 42064; 7
1670089633.415670; 42089; 7
1670089633.440674; 42114; 7
1670089633.465674; 42139; 7
1670089633.490678; 42164; 7
1670089633.515671; 42189; 7
1670089633.540674; 42214; 7
1670089633.565674; 42239; 7
1670089633.590675; 42264; 6
1670089633.615671; 42289; 6
1670089633.640674; 42314; 6
1670089633.665674; 42339; 6
1670089633.690674; 42364; 6
1670089633.715679; 42389; 6
1670089633.740675; 42414; 6
1670089633.765674; 42439; 6
1670089633.790674; 42464; 6
1670089633.815679; 42489; 6
1670089633.840671; 42514; 6
1670089633.865670; 42539; 6
1670089633.890674; 42564; 6
1670089633.915678; 42589; 7
1670089633.940671; 42614; 7
1670089633.965670; 42639; 7
1670089633.990670; 42664; 7
1670089634.015670; 42689; 6
1670089634.040680; 42714; 6
1670089634.065672; 42739; 6
1670089634.090675; 42764; 6
1670089634.115671; 42789; 6
1670089634.140675; 42814; 6
1670089634.165671; 42839; 6
1670089634.190686; 42864; 6
1670089634.215674; 42889; 6
1670089634.240674; 42914; 6
1670089634.265675; 42939; 6
1670089634.290671; 42964; 6
1670089634.315670; 42989; 6
1670089634.340670; 43014; 6
1670089634.365678; 43039; 6
1670089634.390675; 43064; 6
1670089634.415674; 43089; 6
1670089634.440674; 43114; 6
1670089634.465674; 43139; 6
1670089634.490672; 43164; 6
1670089634.515674; 43189; 6
1670089634.540674; 43214; 6
1670089634.565674; 43239; 6
1670089634.590679; 43264; 6
1670089634.615675; 43289; 6
1670089634.640674; 43314; 6
1670089634.665674; 43339; 6
1670089634.690679; 43364; 6
1670089634.715675; 43389; 6
1670089634.740674; 43414; 6
1670089634.765674; 43439; 6
1670089634.790674; 43464; 6
1670089634.815678; 43489; 6
1670089634.840671; 43514; 6
1670089634.865674; 43539; 6
1670089634.890674; 43564; 6
1670089634.915679; 43589; 6
1670089634.940675; 43614; 6
1670089634.965674; 43639; 6
1670089634.990674; 43664; 6
1670089635.015670; 43689; 6
1670089635.040680; 43714; 6
1670089635.065672; 43739; 6
1670089635.090675; 43764; 6
1670089635.115671; 43789; 6
1670089635.140675; 43814; 6
1670089635.165671; 43839; 6
1670089635.190670; 43864; 6
1670089635.215671; 43889; 6
1670089635.240682; 43914; 6
1670089635.265675; 43939; 6
1670089635.290674; 43964; 6
1670089635.315674; 43989; 6
1670089635.340674; 44014; 6
1670089635.365679; 44039; 6
1670089635.390671; 44064; 6
1670089635.415674; 44089; 6
1670089635.440670; 44114; 6
1670089635.465675; 44139; 6
1670089635.490671; 44164; 6
1670089635.515670; 44189; 6
1670089635.540670; 44214; 6
1670089635.565670; 44239; 6
1670089635.590675; 44264; 6
1670089635.615671; 44289; 6
1670089635.640674; 44314; 6
1670089635.665674; 44339; 6
1670089635.690678; 44364; 6
1670089635.715671; 44389; 6
1670089635.740670; 44414; 5
1670089635.765670; 44439; 5
1670089635.790679; 44464; 5
1670089635.815675; 44489; 5
1670089635.840674; 44514; 5
1670089635.865674; 44539; 5
1670089635.890674; 44564; 5
1670089635.915679; 44589; 5
1670089635.940675; 44614; 5
1670089635.965674; 44639; 5
1670089635.990674; 44664; 5
1670089636.015679; 44689; 5
1670089636.040676; 44714; 5
1670089636.065675; 44739; 5
1670089636.090671; 44764; 5
1670089636.115675; 44789; 5
1670089636.140678; 44814; 5
1670089636.165671; 44839; 5
1670089636.190670; 44864; 5
1670089636.215670; 44889; 5
1670089636.240679; 44914; 5
1670089636.265675; 44939; 5
1670089636.290674; 44964; 5
1670089636.315674; 44989; 5
1670089636.340674; 45014; 5
1670089636.365672; 45039; 6
1670089636.390670; 45064; 6
1670089636.415670; 45089; 6
1670089636.440688; 45114; 6
1670089636.465679; 45139; 6
1670089636.490671; 45164; 6
1670089636.515670; 45189; 6
1670089636.540670; 45214; 6
1670089636.565678; 45239; 6
1670089636.590671; 45264; 6
1670089636.615670; 45289; 6
1670089636.640687; 45314; 6
1670089636.665670; 45339; 6
1670089636.690675; 45364; 6
1670089636.715671; 45389; 6
1670089636.740670; 45414; 6
1670089636.765670; 45439; 6
1670089636.790675; 45464; 6
1670089636.815671; 45489; 6
1670089636.840670; 45514; 6
1670089636.865670; 45539; 6
1670089636.890674; 45564; 6
1670089636.915679; 45589; 6
1670089636.940675; 45614; 6
1670089636.965674; 45639; 6
1670089636.990674; 45664; 6
1670089637.015678; 45689; 6
1670089637.040676; 45714; 6
1670089637.065675; 45739; 6
1670089637.090671; 45764; 6
1670089637.115680; 45789; 6
1670089637.140675; 45814; 6
1670089637.165674; 45839; 6
1670089637.190674; 45864; 6
1670089637.215674; 45889; 6
1670089637.240679; 45914; 6
1670089637.265671; 45939; 6
1670089637.290670; 45964; 6
1670089637.315670; 45989; 6
1670089637.340675; 46014; 6
1670089637.365671; 46039; 6
1670089637.390674; 46064; 6
1670089637.415674; 46089; 6
1670089637.440674; 46114; 6
1670089637.465705; 46139; 6
1670089637.490671; 46164; 6
1670089637.515670; 46189; 6
1670089637.540670; 46214; 6
1670089637.565675; 46239; 6
1670089637.590671; 46264; 6
1670089637.615670; 46289; 6
1670089637.640670; 46314; 6
1670089637.665680; 46339; 6
1670089637.690677; 46364; 6
1670089637.715674; 46389; 6
1670089637.740670; 46414; 6
1670089637.765670; 46439; 6
1670089637.790675; 46464; 5
1670089637.815671; 46489; 5
1670089637.840670; 46514; 5
1670089637.865670; 46539; 5
1670089637.890682; 46564; 5
1670089637.915675; 46589; 5
1670089637.940674; 46614; 5
1670089637.965674; 46639; 5
1670089637.990674; 46664; 5
1670089638.015679; 46689; 5
1670089638.040672; 46714; 5
1670089638.065675; 46739; 5
1670089638.090671; 46764; 5
1670089638.115680; 46789; 5
1670089638.140671; 46814; 5
1670089638.165670; 46839; 5
1670089638.190670; 46864; 5
1670089638.215670; 46889; 5
1670089638.240675; 46914; 5
1670089638.265671; 46939; 5
1670089638.290670; 46964; 5
1670089638.315670; 46989; 5
1670089638.340678; 47014; 5
1670089638.365671; 47039; 5
1670089638.390674; 47064; 5
1670089638.415674; 47089; 5
1670089638.440679; 47114; 5
1670089638.465675; 47139; 5
1670089638.490670; 47164; 5
1670089638.515670; 47189; 5
1670089638.540670; 47214; 5
1670089638.565675; 47239; 5
1670089638.590671; 47264; 5
1670089638.615670; 47289; 5
1670089638.640670; 47314; 5
1670089638.665675; 47339; 5
1670089638.690672; 47364; 5
1670089638.715674; 47389; 5
1670089638.740674; 47414; 5
1670089638.765674; 47439; 5
1670089638.790678; 47464; 5
1670089638.815671; 47489; 5
1670089638.840670; 47514; 5
1670089638.865670; 47539; 5
1670089638.890679; 47564; 5
1670089638.915671; 47589; 5
1670089638.940670; 47614; 5
1670089638.965674; 47639; 5
1670089638.990679; 47664; 5
1670089639.015675; 47689; 5
1670089639.040671; 47714; 5
1670089639.065675; 47739; 5
1670089639.090671; 47764; 5
1670089639.115680; 47789; 5
1670089639.140675; 47814; 5
1670089639.165674; 47839; 5
1670089639.190674; 47864; 5
1670089639.215678; 47889; 5
1670089639.240671; 47914; 5
1670089639.265670; 47939; 5
1670089639.290670; 47964; 5
1670089639.315674; 47989; 5
1670089639.340679; 48014; 5
1670089639.365675; 48039; 5
1670089639.390670; 48064; 5
1670089639.415670; 48089; 5
1670089639.440675; 48114; 5
1670089639.465671; 48139; 5
1670089639.490670; 48164; 5
1670089639.515673; 48189; 5
1670089639.540674; 48214; 5
1670089639.565672; 48239; 5
1670089639.590674; 48264; 5
1670089639.615674; 48289; 5
1670089639.640674; 48314; 5
1670089639.665678; 48339; 5
1670089639.690671; 48364; 5
1670089639.715673; 48389; 5
1670089639.740674; 48414; 5
1670089639.765676; 48439; 5
1670089639.790671; 48464; 5
1670089639.815670; 48489; 5
1670089639.840670; 48514; 5
1670089639.865670; 48539; 5
1670089639.890675; 48564; 5
1670089639.915671; 48589; 5
1670089639.940670; 48614; 5
1670089639.965670; 48639; 5
1670089639.990675; 48664; 5
1670089640.015671; 48689; 5
1670089640.040675; 48714; 5
1670089640.065671; 48739; 5
1670089640.090675; 48764; 5
1670089640.115684; 48789; 5
1670089640.140675; 48814; 5
1670089640.165674; 48839; 5
1670089640.190674; 48864; 5
1670089640.215679; 48889; 5
1670089640.240675; 48914; 5
1670089640.265674; 48939; 5
1670089640.290674; 48964; 5
1670089640.315679; 48989; 5
1670089640.340671; 49014; 5
1670089640.365670; 49039; 5
1670089640.390674; 49064; 5
1670089640.415674; 49089; 5
1670089640.440679; 49114; 5
1670089640.465675; 49139; 5
1670089640.490674; 49164; 5
1670089640.515674; 49189; 5
1670089640.540678; 49214; 5
1670089640.565671; 49239; 5
1670089640.590670; 49264; 5
1670089640.615670; 49289; 5
1670089640.640670; 49314; 5
1670089640.665675; 49339; 5
1670089640.690671; 49364; 5
1670089640.715670; 49389; 5
1670089640.740674; 49414; 5
1670089640.765679; 49439; 5
1670089640.790675; 49464; 5
1670089640.815674; 49489; 5
1670089640.840674; 49514; 5
1670089640.865674; 49539; 5
1670089640.890672; 49564; 5
1670089640.915674; 49589; 5
1670089640.940674; 49614; 5
1670089640.965670; 49639; 5
1670089640.990682; 49664; 5
1670089641.015671; 49689; 5
1670089641.040675; 49714; 5
1670089641.065671; 49739; 5
1670089641.090680; 49764; 5
1670089641.115672; 49789; 5
1670089641.140670; 49814; 5
1670089641.165674; 49839; 5
1670089641.190674; 49864; 5
1670089641.215679; 49889; 5
1670089641.240675; 49914; 5
1670089641.265674; 49939; 5
1670089641.290674; 49964; 5
1670089641.315679; 49989; 5
1670089641.340675; 50014; 5
1670089641.365670; 50039; 5
1670089641.390674; 50064; 5
1670089641.415674; 50089; 5
1670089641.440678; 50114; 5
1670089641.465671; 50139; 5
1670089641.490670; 50164; 5
1670089641.515670; 50189; 5
1670089641.540675; 50214; 5
1670089641.565675; 50239; 5
1670089641.590674; 50264; 5
1670089641.615674; 50289; 5
1670089641.640679; 50314; 5
1670089641.665675; 50339; 5
1670089641.690674; 50364; 5
1670089641.715674; 50389; 5
1670089641.740674; 50414; 5
1670089641.765687; 50439; 5
1670089641.790675; 50464; 5
1670089641.815674; 50489; 5
1670089641.840674; 50514; 5
1670089641.865678; 50539; 5
1670089641.890671; 50564; 5
1670089641.915670; 50589; 5
1670089641.940670; 50614; 5
1670089641.965704; 50639; 5
1670089641.990679; 50664; 5
1670089642.015675; 50689; 5
1670089642.040671; 50714; 5
1670089642.065675; 50739; 5
1670089642.090680; 50764; 5
1670089642.115672; 50789; 5
1670089642.140670; 50814; 5
1670089642.165670; 50839; 5
1670089642.190675; 50864; 5
1670089642.215671; 50889; 5
1670089642.240670; 50914; 5
1670089642.265670; 50939; 5
1670089642.290670; 50964; 5
1670089642.315682; 50989; 5
1670089642.340675; 51014; 5
1670089642.365674; 51039; 5
1670089642.390670; 51064; 5
1670089642.415675; 51089; 5
1670089642.440671; 51114; 5
1670089642.465670; 51139; 5
1670089642.490670; 51164; 5
1670089642.515670; 51189; 5
1670089642.540675; 51214; 5
1670089642.565671; 51239; 5
1670089642.590674; 51264; 5
1670089642.615674; 51289; 5
1670089642.640679; 51314; 5
1670089642.665675; 51339; 5
1670089642.690674; 51364; 5
1670089642.715674; 51389; 5
1670089642.740681; 51414; 5
1670089642.765677; 51439; 5
1670089642.790695; 51464; 5
1670089642.815674; 51489; 5
1670089642.840674; 51514; 5
1670089642.865679; 51539; 5
1670089642.890675; 51564; 5
1670089642.915674; 51589; 5
1670089642.940674; 51614; 5
1670089642.965679; 51639; 5
1670089642.990692; 51664; 5
1670089643.015674; 51689; 5
1670089643.040671; 51714; 5
1670089643.065671; 51739; 5
1670089643.090680; 51764; 5
1670089643.115672; 51789; 5
1670089643.140670; 51814; 5
1670089643.165670; 51839; 5
1670089643.190682; 51864; 5
1670089643.215671; 51889; 5
1670089643.240670; 51914; 5
1670089643.265670; 51939; 5
1670089643.290670; 51964; 5
1670089643.315675; 51989; 5
1670089643.340671; 52014; 5
1670089643.365670; 52039; 5
1670089643.390674; 52064; 5
1670089643.415679; 52089; 5
1670089643.440675; 52114; 5
1670089643.465670; 52139; 5
1670089643.490670; 52164; 5
1670089643.515675; 52189; 5
1670089643.540671; 52214; 5
1670089643.565670; 52239; 5
1670089643.590670; 52264; 5
1670089643.615674; 52289; 5
1670089643.640678; 52314; 5
1670089643.665671; 52339; 5
1670089643.690670; 52364; 5
1670089643.715670; 52389; 2
1670089643.740675; 52414; 2
1670089643.765671; 52439; 2
1670089643.790670; 52464; 2
1670089643.815693; 52489; 2
1670089643.840674; 52514; 2
1670089643.865679; 52539; 2
1670089643.890675; 52564; 2
1670089643.915674; 52589; 2
1670089643.940674; 52614; 2
1670089643.965679; 52639; 2
1670089643.990675; 52664; 2
1670089644.015674; 52689; 3
1670089644.040675; 52714; 3
1670089644.065682; 52739; 3
1670089644.090674; 52764; 3
1670089644.115671; 52789; 5
1670089644.140670; 52814; 5
1670089644.165670; 52839; 5
1670089644.190675; 52864; 5
1670089644.215671; 52889; 4
1670089644.240674; 52914; 4
1670089644.265674; 52939; 4
1670089644.290679; 52964; 4
1670089644.315675; 52989; 4
1670089644.340674; 53014; 3
1670089644.365674; 53039; 3
1670089644.390670; 53064; 3
1670089644.415675; 53089; 3
1670089644.440675; 53114; 2
1670089644.465674; 53139; 2
1670089644.490674; 53164; 2
1670089644.515678; 53189; 2
1670089644.540671; 53214; 2
1670089644.565670; 53239; 2
1670089644.590670; 53264; 2
1670089644.615670; 53289; 2
1670089644.640675; 53314; 2
1670089644.665671; 53339; 2
1670089644.690670; 53364; 2
1670089644.715670; 53389; 2
1670089644.740675; 53414; 2
1670089644.765671; 53439; 2
1670089644.790670; 53464; 2
1670089644.815670; 53489; 2
1670089644.840675; 53514; 4
1670089644.865671; 53539; 4
1670089644.890670; 53564; 4
1670089644.915670; 53589; 4
1670089644.940670; 53614; 4
1670089644.965678; 53639; 4
1670089644.990671; 53664; 4
1670089645.015670; 53689; 4
1670089645.040671; 53714; 5
1670089645.065687; 53739; 5
1670089645.090672; 53764; 5
1670089645.115675; 53789; 5
1670089645.140674; 53814; 4
1670089645.165674; 53839; 4
1670089645.190679; 53864; 4
1670089645.215675; 53889; 4
1670089645.240674; 53914; 5
1670089645.265674; 53939; 5
1670089645.290679; 53964; 5
1670089645.315675; 53989; 5
1670089645.340674; 54014; 6
1670089645.365674; 54039; 6
1670089645.390678; 54064; 6
1670089645.415671; 54089; 6
1670089645.440670; 54114; 6
1670089645.465670; 54139; 6
1670089645.490670; 54164; 6
1670089645.515675; 54189; 6
1670089645.540671; 54214; 6
1670089645.565670; 54239; 4
1670089645.590670; 54264; 4
1670089645.615675; 54289; 4
1670089645.640671; 54314; 4
1670089645.665670; 54339; 5
1670089645.690670; 54364; 5
1670089645.715670; 54389; 5
1670089645.740675; 54414; 5
1670089645.765671; 54439; 5
1670089645.790670; 54464; 5
1670089645.815670; 54489; 5
1670089645.840682; 54514; 5
1670089645.865675; 54539; 4
1670089645.890674; 54564; 4
1670089645.915674; 54589; 4
1670089645.940674; 54614; 4
1670089645.965672; 54639; 4
1670089645.990674; 54664; 4
1670089646.015674; 54689; 4
1670089646.040671; 54714; 4
1670089646.065680; 54739; 4
1670089646.090676; 54764; 4
1670089646.115671; 54789; 4
1670089646.140670; 54814; 4
1670089646.165675; 54839; 5
1670089646.190671; 54864; 5
1670089646.215670; 54889; 5
1670089646.240670; 54914; 5
1670089646.265670; 54939; 3
1670089646.290678; 54964; 3
1670089646.315671; 54989; 3
1670089646.340670; 55014; 3
1670089646.365670; 55039; 2
1670089646.390675; 55064; 2
1670089646.415671; 55089; 2
1670089646.440670; 55114; 2
1670089646.465670; 55139; 3
1670089646.490674; 55164; 3
1670089646.515679; 55189; 3
1670089646.540675; 55214; 3
1670089646.565674; 55239; 2
1670089646.590674; 55264; 2
1670089646.615679; 55289; 2
1670089646.640675; 55314; 2
1670089646.665674; 55339; 2
1670089646.690674; 55364; 4
1670089646.715678; 55389; 4
1670089646.740671; 55414; 4
1670089646.765670; 55439; 4
1670089646.790670; 55464; 4
1670089646.815670; 55489; 4
1670089646.840675; 55514; 4
1670089646.865671; 55539; 4
1670089646.890670; 55564; 4
1670089646.915670; 55589; 4
1670089646.940679; 55614; 4
1670089646.965675; 55639; 4
1670089646.990674; 55664; 3
1670089647.015674; 55689; 3
1670089647.040671; 55714; 3
1670089647.065680; 55739; 3
1670089647.090681; 55764; 2
1670089647.115675; 55789; 2
1670089647.140674; 55814; 2
1670089647.165678; 55839; 2
1670089647.190671; 55864; 2
1670089647.215670; 55889; 2
1670089647.240670; 55914; 2
1670089647.265678; 55939; 2
1670089647.290692; 55964; 2
1670089647.315674; 55989; 2
1670089647.340674; 56014; 2
1670089647.365670; 56039; 2
1670089647.390679; 56064; 2
1670089647.415675; 56089; 2
1670089647.440674; 56114; 2
1670089647.465674; 56139; 2
1670089647.490679; 56164; 3
1670089647.515675; 56189; 3
1670089647.540674; 56214; 3
1670089647.565674; 56239; 3
1670089647.590674; 56264; 3
1670089647.615678; 56289; 3
1670089647.640671; 56314; 3
1670089647.665670; 56339; 3
1670089647.690670; 56364; 3
1670089647.715675; 56389; 3
1670089647.740671; 56414; 3
1670089647.765674; 56439; 3
1670089647.790674; 56464; 3
1670089647.815674; 56489; 3
1670089647.840679; 56514; 3
1670089647.865675; 56539; 3
1670089647.890674; 56564; 3
1670089647.915674; 56589; 3
1670089647.940679; 56614; 3
1670089647.965675; 56639; 3
1670089647.990674; 56664; 3
1670089648.015674; 56689; 3
1670089648.040684; 56714; 3
1670089648.065672; 56739; 3
1670089648.090675; 56764; 3
1670089648.115696; 56789; 3
1670089648.140670; 56814; 3
1670089648.165675; 56839; 3
1670089648.190671; 56864; 3
1670089648.215670; 56889; 3
1670089648.240670; 56914; 3
1670089648.265675; 56939; 3
1670089648.290671; 56964; 3
1670089648.315688; 56989; 3
1670089648.340670; 57014; 3
1670089648.365670; 57039; 3
1670089648.390679; 57064; 3
1670089648.415675; 57089; 3
1670089648.440674; 57114; 3
1670089648.465674; 57139; 3
1670089648.490678; 57164; 3
1670089648.515671; 57189; 3
1670089648.540670; 57214; 3
1670089648.565670; 57239; 3
1670089648.590675; 57264; 3
1670089648.615671; 57289; 3
1670089648.640670; 57314; 3
1670089648.665670; 57339; 3
1670089648.690670; 57364; 3
1670089648.715675; 57389; 3
1670089648.740675; 57414; 3
1670089648.765674; 57439; 3
1670089648.790674; 57464; 3
1670089648.815679; 57489; 3
1670089648.840675; 57514; 3
1670089648.865674; 57539; 3
1670089648.890674; 57564; 3
1670089648.915674; 57589; 3
1670089648.940678; 57614; 3
1670089648.965671; 57639; 3
1670089648.990670; 57664; 3
1670089649.015670; 57689; 3
1670089649.040680; 57714; 4
1670089649.065672; 57739; 4
1670089649.090675; 57764; 4
1670089649.115671; 57789; 4
1670089649.140679; 57814; 2
1670089649.165676; 57839; 2
1670089649.190674; 57864; 2
1670089649.215674; 57889; 2
1670089649.240674; 57914; 4
1670089649.265679; 57939; 4
1670089649.290675; 57964; 4
1670089649.315674; 57989; 4
1670089649.340674; 58014; 6
1670089649.365678; 58039; 6
1670089649.390712; 58064; 6
1670089649.415674; 58089; 6
1670089649.440674; 58114; 5
1670089649.465674; 58139; 5
1670089649.490679; 58164; 5
1670089649.515675; 58189; 5
1670089649.540674; 58214; 3
1670089649.565674; 58239; 3
1670089649.590679; 58264; 3
1670089649.615675; 58289; 3
1670089649.640674; 58314; 4
1670089649.665674; 58339; 4
1670089649.690674; 58364; 4
1670089649.715679; 58389; 4
1670089649.740675; 58414; 6
1670089649.765674; 58439; 6
1670089649.790674; 58464; 6
1670089649.815682; 58489; 6
1670089649.840675; 58514; 6
1670089649.865674; 58539; 6
1670089649.890674; 58564; 6
1670089649.915679; 58589; 6
1670089649.940675; 58614; 7
1670089649.965670; 58639; 7
1670089649.990670; 58664; 7
1670089650.015670; 58689; 7
1670089650.040680; 58714; 7
1670089650.065672; 58739; 7
1670089650.090675; 58764; 7
1670089650.115671; 58789; 7
1670089650.140675; 58814; 7
1670089650.165671; 58839; 8
1670089650.190670; 58864; 8
1670089650.215674; 58889; 8
1670089650.240674; 58914; 8
1670089650.265678; 58939; 7
1670089650.290671; 58964; 7
1670089650.315670; 58989; 7
1670089650.340670; 59014; 7
1670089650.365675; 59039; 5
1670089650.390671; 59064; 5
1670089650.415670; 59089; 5
1670089650.440670; 59114; 5
1670089650.465678; 59139; 5
1670089650.490677; 59164; 5
1670089650.515674; 59189; 5
1670089650.540674; 59214; 5
1670089650.565674; 59239; 2
1670089650.590679; 59264; 2
1670089650.615675; 59289; 2
1670089650.640674; 59314; 2
1670089650.665674; 59339; 1
1670089650.690678; 59364; 1
1670089650.715671; 59389; 1
1670089650.740670; 59414; 1
1670089650.765670; 59439; 1
1670089650.790670; 59464; 1
1670089650.815675; 59489; 1
1670089650.840671; 59514; 1
1670089650.865670; 59539; 1
1670089650.890670; 59564; 1
1670089650.915675; 59589; 1
1670089650.940671; 59614; 1
1670089650.965670; 59639; 1
1670089650.990674; 59664; 1
1670089651.015674; 59689; 1
1670089651.040680; 59714; 1
1670089651.065672; 59739; 1
1670089651.090675; 59764; 1
1670089651.115671; 59789; 1
1670089651.140682; 59814; 1
1670089651.165675; 59839; 1
1670089651.190674; 59864; 1
1670089651.215674; 59889; 1
1670089651.240679; 59914; 1
1670089651.265675; 59939; 1
1670089651.290674; 59964; 2
1670089651.315674; 59989; 2
1670089651.340674; 60014; 2
1670089651.365679; 60039; 2
1670089651.390671; 60064; 3
1670089651.415670; 60089; 3
1670089651.440670; 60114; 3
1670089651.465675; 60139; 3
1670089651.490671; 60164; 3
1670089651.515670; 60189; 3
1670089651.540670; 60214; 3
1670089651.565670; 60239; 3
1670089651.590678; 60264; 3
1670089651.615675; 60289; 3
1670089651.640674; 60314; 3
1670089651.665674; 60339; 3
1670089651.690679; 60364; 3
1670089651.715675; 60389; 3
1670089651.740674; 60414; 3
1670089651.765674; 60439; 3
1670089651.790679; 60464; 3
1670089651.815675; 60489; 3
1670089651.840674; 60514; 3
1670089651.865674; 60539; 3
1670089651.890670; 60564; 3
1670089651.915679; 60589; 3
1670089651.940675; 60614; 3
1670089651.965674; 60639; 3
1670089651.990674; 60664; 3
1670089652.015682; 60689; 3
1670089652.040672; 60714; 3
1670089652.065675; 60739; 3
1670089652.090671; 60764; 4
1670089652.115675; 60789; 4
1670089652.140679; 60814; 4
1670089652.165675; 60839; 4
1670089652.190674; 60864; 3
1670089652.215670; 60889; 3
1670089652.240675; 60914; 3
1670089652.265675; 60939; 3
1670089652.290674; 60964; 6
1670089652.315674; 60989; 6
1670089652.340674; 61014; 6
1670089652.365672; 61039; 6
1670089652.390674; 61064; 6
1670089652.415682; 61089; 4
1670089652.440670; 61114; 4
1670089652.465678; 61139; 4
1670089652.490671; 61164; 4
1670089652.515670; 61189; 4
1670089652.540670; 61214; 4
1670089652.565675; 61239; 4
1670089652.590671; 61264; 4
1670089652.615678; 61289; 5
1670089652.640674; 61314; 5
1670089652.665674; 61339; 5
1670089652.690679; 61364; 5
1670089652.715675; 61389; 7
1670089652.740674; 61414; 7
1670089652.765674; 61439; 7
1670089652.790679; 61464; 7
1670089652.815675; 61489; 5
1670089652.840670; 61514; 5
1670089652.865670; 61539; 5
1670089652.890674; 61564; 5
1670089652.915678; 61589; 3
1670089652.940671; 61614; 3
1670089652.965670; 61639; 3
1670089652.990670; 61664; 3
1670089653.015675; 61689; 4
1670089653.040672; 61714; 4
1670089653.065675; 61739; 4
1670089653.090671; 61764; 4
1670089653.115680; 61789; 3
1670089653.140675; 61814; 3
1670089653.165674; 61839; 3
1670089653.190674; 61864; 3
1670089653.215674; 61889; 3
1670089653.240679; 61914; 3
1670089653.265675; 61939; 3
1670089653.290674; 61964; 3
1670089653.315674; 61989; 3
1670089653.340678; 62014; 3
1670089653.365671; 62039; 3
1670089653.390674; 62064; 3
1670089653.415674; 62089; 3
1670089653.440681; 62114; 3
1670089653.465675; 62139; 3
1670089653.490675; 62164; 3
1670089653.515674; 62189; 5
1670089653.540674; 62214; 5
1670089653.565679; 62239; 5
1670089653.590675; 62264; 5
1670089653.615674; 62289; 5
1670089653.640669; 62314; 4
1670089653.665678; 62339; 4
1670089653.690676; 62364; 4
1670089653.715674; 62389; 4
1670089653.740674; 62414; 3
1670089653.765674; 62439; 3
1670089653.790683; 62464; 3
1670089653.815675; 62489; 3
1670089653.840674; 62514; 3
1670089653.865674; 62539; 3
1670089653.890679; 62564; 3
1670089653.915675; 62589; 3
1670089653.940674; 62614; 3
1670089653.965674; 62639; 3
1670089653.990674; 62664; 3
1670089654.015679; 62689; 3
1670089654.040672; 62714; 2
1670089654.065671; 62739; 2
1670089654.090675; 62764; 2
1670089654.115680; 62789; 2
1670089654.140675; 62814; 5
1670089654.165674; 62839; 5
1670089654.190674; 62864; 5
1670089654.215674; 62889; 5
1670089654.240678; 62914; 2
1670089654.265675; 62939; 2
1670089654.290674; 62964; 2
1670089654.315674; 62989; 2
1670089654.340679; 63014; 2
1670089654.365675; 63039; 2
1670089654.390670; 63064; 2
1670089654.415670; 63089; 2
1670089654.440675; 63114; 3
1670089654.465674; 63139; 3
1670089654.490674; 63164; 3
1670089654.515674; 63189; 3
1670089654.540674; 63214; 3
1670089654.565679; 63239; 3
1670089654.590675; 63264; 3
1670089654.615674; 63289; 3
1670089654.640674; 63314; 2
1670089654.665682; 63339; 2
1670089654.690675; 63364; 2
1670089654.715681; 63389; 2
1670089654.740670; 63414; 2
1670089654.765670; 63439; 2
1670089654.790675; 63464; 2
1670089654.815671; 63489; 2
1670089654.840670; 63514; 2
1670089654.865670; 63539; 3
1670089654.890675; 63564; 3
1670089654.915671; 63589; 3
1670089654.940670; 63614; 3
1670089654.965670; 63639; 6
1670089654.990675; 63664; 6
1670089655.015671; 63689; 6
1670089655.040675; 63714; 6
1670089655.065671; 63739; 6
1670089655.090675; 63764; 6
1670089655.115684; 63789; 6
1670089655.140675; 63814; 6
1670089655.165674; 63839; 6
1670089655.190674; 63864; 6
