1670090953.224483; 429572; 19
1670090953.248968; 429597; 19
1670090953.273970; 429622; 19
1670090953.298970; 429647; 19
1670090953.324001; 429672; 22
1670090953.348965; 429697; 22
1670090953.373965; 429722; 22
1670090953.398965; 429747; 22
1670090953.423965; 429772; 21
1670090953.448965; 429797; 21
1670090953.473965; 429822; 21
1670090953.498965; 429847; 21
1670090953.523965; 429872; 20
1670090953.548965; 429897; 20
1670090953.573965; 429922; 20
1670090953.598965; 429947; 20
1670090953.623965; 429972; 20
1670090953.648965; 429997; 20
1670090953.673965; 430022; 20
1670090953.698971; 430047; 20
1670090953.723971; 430072; 20
1670090953.748970; 430097; 19
1670090953.773970; 430122; 19
1670090953.798970; 430147; 19
1670090953.823970; 430172; 19
1670090953.848970; 430197; 19
1670090953.873970; 430222; 19
1670090953.898970; 430247; 19
1670090953.923970; 430272; 19
1670090953.948965; 430297; 19
1670090953.973965; 430322; 19
1670090953.998970; 430347; 19
1670090954.023970; 430372; 19
1670090954.048966; 430397; 19
1670090954.073972; 430422; 19
1670090954.098967; 430447; 19
1670090954.123966; 430472; 19
1670090954.148965; 430497; 19
1670090954.173965; 430522; 19
1670090954.198965; 430547; 19
1670090954.223965; 430572; 19
1670090954.248965; 430597; 19
1670090954.273965; 430622; 19
1670090954.298965; 430647; 19
1670090954.323965; 430672; 19
1670090954.348966; 430697; 19
1670090954.373965; 430722; 19
1670090954.398965; 430747; 19
1670090954.423971; 430772; 19
1670090954.448970; 430797; 19
1670090954.473970; 430822; 19
1670090954.498970; 430847; 19
1670090954.523971; 430872; 19
1670090954.548971; 430897; 20
1670090954.573970; 430922; 20
1670090954.598970; 430947; 20
1670090954.623971; 430972; 20
1670090954.648970; 430997; 20
1670090954.673971; 431022; 20
1670090954.698971; 431047; 20
1670090954.723971; 431072; 20
1670090954.748971; 431097; 19
1670090954.773971; 431122; 19
1670090954.798970; 431147; 19
1670090954.823970; 431172; 19
1670090954.848971; 431197; 20
1670090954.873970; 431222; 20
1670090954.898971; 431247; 20
1670090954.923965; 431272; 20
1670090954.948965; 431297; 20
1670090954.973965; 431322; 20
1670090954.998965; 431347; 20
1670090955.023965; 431372; 20
1670090955.048972; 431397; 20
1670090955.073972; 431422; 20
1670090955.098972; 431447; 20
1670090955.123972; 431472; 20
1670090955.148965; 431497; 20
1670090955.173984; 431522; 21
1670090955.198965; 431547; 21
1670090955.223965; 431572; 21
1670090955.248996; 431597; 21
1670090955.273965; 431622; 21
1670090955.298965; 431647; 21
1670090955.323965; 431672; 21
1670090955.348965; 431697; 21
1670090955.373965; 431722; 23
1670090955.398965; 431747; 23
1670090955.423983; 431772; 23
1670090955.448965; 431797; 23
1670090955.473965; 431822; 24
1670090955.498965; 431847; 24
1670090955.523965; 431872; 24
1670090955.548965; 431897; 24
1670090955.573965; 431922; 25
1670090955.598965; 431947; 25
1670090955.623965; 431972; 25
1670090955.648965; 431997; 25
1670090955.673965; 432022; 26
1670090955.698965; 432047; 26
1670090955.723965; 432072; 26
1670090955.748965; 432097; 26
1670090955.773965; 432122; 27
1670090955.798965; 432147; 27
1670090955.823965; 432172; 27
1670090955.848971; 432197; 27
1670090955.873970; 432222; 27
1670090955.898971; 432247; 27
1670090955.923971; 432272; 27
1670090955.948971; 432297; 27
1670090955.973971; 432322; 28
1670090955.998965; 432347; 28
1670090956.023965; 432372; 28
1670090956.048972; 432397; 28
1670090956.073972; 432422; 28
1670090956.098972; 432447; 29
1670090956.123972; 432472; 29
1670090956.148965; 432497; 29
1670090956.173965; 432522; 29
1670090956.198970; 432547; 29
1670090956.223970; 432572; 29
1670090956.248970; 432597; 29
1670090956.273970; 432622; 29
1670090956.298970; 432647; 30
1670090956.323971; 432672; 30
1670090956.348965; 432697; 30
1670090956.373965; 432722; 30
1670090956.398971; 432747; 30
1670090956.423970; 432772; 30
1670090956.448970; 432797; 30
1670090956.473971; 432822; 30
1670090956.498965; 432847; 31
1670090956.523971; 432872; 31
1670090956.692628; 433040; 32
1670090956.716967; 433065; 32
1670090956.741965; 433090; 32
1670090956.766965; 433115; 32
1670090956.791965; 433140; 33
1670090956.816971; 433165; 33
1670090956.841970; 433190; 33
1670090956.866971; 433215; 33
1670090956.891971; 433240; 33
1670090956.916970; 433265; 34
1670090956.941970; 433290; 34
1670090956.966971; 433315; 34
1670090956.991971; 433340; 34
1670090957.016965; 433365; 33
1670090957.041972; 433390; 33
1670090957.066972; 433415; 33
1670090957.091972; 433440; 33
1670090957.116972; 433465; 33
1670090957.141965; 433490; 33
1670090957.166965; 433515; 33
1670090957.191966; 433540; 33
1670090957.216966; 433565; 33
1670090957.241965; 433590; 33
1670090957.266966; 433615; 33
1670090957.291965; 433640; 33
1670090957.316965; 433665; 34
1670090957.341965; 433690; 34
1670090957.366966; 433715; 34
1670090957.391971; 433740; 34
1670090957.416971; 433765; 34
1670090957.441965; 433790; 34
1670090957.466965; 433815; 34
1670090957.491965; 433840; 34
1670090957.516965; 433865; 34
1670090957.541965; 433890; 34
1670090957.566965; 433915; 34
1670090957.591965; 433940; 34
1670090957.616965; 433965; 34
1670090957.641971; 433990; 34
1670090957.666971; 434015; 34
1670090957.691971; 434040; 34
1670090957.716971; 434065; 35
1670090957.741971; 434090; 35
1670090957.766971; 434115; 35
1670090957.791971; 434140; 35
1670090957.816971; 434165; 37
1670090957.841965; 434190; 37
1670090957.866965; 434215; 37
1670090957.891970; 434240; 37
1670090957.916970; 434265; 37
1670090957.941971; 434290; 37
1670090957.966971; 434315; 37
1670090957.991970; 434340; 37
1670090958.016971; 434365; 37
1670090958.041972; 434390; 37
1670090958.066972; 434415; 37
1670090958.091972; 434440; 37
1670090958.116972; 434465; 37
1670090958.141992; 434490; 36
1670090958.166965; 434515; 36
1670090958.191965; 434540; 36
1670090958.216965; 434565; 36
1670090958.241965; 434590; 35
1670090958.266965; 434615; 35
1670090958.291965; 434640; 35
1670090958.316965; 434665; 35
1670090958.341965; 434690; 34
1670090958.366965; 434715; 34
1670090958.391965; 434740; 34
1670090958.416971; 434765; 34
1670090958.441971; 434790; 33
1670090958.466971; 434815; 33
1670090958.491971; 434840; 33
1670090958.516971; 434865; 33
1670090958.541971; 434890; 33
1670090958.566971; 434915; 33
1670090958.591971; 434940; 33
1670090958.616970; 434965; 33
1670090958.641971; 434990; 33
1670090958.666971; 435015; 33
1670090958.691970; 435040; 33
1670090958.716966; 435065; 33
1670090958.741965; 435090; 33
1670090958.766965; 435115; 33
1670090958.791965; 435140; 33
1670090958.816965; 435165; 33
1670090958.841965; 435190; 33
1670090958.866971; 435215; 33
1670090958.891971; 435240; 33
1670090958.916971; 435265; 33
1670090958.941971; 435290; 33
1670090958.966965; 435315; 33
1670090958.991965; 435340; 33
1670090959.016965; 435365; 33
1670090959.041972; 435390; 33
1670090959.066972; 435415; 33
1670090959.091972; 435440; 33
1670090959.116972; 435465; 33
1670090959.141965; 435490; 35
1670090959.166970; 435515; 35
1670090959.191971; 435540; 35
1670090959.216970; 435565; 35
1670090959.241970; 435590; 35
1670090959.266970; 435615; 36
1670090959.291970; 435640; 36
1670090959.316965; 435665; 36
1670090959.341965; 435690; 36
1670090959.366965; 435715; 35
1670090959.391965; 435740; 35
1670090959.416965; 435765; 35
1670090959.441965; 435790; 35
1670090959.466965; 435815; 35
1670090959.491965; 435840; 35
1670090959.516965; 435865; 35
1670090959.541965; 435890; 35
1670090959.566965; 435915; 35
1670090959.591970; 435940; 35
1670090959.616970; 435965; 35
1670090959.641970; 435990; 35
1670090959.666971; 436015; 33
1670090959.691971; 436040; 33
1670090959.716971; 436065; 33
1670090959.741971; 436090; 33
1670090959.766971; 436115; 31
1670090959.791970; 436140; 31
1670090959.816971; 436165; 31
1670090959.841971; 436190; 31
1670090959.866971; 436215; 31
1670090959.891965; 436240; 31
1670090959.916965; 436265; 31
1670090959.941965; 436290; 31
1670090959.966965; 436315; 32
1670090959.991979; 436340; 32
1670090960.016967; 436365; 32
1670090960.041966; 436390; 32
1670090960.066966; 436415; 31
1670090960.091972; 436440; 31
1670090960.116972; 436465; 31
1670090960.141965; 436490; 31
1670090960.166965; 436515; 31
1670090960.191965; 436540; 31
1670090960.216971; 436565; 31
1670090960.241970; 436590; 31
1670090960.266971; 436615; 31
1670090960.291970; 436640; 31
1670090960.316970; 436665; 31
1670090960.341965; 436690; 31
1670090960.366965; 436715; 31
1670090960.391965; 436740; 31
1670090960.416965; 436765; 31
1670090960.441965; 436790; 31
1670090960.466965; 436815; 31
1670090960.491966; 436840; 32
1670090960.516960; 436865; 32
1670090960.541971; 436890; 32
1670090960.566965; 436915; 32
1670090960.591965; 436940; 33
1670090960.616965; 436965; 33
1670090960.641965; 436990; 33
1670090960.666965; 437015; 33
1670090960.691965; 437040; 35
1670090960.716965; 437065; 35
1670090960.741965; 437090; 35
1670090960.766965; 437115; 35
1670090960.791965; 437140; 36
1670090960.816965; 437165; 36
1670090960.841965; 437190; 36
1670090960.866965; 437215; 36
1670090960.891965; 437240; 37
1670090960.916971; 437265; 37
1670090960.941971; 437290; 37
1670090960.966970; 437315; 37
1670090960.991971; 437340; 38
1670090961.016971; 437365; 38
1670090961.041967; 437390; 38
1670090961.066967; 437415; 38
1670090961.091966; 437440; 39
1670090961.116972; 437465; 39
1670090961.141965; 437490; 39
1670090961.166965; 437515; 39
1670090961.191965; 437540; 40
1670090961.216965; 437565; 40
1670090961.241965; 437590; 40
1670090961.266966; 437615; 40
1670090961.291965; 437640; 40
1670090961.316987; 437665; 40
1670090961.341971; 437690; 40
1670090961.366965; 437715; 40
1670090961.391965; 437740; 40
1670090961.416965; 437765; 40
1670090961.441965; 437790; 40
1670090961.466966; 437815; 40
1670090961.491965; 437840; 41
1670090961.516986; 437865; 41
1670090961.541970; 437890; 41
1670090961.566970; 437915; 41
1670090961.591970; 437940; 41
1670090961.616970; 437965; 42
1670090961.641971; 437990; 42
1670090961.666971; 438015; 42
1670090961.691971; 438040; 42
1670090961.716965; 438065; 42
1670090961.741965; 438090; 42
1670090961.766965; 438115; 42
1670090961.791971; 438140; 42
1670090961.816971; 438165; 42
1670090961.841971; 438190; 42
1670090961.866971; 438215; 42
1670090961.891971; 438240; 42
1670090961.916971; 438265; 42
1670090961.941970; 438290; 42
1670090961.966970; 438315; 42
1670090961.991971; 438340; 42
1670090962.016970; 438365; 43
1670090962.041966; 438390; 43
1670090962.066966; 438415; 43
1670090962.091967; 438440; 43
1670090962.116966; 438465; 44
1670090962.141971; 438490; 44
1670090962.166971; 438515; 44
1670090962.191970; 438540; 44
1670090962.216970; 438565; 45
1670090962.241970; 438590; 45
1670090962.266970; 438615; 45
1670090962.291970; 438640; 45
1670090962.316970; 438665; 45
1670090962.341969; 438690; 45
1670090962.366971; 438715; 45
1670090962.391971; 438740; 45
1670090962.416970; 438765; 46
1670090962.441971; 438790; 46
1670090962.466971; 438815; 46
1670090962.491971; 438840; 46
1670090962.516971; 438865; 46
1670090962.541965; 438890; 46
1670090962.566965; 438915; 46
1670090962.591965; 438940; 46
1670090962.616965; 438965; 46
1670090962.641965; 438990; 46
1670090962.666965; 439015; 46
1670090962.691965; 439040; 46
1670090962.716965; 439065; 46
1670090962.741965; 439090; 46
1670090962.766965; 439115; 46
1670090962.791965; 439140; 46
1670090962.816965; 439165; 46
1670090962.841965; 439190; 47
1670090962.866965; 439215; 47
1670090962.891965; 439240; 47
1670090962.916965; 439265; 47
1670090962.941965; 439290; 47
1670090962.966970; 439315; 47
1670090962.991971; 439340; 47
1670090963.016971; 439365; 47
1670090963.041967; 439390; 47
1670090963.066967; 439415; 47
1670090963.091967; 439440; 47
1670090963.116966; 439465; 47
1670090963.141965; 439490; 48
1670090963.166965; 439515; 48
1670090963.191965; 439540; 48
1670090963.216965; 439565; 48
1670090963.241965; 439590; 48
1670090963.266965; 439615; 48
1670090963.291979; 439640; 48
1670090963.316972; 439665; 48
1670090963.341965; 439690; 48
1670090963.366965; 439715; 48
1670090963.391965; 439740; 48
1670090963.416965; 439765; 48
1670090963.441965; 439790; 48
1670090963.466965; 439815; 48
1670090963.491966; 439840; 48
1670090963.516965; 439865; 48
1670090963.541965; 439890; 48
1670090963.566965; 439915; 48
1670090963.591965; 439940; 48
1670090963.616965; 439965; 48
1670090963.641965; 439990; 48
1670090963.666965; 440015; 48
1670090963.691965; 440040; 48
1670090963.716965; 440065; 48
1670090963.741965; 440090; 48
1670090963.766965; 440115; 48
1670090963.791971; 440140; 48
1670090963.816971; 440165; 48
1670090963.841971; 440190; 48
1670090963.866971; 440215; 48
1670090963.891971; 440240; 48
1670090963.916971; 440265; 48
1670090963.941971; 440290; 48
1670090963.966971; 440315; 48
1670090963.991965; 440340; 48
1670090964.016965; 440365; 48
1670090964.041972; 440390; 48
1670090964.066972; 440415; 48
1670090964.091972; 440440; 48
1670090964.116972; 440465; 48
1670090964.141965; 440490; 48
1670090964.166965; 440515; 48
1670090964.191965; 440540; 48
1670090964.216965; 440565; 48
1670090964.241965; 440590; 48
1670090964.266965; 440615; 48
1670090964.291965; 440640; 48
1670090964.316965; 440665; 48
1670090964.341965; 440690; 48
1670090964.366965; 440715; 48
1670090964.391971; 440740; 48
1670090964.416971; 440765; 48
1670090964.441971; 440790; 48
1670090964.466971; 440815; 48
1670090964.491971; 440840; 48
1670090964.516971; 440865; 48
1670090964.541971; 440890; 48
1670090964.566970; 440915; 48
1670090964.591965; 440940; 48
1670090964.616965; 440965; 48
1670090964.641965; 440990; 48
1670090964.666965; 441015; 48
1670090964.691965; 441040; 48
1670090964.716971; 441065; 48
1670090964.741971; 441090; 48
1670090964.766971; 441115; 48
1670090964.791971; 441140; 48
1670090964.816971; 441165; 48
1670090964.841971; 441190; 48
1670090964.866971; 441215; 48
1670090964.891971; 441240; 48
1670090964.916971; 441265; 48
1670090964.941971; 441290; 48
1670090964.966971; 441315; 48
1670090964.991971; 441340; 48
1670090965.016965; 441365; 48
1670090965.041972; 441390; 48
1670090965.066972; 441415; 48
1670090965.091972; 441440; 48
1670090965.116972; 441465; 48
1670090965.141965; 441490; 48
1670090965.166965; 441515; 48
1670090965.191965; 441540; 48
1670090965.216965; 441565; 48
1670090965.241965; 441590; 48
1670090965.266965; 441615; 48
1670090965.291965; 441640; 48
1670090965.316966; 441665; 48
1670090965.341965; 441690; 48
1670090965.366965; 441715; 48
1670090965.391966; 441740; 48
1670090965.416965; 441765; 48
1670090965.441965; 441790; 48
1670090965.466965; 441815; 48
1670090965.491965; 441840; 48
1670090965.516971; 441865; 48
1670090965.541971; 441890; 48
1670090965.566970; 441915; 48
1670090965.591971; 441940; 48
1670090965.616965; 441965; 48
1670090965.641965; 441990; 48
1670090965.666965; 442015; 48
1670090965.691965; 442040; 48
1670090965.716971; 442065; 48
1670090965.741971; 442090; 48
1670090965.766969; 442115; 48
1670090965.791970; 442140; 48
1670090965.816975; 442165; 48
1670090965.841971; 442190; 48
1670090965.866971; 442215; 48
1670090965.891971; 442240; 48
1670090965.916971; 442265; 48
1670090965.941971; 442290; 48
1670090965.966971; 442315; 48
1670090965.991971; 442340; 48
1670090966.016971; 442365; 48
1670090966.041966; 442390; 48
1670090966.066967; 442415; 48
1670090966.091967; 442440; 48
1670090966.116966; 442465; 48
1670090966.141965; 442490; 48
1670090966.166965; 442515; 48
1670090966.191965; 442540; 48
1670090966.216965; 442565; 48
1670090966.241965; 442590; 48
1670090966.266965; 442615; 48
1670090966.291965; 442640; 48
1670090966.316965; 442665; 48
1670090966.341965; 442690; 48
1670090966.366965; 442715; 48
1670090966.391965; 442740; 48
1670090966.416966; 442765; 48
1670090966.441971; 442790; 48
1670090966.466971; 442815; 48
1670090966.491971; 442840; 48
1670090966.516971; 442865; 48
1670090966.541971; 442890; 48
1670090966.566971; 442915; 48
1670090966.591974; 442940; 48
1670090966.616972; 442965; 48
1670090966.641965; 442990; 48
1670090966.666965; 443015; 48
1670090966.691971; 443040; 48
1670090966.716971; 443065; 48
1670090966.741971; 443090; 48
1670090966.766971; 443115; 48
1670090966.791965; 443140; 48
1670090966.816965; 443165; 48
1670090966.841965; 443190; 48
1670090966.866966; 443215; 48
1670090966.891965; 443240; 48
1670090966.916965; 443265; 48
1670090966.941965; 443290; 48
1670090966.966965; 443315; 48
1670090966.991965; 443340; 48
1670090967.016965; 443365; 48
1670090967.041972; 443390; 48
1670090967.066966; 443415; 48
1670090967.091966; 443440; 48
1670090967.116968; 443465; 48
1670090967.141971; 443490; 48
1670090967.166971; 443515; 48
1670090967.191971; 443540; 48
1670090967.216965; 443565; 48
1670090967.241965; 443590; 48
1670090967.266965; 443615; 48
1670090967.291965; 443640; 48
1670090967.316971; 443665; 49
1670090967.341971; 443690; 49
1670090967.366971; 443715; 49
1670090967.391971; 443740; 49
1670090967.416971; 443765; 49
1670090967.441971; 443790; 48
1670090967.466971; 443815; 48
1670090967.491971; 443840; 48
1670090967.516971; 443865; 48
1670090967.541971; 443890; 48
1670090967.566971; 443915; 48
1670090967.591971; 443940; 48
1670090967.616971; 443965; 48
1670090967.641971; 443990; 49
1670090967.666971; 444015; 49
1670090967.691971; 444040; 49
1670090967.716965; 444065; 49
1670090967.741965; 444090; 49
1670090967.766966; 444115; 49
1670090967.791971; 444140; 49
1670090967.816965; 444165; 49
1670090967.841965; 444190; 49
1670090967.866970; 444215; 49
1670090967.891971; 444240; 49
1670090967.916970; 444265; 49
1670090967.941970; 444290; 49
1670090967.966971; 444315; 49
1670090967.991971; 444340; 49
1670090968.016971; 444365; 49
1670090968.041967; 444390; 48
1670090968.066966; 444415; 48
1670090968.091972; 444440; 48
1670090968.116972; 444465; 48
1670090968.141965; 444490; 49
1670090968.166965; 444515; 49
1670090968.191965; 444540; 49
1670090968.216965; 444565; 49
1670090968.241965; 444590; 49
1670090968.266965; 444615; 49
1670090968.291971; 444640; 49
1670090968.316971; 444665; 49
1670090968.341971; 444690; 49
1670090968.366971; 444715; 49
1670090968.391971; 444740; 49
1670090968.416971; 444765; 49
1670090968.441971; 444790; 49
1670090968.466971; 444815; 49
1670090968.491971; 444840; 49
1670090968.516971; 444865; 49
1670090968.541971; 444890; 49
1670090968.566971; 444915; 49
1670090968.591970; 444940; 49
1670090968.616971; 444965; 49
1670090968.641971; 444990; 49
1670090968.666971; 445015; 50
1670090968.691971; 445040; 50
1670090968.716971; 445065; 50
1670090968.741971; 445090; 50
1670090968.766971; 445115; 50
1670090968.792004; 445140; 50
1670090968.816971; 445165; 50
1670090968.841971; 445190; 50
1670090968.866971; 445215; 50
1670090968.891970; 445240; 50
1670090968.916970; 445265; 50
1670090968.941971; 445290; 50
1670090968.966970; 445315; 50
1670090968.991971; 445340; 50
1670090969.016971; 445365; 50
1670090969.041967; 445390; 50
1670090969.066967; 445415; 50
1670090969.091966; 445440; 50
1670090969.116967; 445465; 50
1670090969.141966; 445490; 50
1670090969.166965; 445515; 51
1670090969.191965; 445540; 51
1670090969.216965; 445565; 51
1670090969.241965; 445590; 51
1670090969.266965; 445615; 51
1670090969.291965; 445640; 51
1670090969.316965; 445665; 51
1670090969.341965; 445690; 51
1670090969.366965; 445715; 51
1670090969.391965; 445740; 51
1670090969.416965; 445765; 51
1670090969.441965; 445790; 51
1670090969.466965; 445815; 53
1670090969.491965; 445840; 53
1670090969.516965; 445865; 53
1670090969.541965; 445890; 53
1670090969.566965; 445915; 55
1670090969.591965; 445940; 55
1670090969.616965; 445965; 55
1670090969.641965; 445990; 55
1670090969.666965; 446015; 56
1670090969.691965; 446040; 56
1670090969.716970; 446065; 56
1670090969.741970; 446090; 56
1670090969.766971; 446115; 56
1670090969.791971; 446140; 55
1670090969.816971; 446165; 55
1670090969.841971; 446190; 55
1670090969.866971; 446215; 55
1670090969.891979; 446240; 54
1670090969.916972; 446265; 54
1670090969.941965; 446290; 54
1670090969.966965; 446315; 54
1670090969.991965; 446340; 54
1670090970.016968; 446365; 54
1670090970.041972; 446390; 54
1670090970.066972; 446415; 54
1670090970.091972; 446440; 55
1670090970.116972; 446465; 55
1670090970.141965; 446490; 55
1670090970.166965; 446515; 55
1670090970.191965; 446540; 56
1670090970.216965; 446565; 56
1670090970.241965; 446590; 56
1670090970.266965; 446615; 56
1670090970.291965; 446640; 56
1670090970.316965; 446665; 56
1670090970.341965; 446690; 56
1670090970.366965; 446715; 56
1670090970.391965; 446740; 57
1670090970.416965; 446765; 57
1670090970.441965; 446790; 57
1670090970.466965; 446815; 57
1670090970.491965; 446840; 57
1670090970.516965; 446865; 57
1670090970.541965; 446890; 57
1670090970.566965; 446915; 57
1670090970.591965; 446940; 58
1670090970.616965; 446965; 58
1670090970.641965; 446990; 58
1670090970.666965; 447015; 58
1670090970.691965; 447040; 58
1670090970.716965; 447065; 58
1670090970.741965; 447090; 58
1670090970.766966; 447115; 58
1670090970.791965; 447140; 58
1670090970.816966; 447165; 58
1670090970.841965; 447190; 58
1670090970.866965; 447215; 58
1670090970.891965; 447240; 58
1670090970.916965; 447265; 59
1670090970.941970; 447290; 59
1670090970.966970; 447315; 59
1670090970.991971; 447340; 59
1670090971.016971; 447365; 61
1670090971.041972; 447390; 61
1670090971.066972; 447415; 61
1670090971.091972; 447440; 61
1670090971.116972; 447465; 62
1670090971.141983; 447490; 62
1670090971.166965; 447515; 62
1670090971.191965; 447540; 62
1670090971.216971; 447565; 62
1670090971.241971; 447590; 62
1670090971.266971; 447615; 62
1670090971.291971; 447640; 62
1670090971.316971; 447665; 63
1670090971.341971; 447690; 63
1670090971.366971; 447715; 63
1670090971.391971; 447740; 63
1670090971.416970; 447765; 63
1670090971.441971; 447790; 63
1670090971.466971; 447815; 63
1670090971.491971; 447840; 63
1670090971.516971; 447865; 64
1670090971.541971; 447890; 64
1670090971.566971; 447915; 64
1670090971.591971; 447940; 64
1670090971.616971; 447965; 63
1670090971.641971; 447990; 63
1670090971.666971; 448015; 63
1670090971.691971; 448040; 63
1670090971.716965; 448065; 62
1670090971.741965; 448090; 62
1670090971.766965; 448115; 62
1670090971.791965; 448140; 62
1670090971.816965; 448165; 63
1670090971.841965; 448190; 63
1670090971.866965; 448215; 63
1670090971.891965; 448240; 63
1670090971.916965; 448265; 62
1670090971.941965; 448290; 62
1670090971.966965; 448315; 62
1670090971.991965; 448340; 62
1670090972.016965; 448365; 62
1670090972.041972; 448390; 61
1670090972.066972; 448415; 61
1670090972.091972; 448440; 61
1670090972.116972; 448465; 61
1670090972.141965; 448490; 59
1670090972.166967; 448515; 59
1670090972.191971; 448540; 59
1670090972.216965; 448565; 59
1670090972.241965; 448590; 59
1670090972.266965; 448615; 59
1670090972.291965; 448640; 59
1670090972.316965; 448665; 59
1670090972.341965; 448690; 59
1670090972.366965; 448715; 59
1670090972.391970; 448740; 59
1670090972.416971; 448765; 59
1670090972.441971; 448790; 58
1670090972.466971; 448815; 58
1670090972.491971; 448840; 58
1670090972.516971; 448865; 58
1670090972.541971; 448890; 56
1670090972.566971; 448915; 56
1670090972.591965; 448940; 56
1670090972.616965; 448965; 56
1670090972.641965; 448990; 53
1670090972.666965; 449015; 53
1670090972.691965; 449040; 53
1670090972.716971; 449065; 53
1670090972.741965; 449090; 51
1670090972.766965; 449115; 51
1670090972.791965; 449140; 51
1670090972.816965; 449165; 51
1670090972.841965; 449190; 49
1670090972.866965; 449215; 49
1670090972.891965; 449240; 49
1670090972.916965; 449265; 49
1670090972.941965; 449290; 44
1670090972.966965; 449315; 44
1670090972.991970; 449340; 44
1670090973.016971; 449365; 44
1670090973.041967; 449390; 43
1670090973.066967; 449415; 43
1670090973.091966; 449440; 43
1670090973.116967; 449465; 43
1670090973.141965; 449490; 43
1670090973.166965; 449515; 43
1670090973.191979; 449540; 43
1670090973.216972; 449565; 43
1670090973.241965; 449590; 43
1670090973.266965; 449615; 43
1670090973.291965; 449640; 43
1670090973.316965; 449665; 43
1670090973.341965; 449690; 43
1670090973.366965; 449715; 42
1670090973.391965; 449740; 42
1670090973.416965; 449765; 42
1670090973.441965; 449790; 42
1670090973.466965; 449815; 42
1670090973.491965; 449840; 42
1670090973.516966; 449865; 42
1670090973.541965; 449890; 42
1670090973.566965; 449915; 44
1670090973.591965; 449940; 44
1670090973.616971; 449965; 44
1670090973.641971; 449990; 44
1670090973.666970; 450015; 48
1670090973.691971; 450040; 48
1670090973.716971; 450065; 48
1670090973.741971; 450090; 48
1670090973.766965; 450115; 49
1670090973.791966; 450140; 49
1670090973.816970; 450165; 49
1670090973.841971; 450190; 49
1670090973.866971; 450215; 52
1670090973.891971; 450240; 52
1670090973.916971; 450265; 52
1670090973.941971; 450290; 52
1670090973.966971; 450315; 50
1670090973.991971; 450340; 50
1670090974.016971; 450365; 50
1670090974.041972; 450390; 50
1670090974.066972; 450415; 53
1670090974.091972; 450440; 53
1670090974.116972; 450465; 53
1670090974.141965; 450490; 53
1670090974.166965; 450515; 53
1670090974.191965; 450540; 53
1670090974.216965; 450565; 53
1670090974.241965; 450590; 53
1670090974.266972; 450615; 55
1670090974.291965; 450640; 55
1670090974.316965; 450665; 55
1670090974.341965; 450690; 55
1670090974.366965; 450715; 55
1670090974.391965; 450740; 45
1670090974.416965; 450765; 45
1670090974.441971; 450790; 45
1670090974.466971; 450815; 45
1670090974.491971; 450840; 37
1670090974.516971; 450865; 37
1670090974.541971; 450890; 37
1670090974.566971; 450915; 37
1670090974.591971; 450940; 36
1670090974.616971; 450965; 36
1670090974.641965; 450990; 36
1670090974.666966; 451015; 36
1670090974.691965; 451040; 35
1670090974.716971; 451065; 35
1670090974.741971; 451090; 35
1670090974.766971; 451115; 35
1670090974.791971; 451140; 35
1670090974.816971; 451165; 35
1670090974.841965; 451190; 35
1670090974.866966; 451215; 35
1670090974.891965; 451240; 35
1670090974.916965; 451265; 35
1670090974.941965; 451290; 35
1670090974.966965; 451315; 35
1670090974.991965; 451340; 35
1670090975.016965; 451365; 35
1670090975.041967; 451390; 35
1670090975.066966; 451415; 35
1670090975.091966; 451440; 35
1670090975.116966; 451465; 35
1670090975.141965; 451490; 35
1670090975.166965; 451515; 35
1670090975.191965; 451540; 36
1670090975.216965; 451565; 36
1670090975.241965; 451590; 36
1670090975.266965; 451615; 36
1670090975.291972; 451640; 36
1670090975.316965; 451665; 36
1670090975.341965; 451690; 36
1670090975.366965; 451715; 36
1670090975.391965; 451740; 35
1670090975.416965; 451765; 35
1670090975.441965; 451790; 35
1670090975.466965; 451815; 35
1670090975.491965; 451840; 35
1670090975.516965; 451865; 35
1670090975.541965; 451890; 35
1670090975.566965; 451915; 35
1670090975.591965; 451940; 35
1670090975.616965; 451965; 35
1670090975.641965; 451990; 35
1670090975.666971; 452015; 35
1670090975.691971; 452040; 35
1670090975.716970; 452065; 35
1670090975.741971; 452090; 35
1670090975.766971; 452115; 35
1670090975.791970; 452140; 35
1670090975.816971; 452165; 35
1670090975.841971; 452190; 35
1670090975.866971; 452215; 35
1670090975.891971; 452240; 35
1670090975.916971; 452265; 35
1670090975.941971; 452290; 35
1670090975.966971; 452315; 35
1670090975.991971; 452340; 35
1670090976.016971; 452365; 35
1670090976.041967; 452390; 35
1670090976.066966; 452415; 35
1670090976.091967; 452440; 35
1670090976.116966; 452465; 35
1670090976.141965; 452490; 35
1670090976.166965; 452515; 35
1670090976.191965; 452540; 35
1670090976.216971; 452565; 35
1670090976.241971; 452590; 35
1670090976.266971; 452615; 35
1670090976.291971; 452640; 35
1670090976.316971; 452665; 35
1670090976.341970; 452690; 35
1670090976.366971; 452715; 35
1670090976.391970; 452740; 35
1670090976.416971; 452765; 35
1670090976.441971; 452790; 35
1670090976.466995; 452815; 35
1670090976.491979; 452840; 35
1670090976.516966; 452865; 35
1670090976.541966; 452890; 35
1670090976.566965; 452915; 35
1670090976.591965; 452940; 35
1670090976.616965; 452965; 35
1670090976.641966; 452990; 35
1670090976.666965; 453015; 35
1670090976.691965; 453040; 35
1670090976.716965; 453065; 35
1670090976.741971; 453090; 35
1670090976.766971; 453115; 35
1670090976.791971; 453140; 35
1670090976.816971; 453165; 35
1670090976.841971; 453190; 35
1670090976.866971; 453215; 35
1670090976.891965; 453240; 35
1670090976.916965; 453265; 35
1670090976.941965; 453290; 35
1670090976.966965; 453315; 35
1670090976.991965; 453340; 35
1670090977.016965; 453365; 35
1670090977.041972; 453390; 35
1670090977.066972; 453415; 35
1670090977.091972; 453440; 35
1670090977.116972; 453465; 35
1670090977.141970; 453490; 35
1670090977.166970; 453515; 35
1670090977.191971; 453540; 35
1670090977.216965; 453565; 35
1670090977.241965; 453590; 35
1670090977.266965; 453615; 35
1670090977.291965; 453640; 35
1670090977.316965; 453665; 35
1670090977.341965; 453690; 35
1670090977.366965; 453715; 35
1670090977.391965; 453740; 35
1670090977.416965; 453765; 35
1670090977.441965; 453790; 35
1670090977.466965; 453815; 35
1670090977.491966; 453840; 35
1670090977.516965; 453865; 35
1670090977.541965; 453890; 35
1670090977.566965; 453915; 35
1670090977.591965; 453940; 35
1670090977.616965; 453965; 35
1670090977.641965; 453990; 35
1670090977.666965; 454015; 35
1670090977.691965; 454040; 35
1670090977.716965; 454065; 35
1670090977.741965; 454090; 35
1670090977.766965; 454115; 35
1670090977.791965; 454140; 35
1670090977.816965; 454165; 35
1670090977.841965; 454190; 35
1670090977.866965; 454215; 35
1670090977.891965; 454240; 35
1670090977.916971; 454265; 35
1670090977.941971; 454290; 35
1670090977.966971; 454315; 36
1670090977.991971; 454340; 36
1670090978.016971; 454365; 36
1670090978.041967; 454390; 36
1670090978.066967; 454415; 36
1670090978.091967; 454440; 36
1670090978.116966; 454465; 36
1670090978.141965; 454490; 36
1670090978.166965; 454515; 36
1670090978.191966; 454540; 36
1670090978.216966; 454565; 36
1670090978.241965; 454590; 36
1670090978.266965; 454615; 36
1670090978.291965; 454640; 36
1670090978.316971; 454665; 36
1670090978.341971; 454690; 36
1670090978.366971; 454715; 36
1670090978.391971; 454740; 36
1670090978.416965; 454765; 36
1670090978.441971; 454790; 36
1670090978.466971; 454815; 36
1670090978.491965; 454840; 36
1670090978.516971; 454865; 36
1670090978.541971; 454890; 36
1670090978.566971; 454915; 36
1670090978.591971; 454940; 36
1670090978.616971; 454965; 36
1670090978.641971; 454990; 36
1670090978.666971; 455015; 36
1670090978.691965; 455040; 36
1670090978.716971; 455065; 36
1670090978.741965; 455090; 36
1670090978.766965; 455115; 36
1670090978.791966; 455140; 36
1670090978.816965; 455165; 36
1670090978.841965; 455190; 36
1670090978.866965; 455215; 37
1670090978.891965; 455240; 37
1670090978.916965; 455265; 37
1670090978.941965; 455290; 37
1670090978.966965; 455315; 37
1670090978.991965; 455340; 37
1670090979.016965; 455365; 37
1670090979.041972; 455390; 37
1670090979.066972; 455415; 37
1670090979.091972; 455440; 38
1670090979.116972; 455465; 38
1670090979.141965; 455490; 38
1670090979.166965; 455515; 38
1670090979.191965; 455540; 38
1670090979.216965; 455565; 38
1670090979.241965; 455590; 38
1670090979.266965; 455615; 38
1670090979.291965; 455640; 38
1670090979.316971; 455665; 38
1670090979.341965; 455690; 38
1670090979.366965; 455715; 38
1670090979.391965; 455740; 37
1670090979.416965; 455765; 37
1670090979.441992; 455790; 37
1670090979.466965; 455815; 37
1670090979.491965; 455840; 37
1670090979.516965; 455865; 37
1670090979.541970; 455890; 37
1670090979.566971; 455915; 37
1670090979.591971; 455940; 37
1670090979.616971; 455965; 37
1670090979.641971; 455990; 37
1670090979.666971; 456015; 37
1670090979.691971; 456040; 37
1670090979.716965; 456065; 37
1670090979.741965; 456090; 37
1670090979.766971; 456115; 37
1670090979.791971; 456140; 38
1670090979.816979; 456165; 38
1670090979.841966; 456190; 38
1670090979.866965; 456215; 38
1670090979.891965; 456240; 38
1670090979.916965; 456265; 38
1670090979.941965; 456290; 38
1670090979.966965; 456315; 38
1670090979.991965; 456340; 38
1670090980.016965; 456365; 38
1670090980.041972; 456390; 38
1670090980.066972; 456415; 38
1670090980.091972; 456440; 38
1670090980.116972; 456465; 38
1670090980.141965; 456490; 38
1670090980.166965; 456515; 38
1670090980.191965; 456540; 38
1670090980.216971; 456565; 38
1670090980.241971; 456590; 38
1670090980.266971; 456615; 38
1670090980.291971; 456640; 38
1670090980.316971; 456665; 38
1670090980.341971; 456690; 38
1670090980.366965; 456715; 38
1670090980.391965; 456740; 38
1670090980.416965; 456765; 38
1670090980.441965; 456790; 38
1670090980.466965; 456815; 38
1670090980.491965; 456840; 38
1670090980.516965; 456865; 38
1670090980.541966; 456890; 38
1670090980.566965; 456915; 38
1670090980.591965; 456940; 38
1670090980.616971; 456965; 38
1670090980.641971; 456990; 38
1670090980.666971; 457015; 38
1670090980.691971; 457040; 38
1670090980.716965; 457065; 39
1670090980.741965; 457090; 39
1670090980.766965; 457115; 39
1670090980.791971; 457140; 39
1670090980.816971; 457165; 39
1670090980.841971; 457190; 39
1670090980.866971; 457215; 39
1670090980.891965; 457240; 39
1670090980.916965; 457265; 39
1670090980.941965; 457290; 39
1670090980.966965; 457315; 39
1670090980.991971; 457340; 39
1670090981.016971; 457365; 38
1670090981.041967; 457390; 38
1670090981.066966; 457415; 38
1670090981.091966; 457440; 38
1670090981.116966; 457465; 38
1670090981.141965; 457490; 38
1670090981.166965; 457515; 38
1670090981.191971; 457540; 38
1670090981.216965; 457565; 38
1670090981.241965; 457590; 38
1670090981.266965; 457615; 38
1670090981.291965; 457640; 38
1670090981.316965; 457665; 38
1670090981.341965; 457690; 38
1670090981.366965; 457715; 38
1670090981.391965; 457740; 38
1670090981.416965; 457765; 38
1670090981.441965; 457790; 38
1670090981.466965; 457815; 38
1670090981.491965; 457840; 38
1670090981.516965; 457865; 38
1670090981.541965; 457890; 38
1670090981.566965; 457915; 38
1670090981.591970; 457940; 38
1670090981.616971; 457965; 38
1670090981.641965; 457990; 38
1670090981.666965; 458015; 38
1670090981.691965; 458040; 38
1670090981.716965; 458065; 38
1670090981.741965; 458090; 38
1670090981.766965; 458115; 38
1670090981.791955; 458140; 38
1670090981.816965; 458165; 38
1670090981.841965; 458190; 36
1670090981.866965; 458215; 36
1670090981.891965; 458240; 36
1670090981.916965; 458265; 36
1670090981.941965; 458290; 36
1670090981.966966; 458315; 36
1670090981.991965; 458340; 36
1670090982.016965; 458365; 36
1670090982.041972; 458390; 36
1670090982.066972; 458415; 36
1670090982.091972; 458440; 36
1670090982.116972; 458465; 36
1670090982.141965; 458490; 36
1670090982.166965; 458515; 36
1670090982.191965; 458540; 36
1670090982.216965; 458565; 36
1670090982.241965; 458590; 36
1670090982.266965; 458615; 36
1670090982.291965; 458640; 36
1670090982.316965; 458665; 36
1670090982.341965; 458690; 36
1670090982.366965; 458715; 36
1670090982.391965; 458740; 36
1670090982.416966; 458765; 36
1670090982.441970; 458790; 36
1670090982.466970; 458815; 36
1670090982.491970; 458840; 36
1670090982.516970; 458865; 36
1670090982.541970; 458890; 36
1670090982.566970; 458915; 36
1670090982.591970; 458940; 36
1670090982.616970; 458965; 36
1670090982.641970; 458990; 36
1670090982.666965; 459015; 36
1670090982.691965; 459040; 36
1670090982.716965; 459065; 36
1670090982.741965; 459090; 36
1670090982.766965; 459115; 36
1670090982.791965; 459140; 36
1670090982.816971; 459165; 36
1670090982.841971; 459190; 36
1670090982.866971; 459215; 36
1670090982.891971; 459240; 36
1670090982.916971; 459265; 36
1670090982.941971; 459290; 36
1670090982.966971; 459315; 37
1670090982.991971; 459340; 37
1670090983.016971; 459365; 37
1670090983.041967; 459390; 37
1670090983.066967; 459415; 37
1670090983.091966; 459440; 37
1670090983.116980; 459465; 37
1670090983.141966; 459490; 37
1670090983.166965; 459515; 38
1670090983.191965; 459540; 38
1670090983.216965; 459565; 38
1670090983.241965; 459590; 38
1670090983.266965; 459615; 38
1670090983.291965; 459640; 38
1670090983.316965; 459665; 38
1670090983.341965; 459690; 38
1670090983.366965; 459715; 38
1670090983.391965; 459740; 38
1670090983.416965; 459765; 38
1670090983.441971; 459790; 38
1670090983.466971; 459815; 39
1670090983.491971; 459840; 39
1670090983.516971; 459865; 39
1670090983.541971; 459890; 39
1670090983.566971; 459915; 40
1670090983.591971; 459940; 40
1670090983.616971; 459965; 40
1670090983.641971; 459990; 40
1670090983.666971; 460015; 40
1670090983.691970; 460040; 40
1670090983.716971; 460065; 40
1670090983.741971; 460090; 40
1670090983.766971; 460115; 40
1670090983.791971; 460140; 40
1670090983.816971; 460165; 40
1670090983.841965; 460190; 40
1670090983.866965; 460215; 40
1670090983.891965; 460240; 39
1670090983.916966; 460265; 39
1670090983.941965; 460290; 39
1670090983.966971; 460315; 39
1670090983.991971; 460340; 38
1670090984.016971; 460365; 38
1670090984.041967; 460390; 38
1670090984.066972; 460415; 38
1670090984.091972; 460440; 38
1670090984.116972; 460465; 38
1670090984.141965; 460490; 38
1670090984.166965; 460515; 38
1670090984.191965; 460540; 39
1670090984.216965; 460565; 39
1670090984.241965; 460590; 39
1670090984.266965; 460615; 39
1670090984.291965; 460640; 39
1670090984.316965; 460665; 39
1670090984.341965; 460690; 39
1670090984.366965; 460715; 39
1670090984.391965; 460740; 39
1670090984.416965; 460765; 39
1670090984.441965; 460790; 39
1670090984.466971; 460815; 39
1670090984.491971; 460840; 39
1670090984.516971; 460865; 39
1670090984.541971; 460890; 39
1670090984.566971; 460915; 39
1670090984.591971; 460940; 39
1670090984.616970; 460965; 39
1670090984.641971; 460990; 39
1670090984.666971; 461015; 39
1670090984.691971; 461040; 40
1670090984.716971; 461065; 40
1670090984.741971; 461090; 40
1670090984.766971; 461115; 40
1670090984.791971; 461140; 40
1670090984.816971; 461165; 40
1670090984.841971; 461190; 40
1670090984.866965; 461215; 40
1670090984.891971; 461240; 40
1670090984.916971; 461265; 42
1670090984.941971; 461290; 42
1670090984.966971; 461315; 42
1670090984.991971; 461340; 42
1670090985.016971; 461365; 41
1670090985.041967; 461390; 41
1670090985.066966; 461415; 41
1670090985.091967; 461440; 41
1670090985.116967; 461465; 42
1670090985.141965; 461490; 42
1670090985.166965; 461515; 42
1670090985.191965; 461540; 42
1670090985.216965; 461565; 43
1670090985.241965; 461590; 43
1670090985.266965; 461615; 43
1670090985.291971; 461640; 43
1670090985.316971; 461665; 45
1670090985.341971; 461690; 45
1670090985.366971; 461715; 45
1670090985.391971; 461740; 45
1670090985.416971; 461765; 45
1670090985.441970; 461790; 45
1670090985.466971; 461815; 45
1670090985.491965; 461840; 45
1670090985.516965; 461865; 47
1670090985.541965; 461890; 47
1670090985.566965; 461915; 47
1670090985.591965; 461940; 47
1670090985.616965; 461965; 48
1670090985.641965; 461990; 48
1670090985.666965; 462015; 48
1670090985.691971; 462040; 48
1670090985.716971; 462065; 49
1670090985.741971; 462090; 49
1670090985.766971; 462115; 49
1670090985.791971; 462140; 49
1670090985.816971; 462165; 48
1670090985.841971; 462190; 48
1670090985.866971; 462215; 48
1670090985.891965; 462240; 48
1670090985.916965; 462265; 49
1670090985.941970; 462290; 49
1670090985.966971; 462315; 49
1670090985.991971; 462340; 49
1670090986.016971; 462365; 49
1670090986.041967; 462390; 52
1670090986.066967; 462415; 52
1670090986.091966; 462440; 52
1670090986.116972; 462465; 52
1670090986.141965; 462490; 51
1670090986.166965; 462515; 51
1670090986.191965; 462540; 51
1670090986.216965; 462565; 51
1670090986.241965; 462590; 50
1670090986.266965; 462615; 50
1670090986.291965; 462640; 50
1670090986.316971; 462665; 50
1670090986.341971; 462690; 50
1670090986.366965; 462715; 50
1670090986.391965; 462740; 50
1670090986.416979; 462765; 50
1670090986.441966; 462790; 49
1670090986.466965; 462815; 49
1670090986.491965; 462840; 49
1670090986.516971; 462865; 49
1670090986.541971; 462890; 48
1670090986.566971; 462915; 48
1670090986.591971; 462940; 48
1670090986.616971; 462965; 48
1670090986.641971; 462990; 46
1670090986.666971; 463015; 46
1670090986.691971; 463040; 46
1670090986.716965; 463065; 46
1670090986.741965; 463090; 46
1670090986.766965; 463115; 46
1670090986.791965; 463140; 46
1670090986.816965; 463165; 46
1670090986.841965; 463190; 46
1670090986.866965; 463215; 46
1670090986.891965; 463240; 46
1670090986.916991; 463265; 46
1670090986.941965; 463290; 47
1670090986.966965; 463315; 47
1670090986.991965; 463340; 47
1670090987.016965; 463365; 47
1670090987.041972; 463390; 47
1670090987.066972; 463415; 47
1670090987.091972; 463440; 47
1670090987.116984; 463465; 47
1670090987.141971; 463490; 48
1670090987.166970; 463515; 48
1670090987.191971; 463540; 48
1670090987.216971; 463565; 48
1670090987.241971; 463590; 48
1670090987.266970; 463615; 51
1670090987.291971; 463640; 51
1670090987.316970; 463665; 51
1670090987.341965; 463690; 51
1670090987.366965; 463715; 52
1670090987.391965; 463740; 52
1670090987.416965; 463765; 52
1670090987.441965; 463790; 52
1670090987.466965; 463815; 52
1670090987.491965; 463840; 52
1670090987.516965; 463865; 52
1670090987.541971; 463890; 52
1670090987.566971; 463915; 50
1670090987.591970; 463940; 50
1670090987.616970; 463965; 50
1670090987.641970; 463990; 50
1670090987.666970; 464015; 50
1670090987.691971; 464040; 50
1670090987.716965; 464065; 50
1670090987.741971; 464090; 50
1670090987.766971; 464115; 49
1670090987.791971; 464140; 49
1670090987.816971; 464165; 49
1670090987.841971; 464190; 49
1670090987.866971; 464215; 48
1670090987.891971; 464240; 48
1670090987.916971; 464265; 48
1670090987.941983; 464290; 48
1670090987.966965; 464315; 47
1670090987.991965; 464340; 47
1670090988.016965; 464365; 47
1670090988.041972; 464390; 47
1670090988.066972; 464415; 48
1670090988.091972; 464440; 48
1670090988.116972; 464465; 48
1670090988.141965; 464490; 48
1670090988.166971; 464515; 49
1670090988.191971; 464540; 49
1670090988.216971; 464565; 49
1670090988.241971; 464590; 49
1670090988.266971; 464615; 50
1670090988.291970; 464640; 50
1670090988.316970; 464665; 50
1670090988.341971; 464690; 50
1670090988.366965; 464715; 50
1670090988.391965; 464740; 51
1670090988.416965; 464765; 51
1670090988.441965; 464790; 51
1670090988.466965; 464815; 51
1670090988.491965; 464840; 51
1670090988.516965; 464865; 51
1670090988.541965; 464890; 51
1670090988.566971; 464915; 51
1670090988.591970; 464940; 51
1670090988.616970; 464965; 51
1670090988.641971; 464990; 51
1670090988.666971; 465015; 51
1670090988.691971; 465040; 51
1670090988.716965; 465065; 51
1670090988.741965; 465090; 51
1670090988.766971; 465115; 51
1670090988.791971; 465140; 51
1670090988.816965; 465165; 51
1670090988.841965; 465190; 51
1670090988.866965; 465215; 51
1670090988.891965; 465240; 51
1670090988.916965; 465265; 51
1670090988.941965; 465290; 51
1670090988.966969; 465315; 51
1670090988.991970; 465340; 53
1670090989.016970; 465365; 53
1670090989.041967; 465390; 53
1670090989.066967; 465415; 53
1670090989.091967; 465440; 53
1670090989.116967; 465465; 53
1670090989.141965; 465490; 53
1670090989.166965; 465515; 53
1670090989.191970; 465540; 52
1670090989.216971; 465565; 52
1670090989.241970; 465590; 52
1670090989.266970; 465615; 52
1670090989.291971; 465640; 52
1670090989.316971; 465665; 52
1670090989.341970; 465690; 52
1670090989.366971; 465715; 52
1670090989.391970; 465740; 52
1670090989.416971; 465765; 52
1670090989.441971; 465790; 52
1670090989.466971; 465815; 52
1670090989.491971; 465840; 52
1670090989.516971; 465865; 51
1670090989.541971; 465890; 51
1670090989.566971; 465915; 51
1670090989.591965; 465940; 51
1670090989.616965; 465965; 51
1670090989.641971; 465990; 51
1670090989.666970; 466015; 51
1670090989.691970; 466040; 51
1670090989.716974; 466065; 52
1670090989.741972; 466090; 52
1670090989.766965; 466115; 52
1670090989.791971; 466140; 52
1670090989.816971; 466165; 52
1670090989.841971; 466190; 52
1670090989.866971; 466215; 52
1670090989.891971; 466240; 52
1670090989.916971; 466265; 52
1670090989.941971; 466290; 52
1670090989.966971; 466315; 52
1670090989.991970; 466340; 52
1670090990.016970; 466365; 52
1670090990.041966; 466390; 52
1670090990.066966; 466415; 52
1670090990.091967; 466440; 52
1670090990.116966; 466465; 51
1670090990.141965; 466490; 51
1670090990.166965; 466515; 51
1670090990.191970; 466540; 51
1670090990.216970; 466565; 52
1670090990.241971; 466590; 52
1670090990.266970; 466615; 52
1670090990.291970; 466640; 52
1670090990.316970; 466665; 53
1670090990.341971; 466690; 53
1670090990.366970; 466715; 53
1670090990.391971; 466740; 53
1670090990.416965; 466765; 55
1670090990.441965; 466790; 55
1670090990.466971; 466815; 55
1670090990.491971; 466840; 55
1670090990.516970; 466865; 56
1670090990.541971; 466890; 56
1670090990.566971; 466915; 56
1670090990.591971; 466940; 56
1670090990.616965; 466965; 58
1670090990.641965; 466990; 58
1670090990.666965; 467015; 58
1670090990.691965; 467040; 58
1670090990.716965; 467065; 58
1670090990.741965; 467090; 59
1670090990.766965; 467115; 59
1670090990.791965; 467140; 59
1670090990.816971; 467165; 59
1670090990.841970; 467190; 58
1670090990.866965; 467215; 58
1670090990.891965; 467240; 58
1670090990.916965; 467265; 58
1670090990.941965; 467290; 59
1670090990.966965; 467315; 59
1670090990.991965; 467340; 59
1670090991.016971; 467365; 59
1670090991.041967; 467390; 58
1670090991.066966; 467415; 58
1670090991.091966; 467440; 58
1670090991.116966; 467465; 58
1670090991.141965; 467490; 58
1670090991.166965; 467515; 58
1670090991.191965; 467540; 58
1670090991.216970; 467565; 58
1670090991.241965; 467590; 57
1670090991.266965; 467615; 57
1670090991.291965; 467640; 57
1670090991.316965; 467665; 57
1670090991.341965; 467690; 58
1670090991.366965; 467715; 58
1670090991.391965; 467740; 58
1670090991.416965; 467765; 58
1670090991.441965; 467790; 58
1670090991.466965; 467815; 58
1670090991.491965; 467840; 58
1670090991.516965; 467865; 58
1670090991.541965; 467890; 56
1670090991.566965; 467915; 56
1670090991.591965; 467940; 56
1670090991.616965; 467965; 56
1670090991.641965; 467990; 53
1670090991.666965; 468015; 53
1670090991.691965; 468040; 53
1670090991.716965; 468065; 53
1670090991.741965; 468090; 53
1670090991.766965; 468115; 53
1670090991.791965; 468140; 53
1670090991.816965; 468165; 53
1670090991.841965; 468190; 53
1670090991.866965; 468215; 53
1670090991.891965; 468240; 53
1670090991.916965; 468265; 53
1670090991.941965; 468290; 53
1670090991.966965; 468315; 54
1670090991.991965; 468340; 54
1670090992.016965; 468365; 54
1670090992.041966; 468390; 54
1670090992.066966; 468415; 56
1670090992.091966; 468440; 56
1670090992.116966; 468465; 56
1670090992.141965; 468490; 56
1670090992.166965; 468515; 58
1670090992.191965; 468540; 58
1670090992.216965; 468565; 58
1670090992.241997; 468590; 58
1670090992.266970; 468615; 61
1670090992.291970; 468640; 61
1670090992.316970; 468665; 61
1670090992.341970; 468690; 61
1670090992.366970; 468715; 58
1670090992.391970; 468740; 58
1670090992.416970; 468765; 58
1670090992.442003; 468790; 58
1670090992.466971; 468815; 57
1670090992.491970; 468840; 57
1670090992.516971; 468865; 57
1670090992.541970; 468890; 57
1670090992.566971; 468915; 60
1670090992.591971; 468940; 60
1670090992.616971; 468965; 60
1670090992.641971; 468990; 60
1670090992.666965; 469015; 60
1670090992.691965; 469040; 60
1670090992.716965; 469065; 60
1670090992.741965; 469090; 60
1670090992.766965; 469115; 59
1670090992.791965; 469140; 59
1670090992.816965; 469165; 59
1670090992.841965; 469190; 59
1670090992.866965; 469215; 60
1670090992.891965; 469240; 60
1670090992.916965; 469265; 60
1670090992.941965; 469290; 60
1670090992.966965; 469315; 60
1670090992.991965; 469340; 59
1670090993.016979; 469365; 59
1670090993.041973; 469390; 59
1670090993.066972; 469415; 59
1670090993.091972; 469440; 57
1670090993.116972; 469465; 57
1670090993.141965; 469490; 57
1670090993.166965; 469515; 57
1670090993.191965; 469540; 56
1670090993.216965; 469565; 56
1670090993.241965; 469590; 56
1670090993.266976; 469615; 56
1670090993.291971; 469640; 55
1670090993.316970; 469665; 55
1670090993.341970; 469690; 55
1670090993.366971; 469715; 55
1670090993.391971; 469740; 55
1670090993.416970; 469765; 55
1670090993.441970; 469790; 55
1670090993.466968; 469815; 55
1670090993.491965; 469840; 57
1670090993.516965; 469865; 57
1670090993.541965; 469890; 57
1670090993.566965; 469915; 57
1670090993.591965; 469940; 58
1670090993.616965; 469965; 58
1670090993.641965; 469990; 58
1670090993.666965; 470015; 58
1670090993.691970; 470040; 56
1670090993.716965; 470065; 56
1670090993.741965; 470090; 56
1670090993.766965; 470115; 56
1670090993.791965; 470140; 54
1670090993.816965; 470165; 54
1670090993.841965; 470190; 54
1670090993.866965; 470215; 54
1670090993.891971; 470240; 49
1670090993.916970; 470265; 49
1670090993.941971; 470290; 49
1670090993.966971; 470315; 49
1670090993.991970; 470340; 47
1670090994.016971; 470365; 47
1670090994.041972; 470390; 47
1670090994.066972; 470415; 47
1670090994.091967; 470440; 47
1670090994.116966; 470465; 47
1670090994.141965; 470490; 47
1670090994.166965; 470515; 47
1670090994.191965; 470540; 47
1670090994.216965; 470565; 47
1670090994.241965; 470590; 47
1670090994.266965; 470615; 47
1670090994.291971; 470640; 47
1670090994.316970; 470665; 47
1670090994.341971; 470690; 47
1670090994.366970; 470715; 47
1670090994.391970; 470740; 47
1670090994.416971; 470765; 49
1670090994.441970; 470790; 49
1670090994.466970; 470815; 49
1670090994.491970; 470840; 49
1670090994.516965; 470865; 48
1670090994.541970; 470890; 48
1670090994.566971; 470915; 48
1670090994.591970; 470940; 48
1670090994.616970; 470965; 44
1670090994.641970; 470990; 44
1670090994.666971; 471015; 44
1670090994.691971; 471040; 44
1670090994.716965; 471065; 45
1670090994.741965; 471090; 45
1670090994.766965; 471115; 45
1670090994.791965; 471140; 45
1670090994.816965; 471165; 45
1670090994.841965; 471190; 45
1670090994.866965; 471215; 45
1670090994.891965; 471240; 45
1670090994.916971; 471265; 45
1670090994.941970; 471290; 45
1670090994.966971; 471315; 45
1670090994.991971; 471340; 45
1670090995.016970; 471365; 43
1670090995.041966; 471390; 43
1670090995.066966; 471415; 43
1670090995.091967; 471440; 43
1670090995.116972; 471465; 42
1670090995.141965; 471490; 42
1670090995.166965; 471515; 42
1670090995.191965; 471540; 42
1670090995.216965; 471565; 42
1670090995.241965; 471590; 42
1670090995.266965; 471615; 42
1670090995.291965; 471640; 42
1670090995.316965; 471665; 42
1670090995.341965; 471690; 42
1670090995.366970; 471715; 42
1670090995.391970; 471740; 42
1670090995.416970; 471765; 42
1670090995.441970; 471790; 42
1670090995.466970; 471815; 42
1670090995.491971; 471840; 42
1670090995.516971; 471865; 42
1670090995.541970; 471890; 41
1670090995.566970; 471915; 41
1670090995.591971; 471940; 41
1670090995.616971; 471965; 41
1670090995.641971; 471990; 40
1670090995.666971; 472015; 40
1670090995.691971; 472040; 40
1670090995.716965; 472065; 40
1670090995.741965; 472090; 39
1670090995.766965; 472115; 39
1670090995.791970; 472140; 39
1670090995.816971; 472165; 39
1670090995.841971; 472190; 37
1670090995.866970; 472215; 37
1670090995.891971; 472240; 37
1670090995.916971; 472265; 37
1670090995.941971; 472290; 36
1670090995.966970; 472315; 36
1670090995.991971; 472340; 36
1670090996.016971; 472365; 36
1670090996.041972; 472390; 36
1670090996.066972; 472415; 36
1670090996.091972; 472440; 36
1670090996.116972; 472465; 36
1670090996.141970; 472490; 36
1670090996.166970; 472515; 36
1670090996.191970; 472540; 36
1670090996.216971; 472565; 36
1670090996.241970; 472590; 36
1670090996.266971; 472615; 36
1670090996.291971; 472640; 36
1670090996.316979; 472665; 36
1670090996.341966; 472690; 36
1670090996.366965; 472715; 36
1670090996.391965; 472740; 36
1670090996.416965; 472765; 36
1670090996.441965; 472790; 37
1670090996.466965; 472815; 37
1670090996.491965; 472840; 37
1670090996.516965; 472865; 37
1670090996.541970; 472890; 37
1670090996.566965; 472915; 37
1670090996.591970; 472940; 37
1670090996.616971; 472965; 37
1670090996.641970; 472990; 37
1670090996.666970; 473015; 37
1670090996.691971; 473040; 37
1670090996.716965; 473065; 37
1670090996.741965; 473090; 37
1670090996.766970; 473115; 38
1670090996.791970; 473140; 38
1670090996.816971; 473165; 38
1670090996.841971; 473190; 38
1670090996.866970; 473215; 38
1670090996.891970; 473240; 38
1670090996.916970; 473265; 38
1670090996.941970; 473290; 38
1670090996.966971; 473315; 38
1670090996.991971; 473340; 38
1670090997.016965; 473365; 38
1670090997.041972; 473390; 38
1670090997.066972; 473415; 38
1670090997.091972; 473440; 38
1670090997.116972; 473465; 38
1670090997.141965; 473490; 38
1670090997.166970; 473515; 40
1670090997.191970; 473540; 40
1670090997.216970; 473565; 40
1670090997.241970; 473590; 40
1670090997.266970; 473615; 45
1670090997.291970; 473640; 45
1670090997.316970; 473665; 45
1670090997.341970; 473690; 45
1670090997.366970; 473715; 50
1670090997.391970; 473740; 50
1670090997.416965; 473765; 50
1670090997.441965; 473790; 50
1670090997.466965; 473815; 56
1670090997.491965; 473840; 56
1670090997.516965; 473865; 56
1670090997.541965; 473890; 56
1670090997.566994; 473915; 59
1670090997.591965; 473940; 59
1670090997.616965; 473965; 59
1670090997.641965; 473990; 59
1670090997.666965; 474015; 59
1670090997.691965; 474040; 60
1670090997.716965; 474065; 60
1670090997.741965; 474090; 60
1670090997.767006; 474115; 60
1670090997.791970; 474140; 56
1670090997.816971; 474165; 56
1670090997.841970; 474190; 56
1670090997.866970; 474215; 56
1670090997.891970; 474240; 52
1670090997.916970; 474265; 52
1670090997.941970; 474290; 52
1670090997.966970; 474315; 52
1670090997.991965; 474340; 51
1670090998.016965; 474365; 51
1670090998.041972; 474390; 51
1670090998.066972; 474415; 51
1670090998.091972; 474440; 51
1670090998.116972; 474465; 51
1670090998.141965; 474490; 51
1670090998.166965; 474515; 51
1670090998.191971; 474540; 57
1670090998.216970; 474565; 57
1670090998.241965; 474590; 57
1670090998.266965; 474615; 57
1670090998.291965; 474640; 57
1670090998.316965; 474665; 57
1670090998.341965; 474690; 57
1670090998.366965; 474715; 57
1670090998.391965; 474740; 54
1670090998.416965; 474765; 54
1670090998.441965; 474790; 54
1670090998.466965; 474815; 54
1670090998.491965; 474840; 43
1670090998.516965; 474865; 43
1670090998.541965; 474890; 43
1670090998.566965; 474915; 43
1670090998.591966; 474940; 38
1670090998.616965; 474965; 38
1670090998.641970; 474990; 38
1670090998.666970; 475015; 38
1670090998.691970; 475040; 37
1670090998.716965; 475065; 37
1670090998.741965; 475090; 37
1670090998.766965; 475115; 37
1670090998.791973; 475140; 36
1670090998.816970; 475165; 36
1670090998.841970; 475190; 36
1670090998.866971; 475215; 36
1670090998.891971; 475240; 36
1670090998.916971; 475265; 36
1670090998.941971; 475290; 36
1670090998.966970; 475315; 36
1670090998.991970; 475340; 36
1670090999.016970; 475365; 36
1670090999.041972; 475390; 36
1670090999.066972; 475415; 36
1670090999.091972; 475440; 36
1670090999.116972; 475465; 36
1670090999.141965; 475490; 36
1670090999.166965; 475515; 36
1670090999.191965; 475540; 36
1670090999.216971; 475565; 35
1670090999.241970; 475590; 35
1670090999.266970; 475615; 35
1670090999.291970; 475640; 35
1670090999.316970; 475665; 35
1670090999.341970; 475690; 35
1670090999.366970; 475715; 35
1670090999.391970; 475740; 35
1670090999.416965; 475765; 35
1670090999.441965; 475790; 35
1670090999.466965; 475815; 35
1670090999.491965; 475840; 35
1670090999.516965; 475865; 35
1670090999.541965; 475890; 35
1670090999.566965; 475915; 35
1670090999.591965; 475940; 35
1670090999.616979; 475965; 35
1670090999.641967; 475990; 35
1670090999.666965; 476015; 35
1670090999.691965; 476040; 35
1670090999.716965; 476065; 35
1670090999.741965; 476090; 35
1670090999.766965; 476115; 35
1670090999.791965; 476140; 35
1670090999.816964; 476165; 35
1670090999.841970; 476190; 35
1670090999.866967; 476215; 35
1670090999.891970; 476240; 35
1670090999.916970; 476265; 35
1670090999.941971; 476290; 35
1670090999.966971; 476315; 35
1670090999.991971; 476340; 35
1670091000.016971; 476365; 35
1670091000.041966; 476390; 35
1670091000.066966; 476415; 35
1670091000.091966; 476440; 35
1670091000.116966; 476465; 35
1670091000.141965; 476490; 35
1670091000.166965; 476515; 35
1670091000.191965; 476540; 35
1670091000.216971; 476565; 35
1670091000.241965; 476590; 35
1670091000.266965; 476615; 35
1670091000.291970; 476640; 35
1670091000.316970; 476665; 35
1670091000.341971; 476690; 35
1670091000.366970; 476715; 35
1670091000.391970; 476740; 35
1670091000.416970; 476765; 35
1670091000.441965; 476790; 35
1670091000.466965; 476815; 35
1670091000.491965; 476840; 35
1670091000.516965; 476865; 35
1670091000.541965; 476890; 35
1670091000.566965; 476915; 35
1670091000.591965; 476940; 35
1670091000.616965; 476965; 35
1670091000.641970; 476990; 35
1670091000.666970; 477015; 35
1670091000.691970; 477040; 35
1670091000.716965; 477065; 35
1670091000.741965; 477090; 35
1670091000.766965; 477115; 35
1670091000.791965; 477140; 35
1670091000.816965; 477165; 35
1670091000.841965; 477190; 35
1670091000.866965; 477215; 35
1670091000.891965; 477240; 35
1670091000.916965; 477265; 35
1670091000.941965; 477290; 35
1670091000.966965; 477315; 35
1670091000.991965; 477340; 35
1670091001.016965; 477365; 35
1670091001.041972; 477390; 35
1670091001.066972; 477415; 35
1670091001.091972; 477440; 35
1670091001.116972; 477465; 35
1670091001.141965; 477490; 35
1670091001.166965; 477515; 35
1670091001.191965; 477540; 35
1670091001.216965; 477565; 35
1670091001.241965; 477590; 35
1670091001.266965; 477615; 35
1670091001.291965; 477640; 35
1670091001.316965; 477665; 35
1670091001.341965; 477690; 35
1670091001.366965; 477715; 36
1670091001.391965; 477740; 36
1670091001.416965; 477765; 36
1670091001.441965; 477790; 36
1670091001.466970; 477815; 35
1670091001.491970; 477840; 35
1670091001.516965; 477865; 35
1670091001.541965; 477890; 35
1670091001.566965; 477915; 35
1670091001.591965; 477940; 35
1670091001.616965; 477965; 35
1670091001.641965; 477990; 35
1670091001.666965; 478015; 35
1670091001.691965; 478040; 35
1670091001.716965; 478065; 35
1670091001.741965; 478090; 35
1670091001.766965; 478115; 36
1670091001.791965; 478140; 36
1670091001.816965; 478165; 36
1670091001.841965; 478190; 36
1670091001.866965; 478215; 35
1670091001.891970; 478240; 35
1670091001.916965; 478265; 35
1670091001.941965; 478290; 35
1670091001.966965; 478315; 35
1670091001.991965; 478340; 35
1670091002.016965; 478365; 35
1670091002.041972; 478390; 35
1670091002.066972; 478415; 35
1670091002.091967; 478440; 35
1670091002.116967; 478465; 35
1670091002.141971; 478490; 35
1670091002.166970; 478515; 35
1670091002.191970; 478540; 35
1670091002.216970; 478565; 35
1670091002.241970; 478590; 35
1670091002.266970; 478615; 36
1670091002.291965; 478640; 36
1670091002.316965; 478665; 36
1670091002.341965; 478690; 36
1670091002.366965; 478715; 36
1670091002.391965; 478740; 35
1670091002.416965; 478765; 35
1670091002.441965; 478790; 35
1670091002.466965; 478815; 35
1670091002.491965; 478840; 35
1670091002.516965; 478865; 35
1670091002.541965; 478890; 35
1670091002.566965; 478915; 35
1670091002.591965; 478940; 35
1670091002.616965; 478965; 35
1670091002.641965; 478990; 35
1670091002.666965; 479015; 35
1670091002.691965; 479040; 36
1670091002.716965; 479065; 36
1670091002.741965; 479090; 36
1670091002.766965; 479115; 36
1670091002.791965; 479140; 36
1670091002.816965; 479165; 36
1670091002.841965; 479190; 36
1670091002.866965; 479215; 36
1670091002.891988; 479240; 35
1670091002.916979; 479265; 35
1670091002.941966; 479290; 35
1670091002.966965; 479315; 35
1670091002.991965; 479340; 35
1670091003.016965; 479365; 35
1670091003.041972; 479390; 35
1670091003.066972; 479415; 35
1670091003.091996; 479440; 36
1670091003.116966; 479465; 36
1670091003.141965; 479490; 36
1670091003.166965; 479515; 36
1670091003.191965; 479540; 36
1670091003.216965; 479565; 36
1670091003.241965; 479590; 36
1670091003.266965; 479615; 36
1670091003.291965; 479640; 36
1670091003.316965; 479665; 36
1670091003.341965; 479690; 36
1670091003.366965; 479715; 36
1670091003.391965; 479740; 35
1670091003.416965; 479765; 35
1670091003.441965; 479790; 35
1670091003.466965; 479815; 35
1670091003.491965; 479840; 35
1670091003.516970; 479865; 35
1670091003.541970; 479890; 35
1670091003.566965; 479915; 35
1670091003.591965; 479940; 35
1670091003.616965; 479965; 35
1670091003.641965; 479990; 35
1670091003.666965; 480015; 35
1670091003.691965; 480040; 35
1670091003.716970; 480065; 36
1670091003.741971; 480090; 36
1670091003.766971; 480115; 36
1670091003.791970; 480140; 36
1670091003.816970; 480165; 36
1670091003.841970; 480190; 36
1670091003.866970; 480215; 36
1670091003.891970; 480240; 36
1670091003.916973; 480265; 35
1670091003.941965; 480290; 35
1670091003.966970; 480315; 35
1670091003.991970; 480340; 35
1670091004.016971; 480365; 35
1670091004.041967; 480390; 35
1670091004.066966; 480415; 35
1670091004.091966; 480440; 35
1670091004.116971; 480465; 36
1670091004.141965; 480490; 36
1670091004.166965; 480515; 36
1670091004.191965; 480540; 36
1670091004.216970; 480565; 36
1670091004.241965; 480590; 36
1670091004.266971; 480615; 36
1670091004.291971; 480640; 36
1670091004.316971; 480665; 35
1670091004.341970; 480690; 35
1670091004.366970; 480715; 35
1670091004.391971; 480740; 35
1670091004.416971; 480765; 35
1670091004.441971; 480790; 35
1670091004.466971; 480815; 35
1670091004.491970; 480840; 35
1670091004.516971; 480865; 36
1670091004.541971; 480890; 36
1670091004.566971; 480915; 36
1670091004.591970; 480940; 36
1670091004.616970; 480965; 36
1670091004.641970; 480990; 36
1670091004.666970; 481015; 36
1670091004.691971; 481040; 36
1670091004.716970; 481065; 36
1670091004.741970; 481090; 35
1670091004.766970; 481115; 35
1670091004.791965; 481140; 35
1670091004.816965; 481165; 35
1670091004.841965; 481190; 35
1670091004.866965; 481215; 35
1670091004.891965; 481240; 35
1670091004.916965; 481265; 35
1670091004.941970; 481290; 36
1670091004.966970; 481315; 36
1670091004.991970; 481340; 36
1670091005.016970; 481365; 36
1670091005.041966; 481390; 42
1670091005.066966; 481415; 42
1670091005.091967; 481440; 42
1670091005.116966; 481465; 42
1670091005.141970; 481490; 46
1670091005.166970; 481515; 46
1670091005.191973; 481540; 46
1670091005.216965; 481565; 46
1670091005.241965; 481590; 46
1670091005.266965; 481615; 46
1670091005.291965; 481640; 46
1670091005.316965; 481665; 46
1670091005.341965; 481690; 47
1670091005.366965; 481715; 47
1670091005.391965; 481740; 47
1670091005.416965; 481765; 47
1670091005.441965; 481790; 47
1670091005.466970; 481815; 47
1670091005.491970; 481840; 47
1670091005.516970; 481865; 47
1670091005.541970; 481890; 47
1670091005.566970; 481915; 47
1670091005.591970; 481940; 47
1670091005.616970; 481965; 47
1670091005.641970; 481990; 47
1670091005.666970; 482015; 47
1670091005.691970; 482040; 47
1670091005.716970; 482065; 47
1670091005.741971; 482090; 47
1670091005.766970; 482115; 47
1670091005.791970; 482140; 47
1670091005.816971; 482165; 47
1670091005.841970; 482190; 47
1670091005.866970; 482215; 47
1670091005.891971; 482240; 47
1670091005.916970; 482265; 47
1670091005.941970; 482290; 47
1670091005.966965; 482315; 48
1670091005.991965; 482340; 48
1670091006.016965; 482365; 48
1670091006.041972; 482390; 48
1670091006.066972; 482415; 49
1670091006.091972; 482440; 49
1670091006.116972; 482465; 49
1670091006.141965; 482490; 49
1670091006.166970; 482515; 49
1670091006.191965; 482540; 49
1670091006.216965; 482565; 49
1670091006.241979; 482590; 49
1670091006.266966; 482615; 50
1670091006.291965; 482640; 50
1670091006.316965; 482665; 50
1670091006.341965; 482690; 50
1670091006.366965; 482715; 51
1670091006.391971; 482740; 51
1670091006.416971; 482765; 51
1670091006.441971; 482790; 51
1670091006.466971; 482815; 52
1670091006.491965; 482840; 52
1670091006.516965; 482865; 52
1670091006.541965; 482890; 52
1670091006.566965; 482915; 53
1670091006.591965; 482940; 53
1670091006.616965; 482965; 53
1670091006.641965; 482990; 53
1670091006.666965; 483015; 55
1670091006.691965; 483040; 55
1670091006.716970; 483065; 55
1670091006.741965; 483090; 55
1670091006.766965; 483115; 58
1670091006.791970; 483140; 58
1670091006.816965; 483165; 58
1670091006.841965; 483190; 58
1670091006.866965; 483215; 60
1670091006.891965; 483240; 60
1670091006.916970; 483265; 60
1670091006.941971; 483290; 60
1670091006.966965; 483315; 60
1670091006.991971; 483340; 61
1670091007.016971; 483365; 61
1670091007.041967; 483390; 61
1670091007.066966; 483415; 61
1670091007.091966; 483440; 63
1670091007.116966; 483465; 63
1670091007.141965; 483490; 63
1670091007.166965; 483515; 63
1670091007.191970; 483540; 65
1670091007.216971; 483565; 65
1670091007.241971; 483590; 65
1670091007.266971; 483615; 65
1670091007.291971; 483640; 66
1670091007.316971; 483665; 66
1670091007.341971; 483690; 66
1670091007.366965; 483715; 66
1670091007.391974; 483740; 67
1670091007.416965; 483765; 67
1670091007.441965; 483790; 67
1670091007.466965; 483815; 67
1670091007.491965; 483840; 67
1670091007.516971; 483865; 67
1670091007.541971; 483890; 67
1670091007.566971; 483915; 67
1670091007.591971; 483940; 68
1670091007.616965; 483965; 68
1670091007.641965; 483990; 68
1670091007.666965; 484015; 68
1670091007.691965; 484040; 68
1670091007.716971; 484065; 68
1670091007.741971; 484090; 68
1670091007.766971; 484115; 68
1670091007.791971; 484140; 71
1670091007.816970; 484165; 71
1670091007.841970; 484190; 71
1670091007.866971; 484215; 71
1670091007.891971; 484240; 73
1670091007.916971; 484265; 73
1670091007.941970; 484290; 73
1670091007.966971; 484315; 73
1670091007.991970; 484340; 75
1670091008.016965; 484365; 75
1670091008.041972; 484390; 75
1670091008.066972; 484415; 75
1670091008.091972; 484440; 76
1670091008.116972; 484465; 76
1670091008.141965; 484490; 76
1670091008.166965; 484515; 76
1670091008.191965; 484540; 76
1670091008.216971; 484565; 76
1670091008.241970; 484590; 76
1670091008.266971; 484615; 76
1670091008.291971; 484640; 76
1670091008.316965; 484665; 76
1670091008.341965; 484690; 76
1670091008.366965; 484715; 76
1670091008.391965; 484740; 76
1670091008.416966; 484765; 77
1670091008.441965; 484790; 77
1670091008.466965; 484815; 77
1670091008.491965; 484840; 77
1670091008.516965; 484865; 77
1670091008.541965; 484890; 77
1670091008.566965; 484915; 77
1670091008.591971; 484940; 77
1670091008.616970; 484965; 79
1670091008.641971; 484990; 79
1670091008.666971; 485015; 79
1670091008.691971; 485040; 79
1670091008.716971; 485065; 80
1670091008.741971; 485090; 80
1670091008.766971; 485115; 80
1670091008.791971; 485140; 80
1670091008.816971; 485165; 82
1670091008.841971; 485190; 82
1670091008.866971; 485215; 82
1670091008.891971; 485240; 82
1670091008.916971; 485265; 83
1670091008.941971; 485290; 83
1670091008.966971; 485315; 83
1670091008.991971; 485340; 83
1670091009.016971; 485365; 83
1670091009.041972; 485390; 83
1670091009.066972; 485415; 83
1670091009.091966; 485440; 83
1670091009.116966; 485465; 81
1670091009.141965; 485490; 81
1670091009.166965; 485515; 81
1670091009.191965; 485540; 81
1670091009.216965; 485565; 79
1670091009.241966; 485590; 79
1670091009.266965; 485615; 79
1670091009.291965; 485640; 79
1670091009.316965; 485665; 79
1670091009.341971; 485690; 78
1670091009.366971; 485715; 78
1670091009.391971; 485740; 78
1670091009.416971; 485765; 78
1670091009.441965; 485790; 80
1670091009.466965; 485815; 80
1670091009.491965; 485840; 80
1670091009.516965; 485865; 80
1670091009.541974; 485890; 79
1670091009.566972; 485915; 79
1670091009.591965; 485940; 79
1670091009.616965; 485965; 79
1670091009.641965; 485990; 76
1670091009.666970; 486015; 76
1670091009.691970; 486040; 76
1670091009.716971; 486065; 76
1670091009.741971; 486090; 74
1670091009.766970; 486115; 74
1670091009.791970; 486140; 74
1670091009.816970; 486165; 74
1670091009.841971; 486190; 73
1670091009.866971; 486215; 73
1670091009.891971; 486240; 73
1670091009.916971; 486265; 73
1670091009.941971; 486290; 75
1670091009.966965; 486315; 75
1670091009.991965; 486340; 75
1670091010.016965; 486365; 75
1670091010.041972; 486390; 79
1670091010.066966; 486415; 79
1670091010.091966; 486440; 79
1670091010.116966; 486465; 79
1670091010.141965; 486490; 78
1670091010.166965; 486515; 78
1670091010.191965; 486540; 78
1670091010.216965; 486565; 78
1670091010.241971; 486590; 78
1670091010.266971; 486615; 78
1670091010.291971; 486640; 78
1670091010.316971; 486665; 78
1670091010.341971; 486690; 77
1670091010.366971; 486715; 77
1670091010.391971; 486740; 77
1670091010.416970; 486765; 77
1670091010.441971; 486790; 74
1670091010.466971; 486815; 74
1670091010.491965; 486840; 74
1670091010.516965; 486865; 74
1670091010.541965; 486890; 74
1670091010.566965; 486915; 71
1670091010.591965; 486940; 71
1670091010.616965; 486965; 71
1670091010.641965; 486990; 71
1670091010.666965; 487015; 69
1670091010.691965; 487040; 69
1670091010.716965; 487065; 69
1670091010.741970; 487090; 69
1670091010.766971; 487115; 67
1670091010.791971; 487140; 67
1670091010.816971; 487165; 67
1670091010.841971; 487190; 67
1670091010.866970; 487215; 65
1670091010.891965; 487240; 65
1670091010.916965; 487265; 65
1670091010.941965; 487290; 65
1670091010.966965; 487315; 63
1670091010.991965; 487340; 63
1670091011.016965; 487365; 63
1670091011.041972; 487390; 63
1670091011.066972; 487415; 59
1670091011.091972; 487440; 59
1670091011.116972; 487465; 59
1670091011.141965; 487490; 59
1670091011.166965; 487515; 58
1670091011.191965; 487540; 58
1670091011.216971; 487565; 58
1670091011.241970; 487590; 58
1670091011.266971; 487615; 56
1670091011.291970; 487640; 56
1670091011.316971; 487665; 56
1670091011.341971; 487690; 56
1670091011.366971; 487715; 54
1670091011.391971; 487740; 54
1670091011.416971; 487765; 54
1670091011.441971; 487790; 54
1670091011.466971; 487815; 52
1670091011.491965; 487840; 52
1670091011.516965; 487865; 52
1670091011.541965; 487890; 52
1670091011.566965; 487915; 50
1670091011.591965; 487940; 50
1670091011.616965; 487965; 50
1670091011.641965; 487990; 50
1670091011.666965; 488015; 50
1670091011.691965; 488040; 50
1670091011.716965; 488065; 50
1670091011.741965; 488090; 50
1670091011.766965; 488115; 50
1670091011.791965; 488140; 50
1670091011.816965; 488165; 50
1670091011.841965; 488190; 50
1670091011.866965; 488215; 50
1670091011.891965; 488240; 50
1670091011.916971; 488265; 50
1670091011.941971; 488290; 50
1670091011.966971; 488315; 50
1670091011.991971; 488340; 50
1670091012.016970; 488365; 50
1670091012.041972; 488390; 50
1670091012.066972; 488415; 50
1670091012.091972; 488440; 52
1670091012.116972; 488465; 52
1670091012.141965; 488490; 52
1670091012.166965; 488515; 52
1670091012.191965; 488540; 53
1670091012.216971; 488565; 53
1670091012.241971; 488590; 53
1670091012.266971; 488615; 53
1670091012.291971; 488640; 52
1670091012.316965; 488665; 52
1670091012.341965; 488690; 52
1670091012.366965; 488715; 52
1670091012.391965; 488740; 52
1670091012.416966; 488765; 52
1670091012.441965; 488790; 52
1670091012.466966; 488815; 52
1670091012.491965; 488840; 51
1670091012.516970; 488865; 51
1670091012.541970; 488890; 51
1670091012.566965; 488915; 51
1670091012.591965; 488940; 48
1670091012.616965; 488965; 48
1670091012.641965; 488990; 48
1670091012.666965; 489015; 48
1670091012.691965; 489040; 45
1670091012.716988; 489065; 45
1670091012.741971; 489090; 45
1670091012.766971; 489115; 45
1670091012.791971; 489140; 45
1670091012.816971; 489165; 44
1670091012.841974; 489190; 44
1670091012.866972; 489215; 44
1670091012.891965; 489240; 44
1670091012.916965; 489265; 44
1670091012.941965; 489290; 44
1670091012.966965; 489315; 44
1670091012.991965; 489340; 44
1670091013.016965; 489365; 45
1670091013.041972; 489390; 45
1670091013.066972; 489415; 45
1670091013.091972; 489440; 45
1670091013.116972; 489465; 45
1670091013.141971; 489490; 45
1670091013.166971; 489515; 45
1670091013.191971; 489540; 45
1670091013.216965; 489565; 45
