1670090770.795118; 247143; 20
1670090770.819969; 247168; 21
1670090770.844970; 247193; 21
1670090770.869970; 247218; 21
1670090770.894970; 247243; 21
1670090770.919970; 247268; 22
1670090770.944993; 247293; 22
1670090770.969966; 247318; 22
1670090770.994970; 247343; 22
1670090771.019970; 247368; 23
1670090771.044967; 247393; 23
1670090771.069971; 247418; 23
1670090771.094971; 247443; 23
1670090771.119971; 247468; 22
1670090771.144966; 247493; 22
1670090771.169970; 247518; 22
1670090771.194970; 247543; 22
1670090771.219966; 247568; 23
1670090771.244970; 247593; 23
1670090771.269966; 247618; 23
1670090771.294970; 247643; 23
1670090771.319970; 247668; 24
1670090771.344970; 247693; 24
1670090771.369970; 247718; 24
1670090771.394970; 247743; 24
1670090771.419970; 247768; 25
1670090771.444970; 247793; 25
1670090771.469970; 247818; 25
1670090771.494970; 247843; 25
1670090771.519970; 247868; 26
1670090771.544970; 247893; 26
1670090771.569970; 247918; 26
1670090771.594970; 247943; 26
1670090771.619970; 247968; 26
1670090771.644970; 247993; 26
1670090771.669966; 248018; 26
1670090771.694966; 248043; 26
1670090771.719970; 248068; 27
1670090771.744970; 248093; 27
1670090771.769970; 248118; 27
1670090771.794970; 248143; 27
1670090771.819970; 248168; 25
1670090771.844970; 248193; 25
1670090771.869970; 248218; 25
1670090771.894970; 248243; 25
1670090771.919970; 248268; 25
1670090771.944970; 248293; 26
1670090771.969970; 248318; 26
1670090771.994970; 248343; 26
1670090772.019970; 248368; 26
1670090772.044967; 248393; 25
1670090772.069967; 248418; 25
1670090772.094971; 248443; 25
1670090772.119971; 248468; 25
1670090772.144970; 248493; 24
1670090772.169970; 248518; 24
1670090772.194966; 248543; 24
1670090772.219970; 248568; 24
1670090772.244970; 248593; 24
1670090772.269970; 248618; 24
1670090772.294970; 248643; 24
1670090772.319970; 248668; 24
1670090772.344970; 248693; 16
1670090772.369970; 248718; 16
1670090772.394966; 248743; 16
1670090772.419970; 248768; 16
1670090772.444970; 248793; 14
1670090772.469970; 248818; 14
1670090772.494966; 248843; 14
1670090772.519970; 248868; 14
1670090772.544970; 248893; 14
1670090772.569970; 248918; 14
1670090772.594970; 248943; 14
1670090772.619970; 248968; 14
1670090772.644970; 248993; 14
1670090772.669970; 249018; 14
1670090772.694970; 249043; 14
1670090772.719970; 249068; 14
1670090772.744970; 249093; 14
1670090772.769970; 249118; 14
1670090772.794970; 249143; 14
1670090772.819970; 249168; 14
1670090772.844970; 249193; 14
1670090772.869970; 249218; 14
1670090772.894970; 249243; 14
1670090772.919970; 249268; 14
1670090772.944970; 249293; 14
1670090772.969970; 249318; 14
1670090772.994970; 249343; 14
1670090773.019970; 249368; 14
1670090773.044967; 249393; 14
1670090773.069967; 249418; 14
1670090773.094968; 249443; 14
1670090773.119967; 249468; 14
1670090773.144970; 249493; 14
1670090773.169966; 249518; 14
1670090773.194966; 249543; 14
1670090773.219970; 249568; 14
1670090773.244970; 249593; 14
1670090773.269970; 249618; 14
1670090773.294970; 249643; 14
1670090773.319970; 249668; 14
1670090773.344970; 249693; 14
1670090773.369970; 249718; 14
1670090773.394970; 249743; 14
1670090773.419966; 249768; 14
1670090773.444970; 249793; 14
1670090773.469970; 249818; 14
1670090773.494970; 249843; 14
1670090773.519970; 249868; 14
1670090773.544970; 249893; 14
1670090773.569970; 249918; 14
1670090773.594970; 249943; 14
1670090773.619970; 249968; 14
1670090773.644970; 249993; 14
1670090773.669970; 250018; 14
1670090773.694966; 250043; 14
1670090773.719966; 250068; 14
1670090773.744970; 250093; 14
1670090773.769970; 250118; 14
1670090773.794970; 250143; 14
1670090773.819970; 250168; 14
1670090773.844970; 250193; 14
1670090773.869970; 250218; 14
1670090773.894970; 250243; 14
1670090773.919970; 250268; 14
1670090773.944970; 250293; 14
1670090773.969970; 250318; 14
1670090773.994970; 250343; 14
1670090774.019970; 250368; 14
1670090774.044968; 250393; 14
1670090774.069968; 250418; 14
1670090774.094967; 250443; 14
1670090774.263866; 250611; 14
1670090774.287967; 250636; 14
1670090774.312970; 250661; 14
1670090774.337970; 250686; 14
1670090774.362970; 250711; 14
1670090774.387970; 250736; 14
1670090774.412970; 250761; 14
1670090774.437970; 250786; 14
1670090774.462970; 250811; 14
1670090774.487970; 250836; 14
1670090774.512970; 250861; 14
1670090774.537966; 250886; 14
1670090774.562970; 250911; 14
1670090774.587970; 250936; 14
1670090774.612970; 250961; 14
1670090774.637970; 250986; 14
1670090774.662970; 251011; 14
1670090774.687966; 251036; 14
1670090774.712966; 251061; 14
1670090774.737966; 251086; 14
1670090774.762970; 251111; 14
1670090774.787970; 251136; 14
1670090774.812970; 251161; 14
1670090774.837970; 251186; 14
1670090774.862970; 251211; 14
1670090774.887970; 251236; 14
1670090774.912970; 251261; 14
1670090774.937971; 251286; 14
1670090774.962966; 251311; 14
1670090774.987970; 251336; 14
1670090775.012970; 251361; 14
1670090775.037967; 251386; 14
1670090775.062967; 251411; 14
1670090775.087968; 251436; 14
1670090775.112968; 251461; 14
1670090775.137970; 251486; 14
1670090775.162970; 251511; 14
1670090775.187970; 251536; 14
1670090775.212970; 251561; 14
1670090775.237970; 251586; 14
1670090775.262970; 251611; 14
1670090775.287970; 251636; 14
1670090775.312970; 251661; 14
1670090775.337970; 251686; 14
1670090775.362966; 251711; 14
1670090775.387970; 251736; 14
1670090775.412970; 251761; 14
1670090775.437970; 251786; 14
1670090775.462970; 251811; 14
1670090775.487970; 251836; 14
1670090775.512970; 251861; 14
1670090775.537970; 251886; 14
1670090775.562970; 251911; 14
1670090775.587970; 251936; 14
1670090775.612970; 251961; 14
1670090775.637970; 251986; 14
1670090775.662970; 252011; 14
1670090775.687970; 252036; 14
1670090775.712970; 252061; 14
1670090775.737970; 252086; 14
1670090775.762966; 252111; 14
1670090775.787970; 252136; 14
1670090775.812970; 252161; 14
1670090775.837970; 252186; 14
1670090775.862970; 252211; 14
1670090775.887970; 252236; 14
1670090775.912970; 252261; 14
1670090775.937970; 252286; 14
1670090775.962973; 252311; 14
1670090775.987970; 252336; 14
1670090776.012970; 252361; 14
1670090776.037968; 252386; 14
1670090776.062968; 252411; 14
1670090776.087967; 252436; 14
1670090776.112968; 252461; 14
1670090776.137970; 252486; 14
1670090776.162970; 252511; 14
1670090776.187970; 252536; 14
1670090776.212970; 252561; 14
1670090776.237966; 252586; 14
1670090776.262970; 252611; 14
1670090776.287970; 252636; 14
1670090776.312970; 252661; 14
1670090776.337970; 252686; 14
1670090776.362970; 252711; 14
1670090776.387966; 252736; 14
1670090776.412970; 252761; 14
1670090776.437970; 252786; 15
1670090776.462970; 252811; 15
1670090776.487966; 252836; 15
1670090776.512970; 252861; 15
1670090776.537970; 252886; 15
1670090776.562970; 252911; 15
1670090776.587970; 252936; 15
1670090776.612970; 252961; 15
1670090776.637970; 252986; 14
1670090776.662970; 253011; 14
1670090776.687970; 253036; 14
1670090776.712970; 253061; 14
1670090776.737970; 253086; 14
1670090776.762970; 253111; 14
1670090776.787966; 253136; 14
1670090776.812970; 253161; 14
1670090776.837970; 253186; 14
1670090776.862970; 253211; 14
1670090776.887970; 253236; 14
1670090776.912970; 253261; 14
1670090776.937970; 253286; 14
1670090776.962970; 253311; 14
1670090776.987970; 253336; 14
1670090777.012970; 253361; 14
1670090777.037968; 253386; 15
1670090777.062967; 253411; 15
1670090777.087968; 253436; 15
1670090777.112967; 253461; 15
1670090777.137970; 253486; 14
1670090777.162970; 253511; 14
1670090777.187970; 253536; 14
1670090777.212966; 253561; 14
1670090777.237970; 253586; 14
1670090777.262966; 253611; 14
1670090777.287970; 253636; 14
1670090777.312970; 253661; 14
1670090777.337970; 253686; 14
1670090777.362970; 253711; 14
1670090777.387970; 253736; 14
1670090777.412966; 253761; 14
1670090777.437970; 253786; 14
1670090777.462970; 253811; 15
1670090777.487970; 253836; 15
1670090777.512970; 253861; 15
1670090777.537970; 253886; 15
1670090777.562975; 253911; 14
1670090777.587971; 253936; 14
1670090777.612966; 253961; 14
1670090777.637970; 253986; 14
1670090777.662970; 254011; 14
1670090777.687970; 254036; 14
1670090777.712970; 254061; 14
1670090777.737970; 254086; 14
1670090777.762970; 254111; 14
1670090777.787970; 254136; 14
1670090777.812966; 254161; 14
1670090777.837970; 254186; 14
1670090777.862970; 254211; 14
1670090777.887970; 254236; 14
1670090777.912970; 254261; 14
1670090777.937970; 254286; 14
1670090777.962970; 254311; 15
1670090777.987970; 254336; 15
1670090778.012972; 254361; 15
1670090778.037971; 254386; 15
1670090778.062971; 254411; 14
1670090778.087971; 254436; 14
1670090778.112971; 254461; 14
1670090778.137966; 254486; 14
1670090778.162970; 254511; 14
1670090778.187970; 254536; 14
1670090778.212966; 254561; 14
1670090778.237970; 254586; 14
1670090778.262970; 254611; 14
1670090778.287970; 254636; 14
1670090778.312970; 254661; 14
1670090778.337970; 254686; 14
1670090778.362970; 254711; 14
1670090778.387970; 254736; 14
1670090778.412970; 254761; 14
1670090778.437970; 254786; 14
1670090778.462970; 254811; 14
1670090778.487970; 254836; 14
1670090778.512970; 254861; 14
1670090778.537970; 254886; 14
1670090778.562970; 254911; 14
1670090778.587970; 254936; 14
1670090778.612970; 254961; 14
1670090778.637966; 254986; 14
1670090778.662970; 255011; 14
1670090778.687977; 255036; 14
1670090778.712983; 255061; 14
1670090778.737970; 255086; 14
1670090778.762968; 255111; 14
1670090778.787970; 255136; 14
1670090778.812970; 255161; 14
1670090778.837970; 255186; 14
1670090778.862970; 255211; 14
1670090778.887970; 255236; 14
1670090778.912970; 255261; 14
1670090778.937970; 255286; 14
1670090778.962970; 255311; 14
1670090778.987970; 255336; 14
1670090779.012970; 255361; 14
1670090779.037967; 255386; 14
1670090779.062968; 255411; 14
1670090779.087967; 255436; 14
1670090779.112967; 255461; 14
1670090779.137970; 255486; 14
1670090779.162970; 255511; 14
1670090779.187970; 255536; 14
1670090779.212966; 255561; 14
1670090779.237970; 255586; 14
1670090779.262970; 255611; 14
1670090779.287970; 255636; 14
1670090779.312970; 255661; 14
1670090779.337970; 255686; 14
1670090779.362970; 255711; 14
1670090779.387970; 255736; 14
1670090779.412970; 255761; 14
1670090779.437970; 255786; 14
1670090779.462970; 255811; 14
1670090779.487970; 255836; 14
1670090779.512970; 255861; 14
1670090779.537970; 255886; 14
1670090779.562970; 255911; 14
1670090779.587970; 255936; 14
1670090779.612966; 255961; 14
1670090779.637970; 255986; 14
1670090779.662970; 256011; 14
1670090779.687970; 256036; 14
1670090779.712966; 256061; 14
1670090779.737970; 256086; 14
1670090779.762970; 256111; 14
1670090779.787970; 256136; 14
1670090779.812970; 256161; 14
1670090779.837970; 256186; 14
1670090779.862970; 256211; 14
1670090779.887970; 256236; 14
1670090779.912970; 256261; 14
1670090779.937970; 256286; 14
1670090779.962970; 256311; 14
1670090779.987970; 256336; 14
1670090780.012970; 256361; 14
1670090780.037967; 256386; 14
1670090780.062968; 256411; 14
1670090780.087968; 256436; 14
1670090780.112967; 256461; 14
1670090780.137966; 256486; 14
1670090780.162970; 256511; 14
1670090780.187970; 256536; 14
1670090780.212966; 256561; 14
1670090780.237970; 256586; 14
1670090780.262987; 256611; 14
1670090780.287970; 256636; 14
1670090780.312970; 256661; 14
1670090780.337966; 256686; 14
1670090780.362970; 256711; 14
1670090780.387970; 256736; 14
1670090780.412967; 256761; 14
1670090780.437966; 256786; 14
1670090780.462970; 256811; 14
1670090780.487970; 256836; 14
1670090780.512970; 256861; 14
1670090780.537970; 256886; 14
1670090780.562970; 256911; 14
1670090780.587966; 256936; 14
1670090780.612970; 256961; 14
1670090780.637966; 256986; 14
1670090780.662970; 257011; 14
1670090780.687970; 257036; 14
1670090780.712966; 257061; 14
1670090780.737970; 257086; 14
1670090780.762970; 257111; 14
1670090780.787970; 257136; 14
1670090780.812970; 257161; 14
1670090780.837970; 257186; 14
1670090780.862979; 257211; 14
1670090780.887971; 257236; 14
1670090780.912966; 257261; 14
1670090780.937970; 257286; 14
1670090780.962970; 257311; 14
1670090780.987970; 257336; 14
1670090781.012970; 257361; 14
1670090781.037967; 257386; 14
1670090781.062968; 257411; 14
1670090781.087967; 257436; 14
1670090781.112967; 257461; 14
1670090781.137966; 257486; 14
1670090781.162970; 257511; 14
1670090781.187970; 257536; 14
1670090781.212966; 257561; 14
1670090781.237970; 257586; 14
1670090781.262970; 257611; 14
1670090781.287970; 257636; 14
1670090781.312970; 257661; 14
1670090781.337970; 257686; 14
1670090781.362970; 257711; 14
1670090781.387970; 257736; 14
1670090781.412970; 257761; 14
1670090781.437970; 257786; 14
1670090781.462970; 257811; 14
1670090781.487970; 257836; 14
1670090781.512970; 257861; 14
1670090781.537970; 257886; 14
1670090781.562970; 257911; 14
1670090781.587970; 257936; 14
1670090781.612970; 257961; 14
1670090781.637970; 257986; 14
1670090781.662970; 258011; 14
1670090781.687970; 258036; 14
1670090781.712970; 258061; 14
1670090781.737970; 258086; 14
1670090781.762970; 258111; 14
1670090781.787970; 258136; 14
1670090781.812970; 258161; 14
1670090781.837970; 258186; 14
1670090781.862970; 258211; 14
1670090781.887970; 258236; 14
1670090781.912970; 258261; 14
1670090781.937970; 258286; 14
1670090781.962970; 258311; 14
1670090781.987970; 258336; 14
1670090782.012970; 258361; 14
1670090782.037967; 258386; 14
1670090782.062967; 258411; 14
1670090782.087968; 258436; 14
1670090782.112971; 258461; 14
1670090782.137966; 258486; 14
1670090782.162970; 258511; 14
1670090782.187970; 258536; 14
1670090782.212966; 258561; 14
1670090782.237970; 258586; 14
1670090782.262970; 258611; 14
1670090782.287970; 258636; 14
1670090782.312970; 258661; 14
1670090782.337970; 258686; 14
1670090782.362970; 258711; 14
1670090782.387970; 258736; 14
1670090782.412970; 258761; 14
1670090782.437970; 258786; 14
1670090782.462970; 258811; 14
1670090782.487970; 258836; 14
1670090782.512970; 258861; 14
1670090782.537970; 258886; 14
1670090782.562970; 258911; 14
1670090782.587970; 258936; 14
1670090782.612970; 258961; 14
1670090782.637970; 258986; 14
1670090782.662970; 259011; 14
1670090782.687970; 259036; 14
1670090782.712966; 259061; 14
1670090782.737970; 259086; 14
1670090782.762970; 259111; 14
1670090782.787970; 259136; 14
1670090782.812970; 259161; 14
1670090782.837970; 259186; 14
1670090782.862970; 259211; 14
1670090782.887970; 259236; 14
1670090782.912970; 259261; 14
1670090782.937966; 259286; 14
1670090782.962970; 259311; 14
1670090782.987970; 259336; 14
1670090783.012970; 259361; 14
1670090783.037967; 259386; 14
1670090783.062968; 259411; 14
1670090783.087968; 259436; 14
1670090783.112968; 259461; 14
1670090783.137966; 259486; 14
1670090783.162970; 259511; 14
1670090783.187970; 259536; 14
1670090783.212966; 259561; 14
1670090783.237970; 259586; 14
1670090783.262970; 259611; 14
1670090783.287970; 259636; 14
1670090783.312970; 259661; 14
1670090783.337970; 259686; 14
1670090783.362966; 259711; 14
1670090783.387970; 259736; 14
1670090783.412970; 259761; 14
1670090783.437970; 259786; 14
1670090783.462970; 259811; 14
1670090783.487970; 259836; 14
1670090783.512970; 259861; 14
1670090783.537970; 259886; 14
1670090783.562970; 259911; 14
1670090783.587970; 259936; 14
1670090783.612970; 259961; 14
1670090783.637970; 259986; 14
1670090783.662970; 260011; 14
1670090783.687970; 260036; 14
1670090783.712966; 260061; 14
1670090783.737970; 260086; 14
1670090783.762966; 260111; 14
1670090783.787970; 260136; 14
1670090783.812966; 260161; 14
1670090783.837970; 260186; 14
1670090783.862970; 260211; 14
1670090783.887970; 260236; 14
1670090783.912970; 260261; 14
1670090783.937970; 260286; 14
1670090783.962966; 260311; 14
1670090783.987970; 260336; 14
1670090784.012970; 260361; 14
1670090784.037968; 260386; 14
1670090784.062967; 260411; 14
1670090784.087968; 260436; 14
1670090784.112967; 260461; 14
1670090784.137970; 260486; 14
1670090784.162975; 260511; 14
1670090784.187971; 260536; 14
1670090784.212970; 260561; 14
1670090784.237970; 260586; 14
1670090784.262970; 260611; 14
1670090784.287970; 260636; 14
1670090784.312966; 260661; 14
1670090784.337970; 260686; 14
1670090784.362970; 260711; 14
1670090784.387970; 260736; 14
1670090784.412970; 260761; 14
1670090784.437970; 260786; 14
1670090784.462970; 260811; 14
1670090784.487970; 260836; 14
1670090784.512970; 260861; 14
1670090784.537970; 260886; 14
1670090784.562970; 260911; 14
1670090784.587966; 260936; 14
1670090784.612970; 260961; 14
1670090784.637970; 260986; 14
1670090784.662970; 261011; 14
1670090784.687970; 261036; 14
1670090784.712970; 261061; 14
1670090784.737970; 261086; 14
1670090784.762970; 261111; 14
1670090784.787966; 261136; 14
1670090784.812970; 261161; 14
1670090784.837966; 261186; 14
1670090784.862970; 261211; 14
1670090784.887970; 261236; 14
1670090784.912970; 261261; 14
1670090784.937970; 261286; 14
1670090784.962970; 261311; 14
1670090784.987970; 261336; 14
1670090785.012970; 261361; 15
1670090785.037967; 261386; 15
1670090785.062968; 261411; 15
1670090785.087967; 261436; 15
1670090785.112968; 261461; 15
1670090785.137970; 261486; 15
1670090785.162970; 261511; 15
1670090785.187966; 261536; 15
1670090785.212970; 261561; 15
1670090785.237970; 261586; 15
1670090785.262970; 261611; 15
1670090785.287970; 261636; 15
1670090785.312970; 261661; 15
1670090785.337966; 261686; 15
1670090785.362970; 261711; 15
1670090785.387966; 261736; 15
1670090785.412970; 261761; 15
1670090785.437970; 261786; 15
1670090785.462970; 261811; 15
1670090785.487970; 261836; 15
1670090785.512970; 261861; 15
1670090785.537970; 261886; 15
1670090785.562970; 261911; 15
1670090785.587993; 261936; 15
1670090785.612966; 261961; 15
1670090785.637970; 261986; 15
1670090785.662970; 262011; 15
1670090785.687970; 262036; 15
1670090785.712970; 262061; 15
1670090785.737970; 262086; 15
1670090785.762970; 262111; 15
1670090785.787970; 262136; 15
1670090785.812965; 262161; 15
1670090785.837965; 262186; 15
1670090785.862965; 262211; 15
1670090785.887965; 262236; 15
1670090785.912965; 262261; 15
1670090785.937965; 262286; 15
1670090785.962965; 262311; 15
1670090785.987965; 262336; 15
1670090786.012965; 262361; 15
1670090786.037966; 262386; 15
1670090786.062971; 262411; 15
1670090786.087971; 262436; 15
1670090786.112971; 262461; 15
1670090786.137966; 262486; 14
1670090786.162970; 262511; 14
1670090786.187970; 262536; 14
1670090786.212966; 262561; 14
1670090786.237970; 262586; 14
1670090786.262970; 262611; 14
1670090786.287970; 262636; 14
1670090786.312970; 262661; 14
1670090786.337970; 262686; 15
1670090786.362970; 262711; 15
1670090786.387970; 262736; 15
1670090786.412966; 262761; 15
1670090786.437970; 262786; 15
1670090786.462970; 262811; 15
1670090786.487970; 262836; 15
1670090786.512970; 262861; 15
1670090786.537970; 262886; 14
1670090786.562970; 262911; 14
1670090786.587970; 262936; 14
1670090786.612991; 262961; 14
1670090786.637966; 262986; 14
1670090786.662970; 263011; 14
1670090786.687970; 263036; 14
1670090786.712970; 263061; 14
1670090786.737970; 263086; 14
1670090786.762970; 263111; 14
1670090786.787970; 263136; 14
1670090786.812970; 263161; 14
1670090786.837966; 263186; 14
1670090786.862970; 263211; 15
1670090786.887970; 263236; 15
1670090786.912970; 263261; 15
1670090786.937970; 263286; 15
1670090786.962970; 263311; 14
1670090786.987970; 263336; 14
1670090787.012970; 263361; 14
1670090787.037968; 263386; 14
1670090787.062967; 263411; 14
1670090787.087968; 263436; 14
1670090787.112967; 263461; 14
1670090787.137970; 263486; 14
1670090787.162970; 263511; 14
1670090787.187970; 263536; 14
1670090787.212970; 263561; 14
1670090787.237970; 263586; 14
1670090787.262970; 263611; 14
1670090787.287970; 263636; 14
1670090787.312970; 263661; 14
1670090787.337970; 263686; 14
1670090787.362970; 263711; 14
1670090787.387970; 263736; 14
1670090787.412970; 263761; 14
1670090787.437970; 263786; 14
1670090787.462974; 263811; 14
1670090787.487971; 263836; 14
1670090787.512966; 263861; 14
1670090787.537970; 263886; 14
1670090787.562966; 263911; 14
1670090787.587970; 263936; 14
1670090787.612970; 263961; 14
1670090787.637970; 263986; 14
1670090787.662970; 264011; 14
1670090787.687970; 264036; 14
1670090787.712966; 264061; 14
1670090787.737970; 264086; 14
1670090787.762970; 264111; 14
1670090787.787970; 264136; 14
1670090787.812966; 264161; 14
1670090787.837970; 264186; 14
1670090787.862970; 264211; 14
1670090787.887970; 264236; 14
1670090787.912970; 264261; 14
1670090787.937970; 264286; 14
1670090787.962970; 264311; 14
1670090787.987970; 264336; 14
1670090788.012970; 264361; 14
1670090788.037967; 264386; 14
1670090788.062971; 264411; 14
1670090788.087971; 264436; 14
1670090788.112971; 264461; 14
1670090788.137966; 264486; 14
1670090788.162970; 264511; 14
1670090788.187970; 264536; 14
1670090788.212970; 264561; 14
1670090788.237970; 264586; 14
1670090788.262970; 264611; 14
1670090788.287970; 264636; 14
1670090788.312970; 264661; 14
1670090788.337970; 264686; 14
1670090788.362970; 264711; 14
1670090788.387970; 264736; 14
1670090788.412970; 264761; 14
1670090788.437970; 264786; 14
1670090788.462966; 264811; 14
1670090788.487970; 264836; 14
1670090788.512970; 264861; 14
1670090788.537970; 264886; 14
1670090788.562970; 264911; 14
1670090788.587970; 264936; 14
1670090788.612970; 264961; 14
1670090788.637970; 264986; 14
1670090788.662966; 265011; 14
1670090788.687970; 265036; 14
1670090788.712970; 265061; 14
1670090788.737970; 265086; 14
1670090788.762970; 265111; 14
1670090788.787966; 265136; 14
1670090788.812970; 265161; 14
1670090788.837970; 265186; 14
1670090788.862970; 265211; 14
1670090788.887966; 265236; 14
1670090788.912970; 265261; 14
1670090788.937970; 265286; 14
1670090788.962970; 265311; 14
1670090788.987970; 265336; 14
1670090789.012970; 265361; 14
1670090789.037967; 265386; 14
1670090789.062968; 265411; 14
1670090789.087971; 265436; 14
1670090789.112971; 265461; 14
1670090789.137966; 265486; 14
1670090789.162970; 265511; 14
1670090789.187970; 265536; 14
1670090789.212966; 265561; 15
1670090789.237970; 265586; 15
1670090789.262970; 265611; 15
1670090789.287966; 265636; 15
1670090789.312970; 265661; 14
1670090789.337968; 265686; 14
1670090789.362970; 265711; 14
1670090789.387970; 265736; 14
1670090789.412970; 265761; 14
1670090789.437970; 265786; 14
1670090789.462970; 265811; 14
1670090789.487971; 265836; 14
1670090789.512970; 265861; 14
1670090789.537970; 265886; 14
1670090789.562970; 265911; 14
1670090789.587970; 265936; 14
1670090789.612970; 265961; 14
1670090789.637970; 265986; 14
1670090789.662970; 266011; 14
1670090789.687970; 266036; 14
1670090789.712966; 266061; 14
1670090789.737966; 266086; 14
1670090789.762970; 266111; 14
1670090789.787970; 266136; 14
1670090789.812970; 266161; 14
1670090789.837970; 266186; 14
1670090789.862970; 266211; 14
1670090789.887970; 266236; 14
1670090789.912970; 266261; 14
1670090789.937970; 266286; 14
1670090789.962970; 266311; 14
1670090789.987970; 266336; 14
1670090790.012970; 266361; 14
1670090790.037967; 266386; 14
1670090790.062967; 266411; 14
1670090790.087968; 266436; 14
1670090790.112971; 266461; 14
1670090790.137966; 266486; 14
1670090790.162970; 266511; 14
1670090790.187970; 266536; 14
1670090790.212966; 266561; 14
1670090790.237970; 266586; 14
1670090790.262970; 266611; 14
1670090790.287970; 266636; 14
1670090790.312970; 266661; 14
1670090790.337970; 266686; 14
1670090790.362970; 266711; 14
1670090790.387970; 266736; 14
1670090790.412970; 266761; 14
1670090790.437970; 266786; 14
1670090790.462970; 266811; 14
1670090790.487970; 266836; 14
1670090790.512970; 266861; 14
1670090790.537970; 266886; 14
1670090790.562970; 266911; 14
1670090790.587970; 266936; 14
1670090790.612970; 266961; 14
1670090790.637970; 266986; 14
1670090790.662970; 267011; 14
1670090790.687970; 267036; 14
1670090790.712970; 267061; 14
1670090790.737970; 267086; 14
1670090790.762979; 267111; 14
1670090790.787968; 267136; 14
1670090790.812970; 267161; 14
1670090790.837970; 267186; 14
1670090790.862970; 267211; 14
1670090790.887970; 267236; 14
1670090790.912970; 267261; 14
1670090790.937970; 267286; 14
1670090790.962970; 267311; 14
1670090790.987970; 267336; 14
1670090791.012970; 267361; 14
1670090791.037971; 267386; 14
1670090791.062971; 267411; 14
1670090791.087971; 267436; 14
1670090791.112971; 267461; 14
1670090791.137966; 267486; 14
1670090791.162970; 267511; 14
1670090791.187970; 267536; 14
1670090791.212966; 267561; 14
1670090791.237970; 267586; 14
1670090791.262970; 267611; 14
1670090791.287970; 267636; 14
1670090791.312970; 267661; 14
1670090791.337970; 267686; 14
1670090791.362970; 267711; 14
1670090791.387970; 267736; 14
1670090791.412970; 267761; 14
1670090791.437970; 267786; 14
1670090791.462970; 267811; 14
1670090791.487970; 267836; 14
1670090791.512970; 267861; 14
1670090791.537966; 267886; 14
1670090791.562970; 267911; 15
1670090791.587970; 267936; 15
1670090791.612970; 267961; 15
1670090791.637970; 267986; 15
1670090791.662970; 268011; 14
1670090791.687970; 268036; 14
1670090791.712966; 268061; 14
1670090791.737984; 268086; 14
1670090791.762966; 268111; 14
1670090791.787970; 268136; 14
1670090791.812970; 268161; 14
1670090791.837970; 268186; 14
1670090791.862970; 268211; 14
1670090791.887970; 268236; 14
1670090791.912970; 268261; 14
1670090791.937981; 268286; 14
1670090791.962966; 268311; 15
1670090791.987970; 268336; 15
1670090792.012970; 268361; 15
1670090792.037968; 268386; 15
1670090792.062968; 268411; 15
1670090792.087970; 268436; 15
1670090792.112972; 268461; 15
1670090792.137965; 268486; 15
1670090792.162970; 268511; 14
1670090792.187965; 268536; 14
1670090792.212971; 268561; 14
1670090792.237965; 268586; 14
1670090792.262971; 268611; 14
1670090792.287965; 268636; 14
1670090792.312965; 268661; 14
1670090792.337965; 268686; 14
1670090792.362965; 268711; 14
1670090792.387965; 268736; 14
1670090792.412965; 268761; 14
1670090792.437965; 268786; 14
1670090792.462971; 268811; 15
1670090792.487965; 268836; 15
1670090792.512965; 268861; 15
1670090792.537965; 268886; 15
1670090792.562971; 268911; 15
1670090792.587965; 268936; 15
1670090792.612965; 268961; 15
1670090792.637965; 268986; 15
1670090792.662965; 269011; 15
1670090792.687965; 269036; 14
1670090792.712965; 269061; 14
1670090792.737965; 269086; 14
1670090792.762965; 269111; 14
1670090792.787965; 269136; 14
1670090792.812965; 269161; 14
1670090792.837971; 269186; 14
1670090792.862965; 269211; 14
1670090792.887965; 269236; 15
1670090792.912965; 269261; 15
1670090792.937965; 269286; 15
1670090792.962969; 269311; 15
1670090792.987971; 269336; 15
1670090793.012965; 269361; 15
1670090793.037972; 269386; 15
1670090793.062972; 269411; 15
1670090793.087972; 269436; 15
1670090793.112972; 269461; 15
1670090793.137965; 269486; 15
1670090793.162965; 269511; 15
1670090793.187965; 269536; 14
1670090793.212971; 269561; 14
1670090793.237971; 269586; 14
1670090793.262965; 269611; 14
1670090793.287965; 269636; 14
1670090793.312965; 269661; 14
1670090793.337965; 269686; 14
1670090793.362965; 269711; 14
1670090793.387970; 269736; 15
1670090793.412965; 269761; 15
1670090793.437965; 269786; 15
1670090793.462965; 269811; 15
1670090793.487965; 269836; 15
1670090793.512965; 269861; 15
1670090793.537965; 269886; 15
1670090793.562965; 269911; 15
1670090793.587971; 269936; 14
1670090793.612965; 269961; 14
1670090793.637965; 269986; 14
1670090793.662965; 270011; 14
1670090793.687965; 270036; 14
1670090793.712971; 270061; 14
1670090793.737965; 270086; 14
1670090793.762965; 270111; 14
1670090793.787965; 270136; 14
1670090793.812965; 270161; 14
1670090793.837965; 270186; 14
1670090793.862965; 270211; 14
1670090793.887965; 270236; 14
1670090793.912965; 270261; 15
1670090793.937965; 270286; 15
1670090793.962965; 270311; 15
1670090793.987965; 270336; 15
1670090794.012965; 270361; 15
1670090794.037972; 270386; 15
1670090794.062980; 270411; 15
1670090794.087973; 270436; 15
1670090794.112972; 270461; 14
1670090794.137965; 270486; 14
1670090794.162965; 270511; 14
1670090794.187965; 270536; 14
1670090794.212971; 270561; 14
1670090794.237965; 270586; 14
1670090794.262971; 270611; 14
1670090794.287965; 270636; 14
1670090794.312965; 270661; 15
1670090794.337965; 270686; 15
1670090794.362965; 270711; 15
1670090794.387965; 270736; 15
1670090794.412971; 270761; 15
1670090794.437965; 270786; 15
1670090794.462965; 270811; 15
1670090794.487965; 270836; 15
1670090794.512971; 270861; 14
1670090794.537965; 270886; 14
1670090794.562965; 270911; 14
1670090794.587965; 270936; 14
1670090794.612971; 270961; 14
1670090794.637965; 270986; 14
1670090794.662965; 271011; 14
1670090794.687965; 271036; 14
1670090794.712971; 271061; 14
1670090794.737965; 271086; 14
1670090794.762971; 271111; 14
1670090794.787965; 271136; 14
1670090794.812971; 271161; 15
1670090794.837965; 271186; 15
1670090794.862965; 271211; 15
1670090794.887965; 271236; 15
1670090794.912965; 271261; 15
1670090794.937965; 271286; 15
1670090794.962965; 271311; 15
1670090794.987965; 271336; 15
1670090795.012965; 271361; 15
1670090795.037972; 271386; 14
1670090795.062972; 271411; 14
1670090795.087972; 271436; 14
1670090795.112972; 271461; 14
1670090795.137965; 271486; 14
1670090795.162965; 271511; 14
1670090795.187965; 271536; 14
1670090795.212971; 271561; 14
1670090795.237971; 271586; 15
1670090795.262965; 271611; 15
1670090795.287965; 271636; 15
1670090795.312965; 271661; 15
1670090795.337965; 271686; 15
1670090795.362965; 271711; 15
1670090795.387965; 271736; 15
1670090795.412965; 271761; 15
1670090795.437971; 271786; 15
1670090795.462965; 271811; 15
1670090795.487965; 271836; 15
1670090795.512965; 271861; 15
1670090795.537965; 271886; 15
1670090795.562965; 271911; 15
1670090795.587965; 271936; 15
1670090795.612965; 271961; 15
1670090795.637965; 271986; 15
1670090795.662965; 272011; 15
1670090795.687965; 272036; 15
1670090795.712965; 272061; 15
1670090795.737965; 272086; 15
1670090795.762965; 272111; 15
1670090795.787965; 272136; 15
1670090795.812965; 272161; 15
1670090795.837970; 272186; 15
1670090795.862965; 272211; 15
1670090795.887965; 272236; 15
1670090795.912965; 272261; 15
1670090795.937971; 272286; 15
1670090795.962965; 272311; 15
1670090795.987965; 272336; 15
1670090796.012965; 272361; 15
1670090796.037972; 272386; 15
1670090796.062972; 272411; 15
1670090796.087972; 272436; 15
1670090796.112972; 272461; 15
1670090796.137965; 272486; 15
1670090796.162965; 272511; 15
1670090796.187973; 272536; 15
1670090796.212971; 272561; 15
1670090796.237965; 272586; 15
1670090796.262965; 272611; 15
1670090796.287965; 272636; 15
1670090796.312965; 272661; 15
1670090796.337965; 272686; 15
1670090796.362965; 272711; 15
1670090796.387965; 272736; 15
1670090796.412965; 272761; 15
1670090796.437965; 272786; 15
1670090796.462966; 272811; 15
1670090796.487965; 272836; 15
1670090796.512965; 272861; 15
1670090796.537965; 272886; 15
1670090796.562965; 272911; 15
1670090796.587965; 272936; 15
1670090796.612965; 272961; 15
1670090796.637965; 272986; 15
1670090796.662970; 273011; 15
1670090796.687965; 273036; 15
1670090796.712970; 273061; 15
1670090796.737965; 273086; 15
1670090796.762965; 273111; 15
1670090796.787965; 273136; 15
1670090796.812965; 273161; 15
1670090796.837965; 273186; 15
1670090796.862971; 273211; 15
1670090796.887965; 273236; 15
1670090796.912965; 273261; 15
1670090796.937965; 273286; 15
1670090796.962965; 273311; 15
1670090796.987965; 273336; 15
1670090797.012965; 273361; 15
1670090797.037972; 273386; 15
1670090797.062966; 273411; 15
1670090797.087966; 273436; 15
1670090797.112966; 273461; 15
1670090797.137971; 273486; 15
1670090797.162965; 273511; 15
1670090797.187965; 273536; 15
1670090797.212973; 273561; 15
1670090797.237965; 273586; 15
1670090797.262973; 273611; 15
1670090797.287965; 273636; 15
1670090797.312965; 273661; 15
1670090797.337965; 273686; 15
1670090797.362965; 273711; 15
1670090797.387973; 273736; 15
1670090797.412972; 273761; 15
1670090797.437965; 273786; 15
1670090797.462965; 273811; 15
1670090797.487971; 273836; 15
1670090797.512965; 273861; 15
1670090797.537965; 273886; 15
1670090797.562965; 273911; 15
1670090797.587965; 273936; 16
1670090797.612965; 273961; 16
1670090797.637965; 273986; 16
1670090797.662965; 274011; 16
1670090797.687971; 274036; 16
1670090797.712965; 274061; 16
1670090797.737965; 274086; 16
1670090797.762965; 274111; 16
1670090797.787965; 274136; 16
1670090797.812965; 274161; 16
1670090797.837965; 274186; 16
1670090797.862966; 274211; 16
1670090797.887971; 274236; 16
1670090797.912965; 274261; 16
1670090797.937965; 274286; 16
1670090797.962965; 274311; 16
1670090797.987965; 274336; 16
1670090798.012965; 274361; 16
1670090798.037972; 274386; 16
1670090798.062972; 274411; 16
1670090798.087972; 274436; 16
1670090798.112972; 274461; 16
1670090798.137965; 274486; 16
1670090798.162965; 274511; 16
1670090798.187965; 274536; 17
1670090798.212965; 274561; 17
1670090798.237965; 274586; 17
1670090798.262965; 274611; 17
1670090798.287966; 274636; 17
1670090798.312965; 274661; 17
1670090798.337965; 274686; 17
1670090798.362965; 274711; 17
1670090798.387965; 274736; 17
1670090798.412965; 274761; 18
1670090798.437966; 274786; 18
1670090798.462965; 274811; 18
1670090798.487965; 274836; 18
1670090798.512965; 274861; 19
1670090798.537965; 274886; 19
1670090798.562965; 274911; 19
1670090798.587965; 274936; 19
1670090798.612965; 274961; 20
1670090798.637965; 274986; 20
1670090798.662965; 275011; 20
1670090798.687965; 275036; 20
1670090798.712971; 275061; 20
1670090798.737965; 275086; 20
1670090798.762971; 275111; 20
1670090798.787966; 275136; 20
1670090798.812965; 275161; 19
1670090798.837965; 275186; 19
1670090798.862965; 275211; 19
1670090798.887965; 275236; 19
1670090798.912971; 275261; 19
1670090798.937965; 275286; 19
1670090798.962965; 275311; 19
1670090798.987965; 275336; 19
1670090799.012965; 275361; 19
1670090799.037972; 275386; 19
1670090799.062972; 275411; 19
1670090799.087972; 275436; 19
1670090799.112967; 275461; 21
1670090799.137971; 275486; 21
1670090799.162965; 275511; 21
1670090799.187965; 275536; 21
1670090799.212971; 275561; 21
1670090799.237965; 275586; 21
1670090799.262965; 275611; 21
1670090799.287965; 275636; 21
1670090799.312965; 275661; 22
1670090799.337965; 275686; 22
1670090799.362965; 275711; 22
1670090799.387965; 275736; 22
1670090799.412965; 275761; 22
1670090799.437965; 275786; 22
1670090799.462965; 275811; 22
1670090799.487965; 275836; 22
1670090799.512965; 275861; 22
1670090799.537965; 275886; 22
1670090799.562965; 275911; 22
1670090799.587965; 275936; 22
1670090799.612965; 275961; 22
1670090799.637965; 275986; 23
1670090799.662965; 276011; 23
1670090799.687965; 276036; 23
1670090799.712965; 276061; 23
1670090799.737971; 276086; 24
1670090799.762965; 276111; 24
1670090799.787965; 276136; 24
1670090799.812965; 276161; 24
1670090799.837965; 276186; 25
1670090799.862965; 276211; 25
1670090799.887965; 276236; 25
1670090799.912965; 276261; 25
1670090799.937971; 276286; 26
1670090799.962965; 276311; 26
1670090799.987971; 276336; 26
1670090800.012965; 276361; 26
1670090800.037972; 276386; 27
1670090800.062972; 276411; 27
1670090800.087972; 276436; 27
1670090800.112972; 276461; 27
1670090800.137970; 276486; 27
1670090800.162965; 276511; 27
1670090800.187971; 276536; 27
1670090800.212965; 276561; 27
1670090800.237965; 276586; 29
1670090800.262965; 276611; 29
1670090800.287965; 276636; 29
1670090800.312965; 276661; 29
1670090800.337965; 276686; 28
1670090800.362971; 276711; 28
1670090800.387971; 276736; 28
1670090800.412965; 276761; 28
1670090800.437965; 276786; 29
1670090800.462965; 276811; 29
1670090800.487965; 276836; 29
1670090800.512965; 276861; 29
1670090800.537965; 276886; 29
1670090800.562965; 276911; 29
1670090800.587965; 276936; 29
1670090800.612965; 276961; 29
1670090800.637965; 276986; 29
1670090800.662965; 277011; 29
1670090800.687979; 277036; 29
1670090800.712967; 277061; 29
1670090800.737971; 277086; 29
1670090800.762965; 277111; 28
1670090800.787965; 277136; 28
1670090800.812971; 277161; 28
1670090800.837965; 277186; 28
1670090800.862965; 277211; 29
1670090800.887965; 277236; 29
1670090800.912965; 277261; 29
1670090800.937965; 277286; 29
1670090800.962965; 277311; 31
1670090800.987965; 277336; 31
1670090801.012965; 277361; 31
1670090801.037972; 277386; 31
1670090801.062972; 277411; 32
1670090801.087972; 277436; 32
1670090801.112972; 277461; 32
1670090801.137965; 277486; 32
1670090801.162965; 277511; 31
1670090801.187965; 277536; 31
1670090801.212965; 277561; 31
1670090801.237965; 277586; 31
1670090801.262965; 277611; 30
1670090801.287965; 277636; 30
1670090801.312965; 277661; 30
1670090801.337965; 277686; 30
1670090801.362970; 277711; 30
1670090801.387970; 277736; 30
1670090801.412965; 277761; 30
1670090801.437965; 277786; 30
1670090801.462965; 277811; 30
1670090801.487965; 277836; 30
1670090801.512965; 277861; 30
1670090801.537965; 277886; 30
1670090801.562972; 277911; 31
1670090801.587965; 277936; 31
1670090801.612965; 277961; 31
1670090801.637970; 277986; 31
1670090801.662965; 278011; 32
1670090801.687965; 278036; 32
1670090801.712965; 278061; 32
1670090801.737965; 278086; 32
1670090801.762965; 278111; 35
1670090801.787971; 278136; 35
1670090801.812965; 278161; 35
1670090801.837965; 278186; 35
1670090801.862965; 278211; 35
1670090801.887965; 278236; 34
1670090801.912965; 278261; 34
1670090801.937965; 278286; 34
1670090801.962965; 278311; 34
1670090801.987971; 278336; 35
1670090802.012965; 278361; 35
1670090802.037972; 278386; 35
1670090802.062972; 278411; 35
1670090802.087972; 278436; 34
1670090802.112972; 278461; 34
1670090802.137965; 278486; 34
1670090802.162965; 278511; 34
1670090802.187971; 278536; 34
1670090802.212965; 278561; 34
1670090802.237965; 278586; 34
1670090802.262965; 278611; 34
1670090802.287965; 278636; 35
1670090802.312965; 278661; 35
1670090802.337965; 278686; 35
1670090802.362965; 278711; 35
1670090802.387971; 278736; 33
1670090802.412965; 278761; 33
1670090802.437965; 278786; 33
1670090802.462965; 278811; 33
1670090802.487965; 278836; 33
1670090802.512965; 278861; 33
1670090802.537965; 278886; 33
1670090802.562965; 278911; 33
1670090802.587972; 278936; 28
1670090802.612965; 278961; 28
1670090802.637965; 278986; 28
1670090802.662965; 279011; 28
1670090802.687965; 279036; 29
1670090802.712971; 279061; 29
1670090802.737965; 279086; 29
1670090802.762965; 279111; 29
1670090802.787965; 279136; 29
1670090802.812965; 279161; 29
1670090802.837965; 279186; 29
1670090802.862965; 279211; 29
1670090802.887965; 279236; 27
1670090802.912971; 279261; 27
1670090802.937965; 279286; 27
1670090802.962965; 279311; 27
1670090802.987965; 279336; 21
1670090803.012971; 279361; 21
1670090803.037966; 279386; 21
1670090803.062966; 279411; 21
1670090803.087966; 279436; 21
1670090803.112966; 279461; 21
1670090803.137971; 279486; 21
1670090803.162965; 279511; 21
1670090803.187965; 279536; 21
1670090803.212971; 279561; 21
1670090803.237965; 279586; 21
1670090803.262965; 279611; 21
1670090803.287965; 279636; 21
1670090803.312965; 279661; 21
1670090803.337965; 279686; 21
1670090803.362965; 279711; 21
1670090803.387965; 279736; 21
1670090803.412965; 279761; 21
1670090803.437965; 279786; 21
1670090803.462965; 279811; 21
1670090803.487965; 279836; 21
1670090803.512965; 279861; 20
1670090803.537965; 279886; 20
1670090803.562965; 279911; 20
1670090803.587965; 279936; 20
1670090803.612965; 279961; 20
1670090803.637965; 279986; 20
1670090803.662965; 280011; 20
1670090803.687965; 280036; 20
1670090803.712971; 280061; 21
1670090803.737965; 280086; 21
1670090803.762965; 280111; 21
1670090803.787966; 280136; 21
1670090803.812965; 280161; 22
1670090803.837965; 280186; 22
1670090803.862965; 280211; 22
1670090803.887965; 280236; 22
1670090803.912965; 280261; 23
1670090803.937965; 280286; 23
1670090803.962965; 280311; 23
1670090803.987979; 280336; 23
1670090804.012967; 280361; 24
1670090804.037972; 280386; 24
1670090804.062972; 280411; 24
1670090804.087972; 280436; 24
1670090804.112972; 280461; 24
1670090804.137965; 280486; 24
1670090804.162965; 280511; 24
1670090804.187965; 280536; 24
1670090804.212965; 280561; 24
1670090804.237965; 280586; 24
1670090804.262965; 280611; 24
1670090804.287965; 280636; 24
1670090804.312965; 280661; 24
1670090804.337965; 280686; 24
1670090804.362965; 280711; 24
1670090804.387965; 280736; 24
1670090804.412965; 280761; 24
1670090804.437965; 280786; 25
1670090804.462965; 280811; 25
1670090804.487965; 280836; 25
1670090804.512965; 280861; 25
1670090804.537965; 280886; 26
1670090804.562965; 280911; 26
1670090804.587965; 280936; 26
1670090804.612965; 280961; 26
1670090804.637971; 280986; 27
1670090804.662965; 281011; 27
1670090804.687974; 281036; 27
1670090804.712965; 281061; 27
1670090804.737965; 281086; 27
1670090804.762965; 281111; 27
1670090804.787965; 281136; 27
1670090804.812965; 281161; 27
1670090804.837965; 281186; 28
1670090804.862965; 281211; 28
1670090804.887965; 281236; 28
1670090804.912965; 281261; 28
1670090804.937965; 281286; 28
1670090804.962965; 281311; 28
1670090804.987965; 281336; 28
1670090805.012965; 281361; 28
1670090805.037972; 281386; 26
1670090805.062967; 281411; 26
1670090805.087966; 281436; 26
1670090805.112967; 281461; 26
1670090805.137971; 281486; 27
1670090805.162965; 281511; 27
1670090805.187965; 281536; 27
1670090805.212965; 281561; 27
1670090805.237965; 281586; 27
1670090805.262965; 281611; 27
1670090805.287965; 281636; 27
1670090805.312965; 281661; 27
1670090805.337965; 281686; 27
1670090805.362966; 281711; 26
1670090805.387966; 281736; 26
1670090805.412965; 281761; 26
1670090805.437965; 281786; 26
1670090805.462971; 281811; 26
1670090805.487966; 281836; 26
1670090805.512965; 281861; 26
1670090805.537965; 281886; 26
1670090805.562965; 281911; 27
1670090805.587965; 281936; 27
1670090805.612965; 281961; 27
1670090805.637965; 281986; 27
1670090805.662965; 282011; 28
1670090805.687965; 282036; 28
1670090805.712971; 282061; 28
1670090805.737971; 282086; 28
1670090805.762968; 282111; 29
1670090805.787970; 282136; 29
1670090805.812965; 282161; 29
1670090805.837965; 282186; 29
1670090805.862965; 282211; 27
1670090805.887965; 282236; 27
1670090805.912965; 282261; 27
1670090805.937965; 282286; 27
1670090805.962965; 282311; 27
1670090805.987965; 282336; 27
1670090806.012965; 282361; 27
1670090806.037972; 282386; 27
1670090806.062972; 282411; 27
1670090806.087972; 282436; 27
1670090806.112972; 282461; 27
1670090806.137965; 282486; 27
1670090806.162965; 282511; 27
1670090806.187965; 282536; 27
1670090806.212971; 282561; 27
1670090806.237965; 282586; 27
1670090806.262965; 282611; 28
1670090806.287965; 282636; 28
1670090806.312965; 282661; 28
1670090806.337965; 282686; 28
1670090806.362965; 282711; 28
1670090806.387965; 282736; 28
1670090806.412965; 282761; 28
1670090806.437965; 282786; 28
1670090806.462965; 282811; 28
1670090806.487971; 282836; 28
1670090806.512966; 282861; 28
1670090806.537965; 282886; 28
1670090806.562966; 282911; 28
1670090806.587965; 282936; 28
1670090806.612965; 282961; 28
1670090806.637966; 282986; 28
1670090806.662966; 283011; 28
1670090806.687965; 283036; 29
1670090806.712965; 283061; 29
1670090806.737965; 283086; 29
1670090806.762965; 283111; 29
1670090806.787971; 283136; 29
1670090806.812965; 283161; 29
1670090806.837965; 283186; 29
1670090806.862965; 283211; 29
1670090806.887987; 283236; 29
1670090806.912971; 283261; 29
1670090806.937965; 283286; 29
1670090806.962965; 283311; 29
1670090806.987965; 283336; 29
1670090807.012965; 283361; 29
1670090807.037972; 283386; 29
1670090807.062966; 283411; 29
1670090807.087966; 283436; 29
1670090807.112967; 283461; 29
1670090807.137971; 283486; 29
1670090807.162965; 283511; 29
1670090807.187965; 283536; 28
1670090807.212966; 283561; 28
1670090807.237966; 283586; 28
1670090807.262965; 283611; 28
1670090807.287979; 283636; 27
1670090807.312967; 283661; 27
1670090807.337971; 283686; 27
1670090807.362965; 283711; 27
1670090807.387965; 283736; 28
1670090807.412965; 283761; 28
1670090807.437965; 283786; 28
1670090807.462965; 283811; 28
1670090807.487965; 283836; 27
1670090807.512971; 283861; 27
1670090807.537965; 283886; 27
1670090807.562965; 283911; 27
1670090807.587965; 283936; 27
1670090807.612965; 283961; 27
1670090807.637965; 283986; 27
1670090807.662965; 284011; 27
1670090807.687965; 284036; 27
1670090807.712965; 284061; 22
1670090807.737966; 284086; 22
1670090807.762965; 284111; 22
1670090807.787965; 284136; 22
1670090807.812971; 284161; 17
1670090807.837965; 284186; 17
1670090807.862965; 284211; 17
1670090807.887965; 284236; 17
1670090807.912972; 284261; 18
1670090807.937965; 284286; 18
1670090807.962965; 284311; 18
1670090807.987965; 284336; 18
1670090808.012965; 284361; 18
1670090808.037972; 284386; 18
1670090808.062972; 284411; 18
1670090808.087966; 284436; 18
1670090808.112966; 284461; 19
1670090808.137971; 284486; 19
1670090808.162965; 284511; 19
1670090808.187965; 284536; 19
1670090808.212971; 284561; 18
1670090808.237965; 284586; 18
1670090808.262965; 284611; 18
1670090808.287965; 284636; 18
1670090808.312965; 284661; 18
1670090808.337965; 284686; 18
1670090808.362966; 284711; 18
1670090808.387965; 284736; 18
1670090808.412965; 284761; 18
1670090808.437965; 284786; 18
1670090808.462965; 284811; 18
1670090808.487965; 284836; 18
1670090808.512965; 284861; 18
1670090808.537965; 284886; 18
1670090808.562965; 284911; 18
1670090808.587965; 284936; 18
1670090808.612965; 284961; 19
1670090808.637965; 284986; 19
1670090808.662965; 285011; 19
1670090808.687965; 285036; 19
1670090808.712971; 285061; 20
1670090808.737971; 285086; 20
1670090808.762965; 285111; 20
1670090808.787965; 285136; 20
1670090808.812965; 285161; 20
1670090808.837965; 285186; 20
1670090808.862965; 285211; 20
1670090808.887965; 285236; 20
1670090808.912965; 285261; 20
1670090808.937965; 285286; 20
1670090808.962965; 285311; 20
1670090808.987966; 285336; 20
1670090809.012965; 285361; 20
1670090809.037972; 285386; 20
1670090809.062972; 285411; 20
1670090809.087972; 285436; 20
1670090809.112967; 285461; 20
1670090809.137971; 285486; 20
1670090809.162966; 285511; 20
1670090809.187965; 285536; 20
1670090809.212971; 285561; 20
1670090809.237965; 285586; 21
1670090809.262965; 285611; 21
1670090809.287965; 285636; 21
1670090809.312965; 285661; 21
1670090809.337965; 285686; 22
1670090809.362965; 285711; 22
1670090809.387965; 285736; 22
1670090809.412965; 285761; 22
1670090809.437965; 285786; 23
1670090809.462965; 285811; 23
1670090809.487965; 285836; 23
1670090809.512965; 285861; 23
1670090809.537965; 285886; 22
1670090809.562971; 285911; 22
1670090809.587965; 285936; 22
1670090809.612971; 285961; 22
1670090809.637965; 285986; 22
1670090809.662965; 286011; 22
1670090809.687965; 286036; 22
1670090809.712965; 286061; 22
1670090809.737966; 286086; 22
1670090809.762965; 286111; 22
1670090809.787965; 286136; 22
1670090809.812965; 286161; 22
1670090809.837965; 286186; 23
1670090809.862965; 286211; 23
1670090809.887965; 286236; 23
1670090809.912965; 286261; 23
1670090809.937965; 286286; 22
1670090809.962970; 286311; 22
1670090809.987965; 286336; 22
1670090810.012965; 286361; 22
1670090810.037972; 286386; 22
1670090810.062972; 286411; 22
1670090810.087972; 286436; 22
1670090810.112972; 286461; 22
1670090810.137971; 286486; 22
1670090810.162966; 286511; 22
1670090810.187971; 286536; 22
1670090810.212965; 286561; 22
1670090810.237965; 286586; 22
1670090810.262965; 286611; 22
1670090810.287965; 286636; 22
1670090810.312965; 286661; 22
1670090810.337965; 286686; 22
1670090810.362965; 286711; 22
1670090810.387970; 286736; 22
1670090810.412965; 286761; 22
1670090810.437965; 286786; 22
1670090810.462966; 286811; 21
1670090810.487965; 286836; 21
1670090810.512965; 286861; 21
1670090810.537965; 286886; 21
1670090810.562965; 286911; 21
1670090810.587973; 286936; 21
1670090810.612972; 286961; 21
1670090810.637965; 286986; 21
1670090810.662965; 287011; 21
1670090810.687965; 287036; 21
1670090810.712966; 287061; 21
1670090810.737966; 287086; 21
1670090810.762965; 287111; 22
1670090810.787971; 287136; 22
1670090810.812965; 287161; 22
1670090810.837965; 287186; 22
1670090810.862965; 287211; 22
1670090810.887965; 287236; 22
1670090810.912965; 287261; 22
1670090810.937965; 287286; 22
1670090810.962965; 287311; 22
1670090810.987965; 287336; 22
1670090811.012965; 287361; 22
1670090811.037972; 287386; 22
1670090811.062972; 287411; 21
1670090811.087972; 287436; 21
1670090811.112972; 287461; 21
1670090811.137965; 287486; 21
1670090811.162971; 287511; 21
1670090811.187965; 287536; 22
1670090811.212965; 287561; 22
1670090811.237965; 287586; 22
1670090811.262965; 287611; 22
1670090811.287965; 287636; 22
1670090811.312965; 287661; 22
1670090811.337965; 287686; 22
1670090811.362965; 287711; 22
1670090811.387965; 287736; 23
1670090811.412968; 287761; 23
1670090811.437965; 287786; 23
1670090811.462966; 287811; 23
1670090811.487967; 287836; 23
1670090811.512991; 287861; 23
1670090811.537965; 287886; 23
1670090811.562965; 287911; 23
1670090811.587965; 287936; 23
1670090811.612971; 287961; 23
1670090811.637971; 287986; 23
1670090811.662969; 288011; 23
1670090811.687968; 288036; 23
1670090811.712965; 288061; 23
1670090811.737966; 288086; 23
1670090811.762971; 288111; 23
1670090811.787971; 288136; 23
1670090811.812965; 288161; 23
1670090811.837965; 288186; 23
1670090811.862965; 288211; 23
1670090811.887965; 288236; 23
1670090811.912971; 288261; 23
1670090811.937971; 288286; 23
1670090811.962971; 288311; 23
1670090811.987971; 288336; 23
1670090812.012970; 288361; 23
1670090812.037967; 288386; 23
1670090812.062966; 288411; 23
1670090812.087967; 288436; 23
1670090812.112966; 288461; 23
1670090812.137973; 288486; 23
1670090812.162965; 288511; 23
1670090812.187965; 288536; 23
1670090812.212988; 288561; 23
1670090812.237971; 288586; 23
1670090812.262971; 288611; 23
1670090812.287971; 288636; 22
1670090812.312971; 288661; 22
1670090812.337971; 288686; 22
1670090812.362971; 288711; 22
1670090812.387971; 288736; 22
1670090812.412971; 288761; 22
1670090812.437965; 288786; 22
1670090812.462965; 288811; 22
1670090812.487965; 288836; 22
1670090812.512965; 288861; 21
1670090812.537970; 288886; 21
1670090812.562971; 288911; 21
1670090812.587971; 288936; 21
1670090812.612971; 288961; 19
1670090812.637971; 288986; 19
1670090812.662971; 289011; 19
1670090812.687971; 289036; 19
1670090812.712965; 289061; 16
1670090812.737966; 289086; 16
1670090812.762965; 289111; 16
1670090812.787971; 289136; 16
1670090812.812971; 289161; 15
1670090812.837965; 289186; 15
1670090812.862965; 289211; 15
1670090812.887965; 289236; 15
1670090812.912965; 289261; 15
1670090812.937965; 289286; 15
1670090812.962965; 289311; 15
1670090812.987965; 289336; 15
1670090813.012965; 289361; 15
1670090813.037990; 289386; 15
1670090813.062972; 289411; 15
1670090813.087972; 289436; 15
1670090813.112972; 289461; 15
1670090813.137965; 289486; 15
1670090813.162965; 289511; 15
1670090813.187965; 289536; 15
1670090813.212971; 289561; 15
1670090813.237967; 289586; 15
1670090813.262971; 289611; 15
1670090813.287970; 289636; 15
1670090813.312965; 289661; 15
1670090813.337965; 289686; 15
1670090813.362965; 289711; 15
1670090813.387965; 289736; 15
1670090813.412965; 289761; 14
1670090813.437965; 289786; 14
1670090813.462965; 289811; 14
1670090813.487965; 289836; 14
1670090813.512965; 289861; 14
1670090813.537965; 289886; 15
1670090813.562965; 289911; 15
1670090813.587965; 289936; 15
1670090813.612965; 289961; 15
1670090813.637966; 289986; 15
1670090813.662965; 290011; 15
1670090813.687965; 290036; 15
1670090813.712971; 290061; 15
1670090813.737971; 290086; 15
1670090813.762971; 290111; 15
1670090813.787971; 290136; 15
1670090813.812965; 290161; 15
1670090813.837965; 290186; 14
1670090813.862965; 290211; 14
1670090813.887979; 290236; 14
1670090813.912966; 290261; 14
1670090813.937965; 290286; 14
1670090813.962965; 290311; 14
1670090813.987965; 290336; 14
1670090814.012965; 290361; 14
1670090814.037967; 290386; 15
1670090814.062974; 290411; 15
1670090814.087972; 290436; 15
1670090814.112972; 290461; 15
1670090814.137966; 290486; 15
1670090814.162965; 290511; 15
1670090814.187965; 290536; 15
1670090814.212965; 290561; 15
1670090814.237965; 290586; 15
1670090814.262971; 290611; 15
1670090814.287971; 290636; 15
1670090814.312971; 290661; 15
1670090814.337971; 290686; 14
1670090814.362971; 290711; 14
1670090814.387970; 290736; 14
1670090814.412971; 290761; 14
1670090814.437971; 290786; 15
1670090814.462971; 290811; 15
1670090814.487965; 290836; 15
1670090814.512965; 290861; 15
1670090814.537965; 290886; 15
1670090814.562965; 290911; 15
1670090814.587965; 290936; 15
1670090814.612965; 290961; 15
1670090814.637965; 290986; 15
1670090814.662965; 291011; 15
1670090814.687971; 291036; 15
1670090814.712965; 291061; 15
1670090814.737965; 291086; 15
1670090814.762965; 291111; 15
1670090814.787965; 291136; 15
1670090814.812965; 291161; 15
1670090814.837965; 291186; 15
1670090814.862965; 291211; 15
1670090814.887965; 291236; 15
1670090814.912965; 291261; 15
1670090814.937965; 291286; 15
1670090814.962965; 291311; 15
1670090814.987965; 291336; 15
1670090815.012965; 291361; 15
1670090815.037972; 291386; 15
1670090815.062972; 291411; 15
1670090815.087972; 291436; 15
1670090815.112972; 291461; 15
1670090815.137971; 291486; 15
1670090815.162971; 291511; 15
1670090815.187971; 291536; 15
1670090815.212965; 291561; 15
1670090815.237965; 291586; 15
1670090815.262965; 291611; 15
1670090815.287965; 291636; 15
1670090815.312971; 291661; 15
1670090815.337970; 291686; 15
1670090815.362970; 291711; 15
1670090815.387971; 291736; 15
1670090815.412971; 291761; 15
1670090815.437971; 291786; 15
1670090815.462971; 291811; 15
1670090815.487971; 291836; 15
1670090815.512971; 291861; 15
1670090815.537971; 291886; 15
1670090815.562971; 291911; 15
1670090815.587971; 291936; 15
1670090815.612971; 291961; 15
1670090815.637971; 291986; 15
1670090815.662971; 292011; 15
1670090815.687971; 292036; 15
1670090815.712971; 292061; 15
1670090815.737971; 292086; 15
1670090815.762971; 292111; 15
1670090815.787971; 292136; 15
1670090815.812965; 292161; 15
1670090815.837965; 292186; 15
1670090815.862965; 292211; 15
1670090815.887965; 292236; 15
1670090815.912965; 292261; 15
1670090815.937965; 292286; 15
1670090815.962965; 292311; 15
1670090815.987965; 292336; 16
1670090816.012965; 292361; 16
1670090816.037972; 292386; 16
1670090816.062972; 292411; 16
1670090816.087972; 292436; 15
1670090816.112972; 292461; 15
1670090816.137965; 292486; 15
1670090816.162965; 292511; 15
1670090816.187965; 292536; 15
1670090816.212971; 292561; 15
1670090816.237971; 292586; 15
1670090816.262971; 292611; 15
1670090816.287971; 292636; 15
1670090816.312965; 292661; 15
1670090816.337965; 292686; 15
1670090816.362965; 292711; 15
1670090816.387966; 292736; 16
1670090816.412973; 292761; 16
1670090816.437965; 292786; 16
1670090816.462965; 292811; 16
1670090816.487965; 292836; 16
1670090816.512966; 292861; 16
1670090816.537965; 292886; 16
1670090816.562965; 292911; 16
1670090816.587965; 292936; 16
1670090816.612965; 292961; 16
1670090816.637966; 292986; 16
1670090816.662965; 293011; 16
1670090816.687971; 293036; 17
1670090816.712965; 293061; 17
1670090816.737971; 293086; 17
1670090816.762971; 293111; 17
1670090816.787971; 293136; 17
1670090816.812971; 293161; 17
1670090816.837971; 293186; 17
1670090816.862971; 293211; 17
1670090816.887971; 293236; 18
1670090816.912971; 293261; 18
1670090816.937965; 293286; 18
1670090816.962965; 293311; 18
1670090816.987965; 293336; 18
1670090817.012965; 293361; 17
1670090817.037972; 293386; 17
1670090817.062972; 293411; 17
1670090817.087972; 293436; 17
1670090817.112972; 293461; 17
1670090817.137965; 293486; 17
1670090817.162965; 293511; 17
1670090817.187979; 293536; 17
1670090817.212966; 293561; 17
1670090817.237965; 293586; 17
1670090817.262965; 293611; 17
1670090817.287965; 293636; 17
1670090817.312965; 293661; 17
1670090817.337970; 293686; 17
1670090817.362971; 293711; 17
1670090817.387971; 293736; 17
1670090817.412971; 293761; 18
1670090817.437971; 293786; 18
1670090817.462971; 293811; 18
1670090817.487971; 293836; 18
1670090817.512971; 293861; 18
1670090817.537971; 293886; 18
1670090817.562971; 293911; 18
1670090817.587971; 293936; 18
1670090817.612971; 293961; 18
1670090817.637971; 293986; 18
1670090817.662971; 294011; 18
1670090817.687971; 294036; 18
1670090817.712971; 294061; 19
1670090817.737971; 294086; 19
1670090817.762971; 294111; 19
1670090817.787971; 294136; 19
1670090817.812970; 294161; 19
1670090817.837971; 294186; 19
1670090817.862971; 294211; 19
1670090817.887971; 294236; 19
1670090817.912971; 294261; 20
1670090817.937971; 294286; 20
1670090817.962965; 294311; 20
1670090817.987965; 294336; 20
1670090818.012965; 294361; 20
1670090818.037972; 294386; 20
1670090818.062972; 294411; 20
1670090818.087972; 294436; 20
1670090818.112972; 294461; 21
1670090818.137965; 294486; 21
1670090818.162971; 294511; 21
1670090818.187971; 294536; 21
1670090818.212971; 294561; 21
1670090818.237971; 294586; 22
1670090818.262971; 294611; 22
1670090818.287971; 294636; 22
1670090818.312971; 294661; 22
1670090818.337971; 294686; 22
1670090818.362965; 294711; 22
1670090818.387965; 294736; 22
1670090818.412965; 294761; 22
1670090818.437965; 294786; 23
1670090818.462965; 294811; 23
1670090818.487965; 294836; 23
1670090818.512965; 294861; 23
1670090818.537965; 294886; 24
1670090818.562968; 294911; 24
1670090818.587971; 294936; 24
1670090818.612971; 294961; 24
1670090818.637971; 294986; 24
1670090818.662971; 295011; 24
1670090818.687971; 295036; 24
1670090818.712965; 295061; 24
1670090818.737965; 295086; 23
1670090818.762965; 295111; 23
1670090818.787965; 295136; 23
1670090818.812965; 295161; 23
1670090818.837965; 295186; 24
1670090818.862965; 295211; 24
1670090818.887965; 295236; 24
1670090818.912965; 295261; 24
1670090818.937965; 295286; 23
1670090818.962965; 295311; 23
1670090818.987971; 295336; 23
1670090819.012971; 295361; 23
1670090819.037966; 295386; 22
1670090819.062966; 295411; 22
1670090819.087966; 295436; 22
1670090819.112966; 295461; 22
1670090819.137971; 295486; 21
1670090819.162971; 295511; 21
1670090819.187965; 295536; 21
1670090819.212965; 295561; 21
1670090819.237965; 295586; 21
1670090819.262965; 295611; 21
1670090819.287965; 295636; 21
1670090819.312965; 295661; 21
1670090819.337965; 295686; 21
1670090819.362965; 295711; 21
1670090819.387971; 295736; 21
1670090819.412971; 295761; 21
1670090819.437971; 295786; 21
1670090819.462970; 295811; 22
1670090819.487971; 295836; 22
1670090819.512971; 295861; 22
1670090819.537965; 295886; 22
1670090819.562965; 295911; 22
1670090819.587965; 295936; 22
1670090819.612965; 295961; 22
1670090819.637965; 295986; 22
1670090819.662965; 296011; 23
1670090819.687965; 296036; 23
1670090819.712965; 296061; 23
1670090819.737965; 296086; 23
1670090819.762965; 296111; 23
1670090819.787965; 296136; 23
1670090819.812965; 296161; 23
1670090819.837965; 296186; 23
1670090819.862971; 296211; 22
1670090819.887971; 296236; 22
1670090819.912971; 296261; 22
1670090819.937971; 296286; 22
1670090819.962971; 296311; 22
1670090819.987971; 296336; 22
1670090820.012971; 296361; 22
1670090820.037966; 296386; 22
1670090820.062967; 296411; 23
1670090820.087972; 296436; 23
1670090820.112972; 296461; 23
1670090820.137965; 296486; 23
1670090820.162965; 296511; 24
1670090820.187965; 296536; 24
1670090820.212965; 296561; 24
1670090820.237965; 296586; 24
1670090820.262965; 296611; 24
1670090820.287965; 296636; 24
1670090820.312965; 296661; 24
1670090820.337966; 296686; 24
1670090820.362971; 296711; 24
1670090820.387971; 296736; 24
1670090820.412965; 296761; 24
1670090820.437965; 296786; 24
1670090820.462965; 296811; 25
1670090820.487979; 296836; 25
1670090820.512986; 296861; 25
1670090820.537971; 296886; 25
1670090820.562971; 296911; 25
1670090820.587971; 296936; 26
1670090820.612965; 296961; 26
1670090820.637965; 296986; 26
1670090820.662965; 297011; 26
1670090820.687965; 297036; 26
1670090820.712965; 297061; 26
1670090820.737965; 297086; 26
1670090820.762965; 297111; 26
1670090820.787965; 297136; 26
1670090820.812965; 297161; 26
1670090820.837971; 297186; 26
1670090820.862971; 297211; 26
1670090820.887971; 297236; 27
1670090820.912970; 297261; 27
1670090820.937971; 297286; 27
1670090820.962971; 297311; 27
1670090820.987970; 297336; 29
1670090821.012971; 297361; 29
1670090821.037972; 297386; 29
1670090821.062972; 297411; 29
1670090821.087972; 297436; 30
1670090821.112972; 297461; 30
1670090821.137971; 297486; 30
1670090821.162971; 297511; 30
1670090821.187971; 297536; 30
1670090821.212965; 297561; 30
1670090821.237965; 297586; 30
1670090821.262965; 297611; 30
1670090821.287965; 297636; 31
1670090821.312965; 297661; 31
1670090821.337965; 297686; 31
1670090821.362965; 297711; 31
1670090821.387970; 297736; 30
1670090821.412971; 297761; 30
1670090821.438005; 297786; 30
1670090821.462971; 297811; 30
1670090821.487971; 297836; 35
1670090821.512971; 297861; 35
1670090821.537971; 297886; 35
1670090821.562971; 297911; 35
1670090821.587971; 297936; 37
1670090821.612971; 297961; 37
1670090821.637965; 297986; 37
1670090821.662965; 298011; 37
1670090821.687965; 298036; 37
1670090821.712965; 298061; 39
1670090821.737965; 298086; 39
1670090821.762971; 298111; 39
1670090821.787971; 298136; 39
1670090821.812971; 298161; 48
1670090821.837971; 298186; 48
1670090821.862965; 298211; 48
1670090821.887965; 298236; 48
1670090821.912965; 298261; 47
1670090821.937965; 298286; 47
1670090821.962965; 298311; 47
1670090821.987965; 298336; 47
1670090822.012965; 298361; 35
1670090822.037972; 298386; 35
1670090822.062966; 298411; 35
1670090822.087967; 298436; 35
1670090822.112966; 298461; 22
1670090822.137971; 298486; 22
1670090822.162965; 298511; 22
1670090822.187965; 298536; 22
1670090822.212971; 298561; 22
1670090822.237971; 298586; 22
1670090822.262965; 298611; 22
1670090822.287965; 298636; 22
1670090822.312966; 298661; 22
1670090822.337965; 298686; 22
1670090822.362965; 298711; 22
1670090822.387965; 298736; 22
1670090822.412965; 298761; 22
1670090822.437966; 298786; 22
1670090822.462971; 298811; 22
1670090822.487971; 298836; 22
1670090822.512971; 298861; 22
1670090822.537971; 298886; 22
1670090822.562971; 298911; 22
1670090822.587971; 298936; 22
1670090822.612971; 298961; 23
1670090822.637971; 298986; 23
1670090822.662965; 299011; 23
1670090822.687965; 299036; 23
1670090822.712971; 299061; 22
1670090822.737971; 299086; 22
1670090822.762970; 299111; 22
1670090822.787971; 299136; 22
1670090822.812970; 299161; 22
1670090822.837971; 299186; 22
1670090822.862973; 299211; 22
1670090822.887965; 299236; 22
1670090822.912965; 299261; 22
1670090822.937965; 299286; 22
1670090822.962965; 299311; 22
1670090822.987965; 299336; 22
1670090823.012965; 299361; 22
1670090823.037972; 299386; 22
1670090823.062972; 299411; 22
1670090823.087972; 299436; 22
1670090823.112972; 299461; 22
1670090823.137965; 299486; 22
1670090823.162965; 299511; 22
1670090823.187965; 299536; 22
1670090823.212965; 299561; 22
1670090823.237965; 299586; 23
1670090823.262965; 299611; 23
1670090823.287971; 299636; 23
1670090823.312971; 299661; 23
1670090823.337971; 299686; 24
1670090823.362971; 299711; 24
1670090823.387971; 299736; 24
1670090823.412967; 299761; 24
1670090823.437971; 299786; 23
1670090823.462971; 299811; 23
1670090823.487965; 299836; 23
1670090823.512965; 299861; 23
1670090823.537965; 299886; 22
1670090823.562965; 299911; 22
1670090823.587966; 299936; 22
1670090823.612965; 299961; 22
1670090823.637965; 299986; 22
1670090823.662965; 300011; 22
1670090823.687971; 300036; 22
1670090823.712965; 300061; 22
1670090823.737965; 300086; 23
1670090823.762965; 300111; 23
1670090823.787965; 300136; 23
1670090823.812973; 300161; 23
1670090823.837972; 300186; 23
1670090823.862965; 300211; 23
1670090823.887968; 300236; 23
1670090823.912971; 300261; 23
1670090823.937971; 300286; 23
1670090823.962971; 300311; 23
1670090823.987971; 300336; 23
1670090824.012971; 300361; 23
1670090824.037966; 300386; 23
1670090824.062966; 300411; 23
1670090824.087967; 300436; 23
1670090824.112967; 300461; 23
1670090824.137971; 300486; 23
1670090824.162971; 300511; 24
1670090824.187970; 300536; 24
1670090824.212965; 300561; 24
1670090824.237965; 300586; 24
1670090824.262994; 300611; 25
1670090824.287993; 300636; 25
1670090824.313007; 300661; 25
1670090824.337969; 300686; 25
1670090824.362965; 300711; 25
1670090824.387965; 300736; 25
1670090824.412966; 300761; 25
1670090824.437965; 300786; 25
1670090824.462971; 300811; 25
1670090824.487971; 300836; 25
1670090824.512970; 300861; 25
1670090824.537971; 300886; 25
1670090824.562971; 300911; 26
1670090824.587971; 300936; 26
1670090824.612971; 300961; 26
1670090824.637971; 300986; 26
1670090824.662971; 301011; 25
1670090824.687971; 301036; 25
1670090824.712965; 301061; 25
1670090824.737965; 301086; 25
1670090824.762965; 301111; 24
1670090824.787965; 301136; 24
1670090824.812965; 301161; 24
1670090824.837966; 301186; 24
1670090824.862965; 301211; 25
1670090824.887965; 301236; 25
1670090824.912965; 301261; 25
1670090824.937966; 301286; 25
1670090824.962965; 301311; 24
1670090824.987965; 301336; 24
1670090825.012965; 301361; 24
1670090825.037972; 301386; 24
1670090825.062972; 301411; 23
1670090825.087972; 301436; 23
1670090825.112972; 301461; 23
1670090825.137971; 301486; 23
1670090825.162971; 301511; 23
1670090825.187971; 301536; 23
1670090825.212965; 301561; 23
1670090825.237971; 301586; 23
1670090825.262971; 301611; 23
1670090825.287971; 301636; 23
1670090825.312971; 301661; 23
1670090825.337966; 301686; 23
1670090825.362965; 301711; 23
1670090825.387971; 301736; 22
1670090825.412965; 301761; 22
1670090825.437965; 301786; 22
1670090825.462965; 301811; 22
1670090825.487971; 301836; 22
1670090825.512971; 301861; 22
1670090825.537971; 301886; 22
1670090825.562971; 301911; 22
1670090825.587971; 301936; 23
1670090825.612971; 301961; 23
1670090825.637971; 301986; 23
1670090825.662971; 302011; 23
1670090825.687971; 302036; 23
1670090825.712965; 302061; 23
1670090825.737965; 302086; 23
1670090825.762965; 302111; 23
1670090825.787965; 302136; 23
1670090825.812965; 302161; 23
1670090825.837965; 302186; 23
1670090825.862965; 302211; 23
1670090825.887965; 302236; 23
1670090825.912965; 302261; 23
1670090825.937971; 302286; 23
1670090825.962971; 302311; 23
1670090825.987992; 302336; 23
1670090826.012965; 302361; 23
1670090826.037972; 302386; 23
1670090826.062972; 302411; 23
1670090826.087972; 302436; 22
1670090826.112972; 302461; 22
1670090826.137965; 302486; 22
1670090826.162965; 302511; 22
1670090826.187965; 302536; 23
1670090826.212971; 302561; 23
1670090826.237971; 302586; 23
1670090826.262971; 302611; 23
1670090826.287971; 302636; 23
1670090826.312971; 302661; 23
1670090826.337971; 302686; 23
1670090826.362971; 302711; 23
1670090826.387970; 302736; 23
1670090826.412971; 302761; 24
1670090826.437971; 302786; 24
1670090826.462971; 302811; 24
1670090826.487971; 302836; 24
1670090826.512971; 302861; 24
1670090826.537971; 302886; 24
1670090826.562965; 302911; 24
1670090826.587965; 302936; 24
1670090826.612966; 302961; 24
1670090826.637965; 302986; 24
1670090826.662966; 303011; 24
1670090826.687965; 303036; 24
1670090826.712970; 303061; 24
1670090826.737971; 303086; 24
1670090826.762965; 303111; 24
1670090826.787965; 303136; 24
1670090826.812965; 303161; 24
1670090826.837965; 303186; 24
1670090826.862965; 303211; 24
1670090826.887966; 303236; 24
1670090826.912965; 303261; 24
1670090826.937965; 303286; 24
1670090826.962965; 303311; 24
1670090826.987965; 303336; 24
1670090827.012965; 303361; 24
1670090827.037972; 303386; 24
1670090827.062972; 303411; 24
1670090827.087972; 303436; 24
1670090827.112980; 303461; 24
1670090827.137966; 303486; 24
1670090827.162965; 303511; 24
1670090827.187971; 303536; 24
1670090827.212965; 303561; 23
1670090827.237965; 303586; 23
1670090827.262965; 303611; 23
1670090827.287965; 303636; 23
1670090827.312965; 303661; 23
1670090827.337965; 303686; 23
1670090827.362965; 303711; 23
1670090827.387965; 303736; 23
1670090827.412965; 303761; 22
1670090827.437966; 303786; 22
1670090827.462965; 303811; 22
1670090827.487965; 303836; 22
1670090827.512965; 303861; 22
1670090827.537965; 303886; 21
1670090827.562965; 303911; 21
1670090827.587971; 303936; 21
1670090827.612971; 303961; 21
1670090827.637971; 303986; 21
1670090827.662971; 304011; 21
1670090827.687971; 304036; 21
1670090827.712971; 304061; 21
1670090827.737970; 304086; 19
1670090827.762971; 304111; 19
1670090827.787971; 304136; 19
1670090827.812971; 304161; 19
1670090827.837971; 304186; 19
1670090827.862971; 304211; 19
1670090827.887971; 304236; 19
1670090827.912971; 304261; 19
1670090827.937971; 304286; 18
1670090827.962971; 304311; 18
1670090827.987971; 304336; 18
1670090828.012971; 304361; 18
1670090828.037967; 304386; 16
1670090828.062967; 304411; 16
1670090828.087966; 304436; 16
1670090828.112966; 304461; 16
1670090828.137971; 304486; 16
1670090828.162971; 304511; 16
1670090828.187978; 304536; 16
1670090828.212965; 304561; 16
1670090828.237965; 304586; 15
1670090828.262965; 304611; 15
1670090828.287965; 304636; 15
1670090828.312971; 304661; 15
1670090828.337971; 304686; 16
1670090828.362971; 304711; 16
1670090828.387971; 304736; 16
1670090828.412971; 304761; 16
1670090828.437971; 304786; 16
1670090828.462971; 304811; 16
1670090828.487971; 304836; 16
1670090828.512971; 304861; 16
1670090828.537971; 304886; 16
1670090828.562971; 304911; 16
1670090828.587971; 304936; 16
1670090828.612965; 304961; 16
1670090828.637965; 304986; 16
1670090828.662965; 305011; 16
1670090828.687965; 305036; 16
1670090828.712965; 305061; 16
1670090828.737965; 305086; 16
1670090828.762965; 305111; 17
1670090828.787965; 305136; 17
1670090828.812971; 305161; 17
1670090828.837971; 305186; 17
1670090828.862971; 305211; 17
1670090828.887971; 305236; 17
1670090828.912965; 305261; 17
1670090828.937965; 305286; 17
1670090828.962965; 305311; 17
1670090828.987965; 305336; 17
1670090829.012966; 305361; 17
1670090829.037972; 305386; 17
1670090829.062972; 305411; 17
1670090829.087972; 305436; 17
1670090829.112972; 305461; 17
1670090829.137966; 305486; 17
1670090829.162965; 305511; 17
1670090829.187965; 305536; 17
1670090829.212965; 305561; 17
1670090829.237965; 305586; 17
1670090829.262966; 305611; 18
1670090829.287966; 305636; 18
1670090829.312965; 305661; 18
1670090829.337965; 305686; 18
1670090829.362965; 305711; 19
1670090829.387966; 305736; 19
1670090829.412965; 305761; 19
1670090829.437965; 305786; 19
1670090829.462965; 305811; 19
1670090829.487966; 305836; 19
1670090829.512965; 305861; 19
1670090829.537965; 305886; 19
1670090829.562965; 305911; 19
1670090829.587965; 305936; 19
1670090829.612965; 305961; 19
1670090829.637971; 305986; 19
1670090829.662970; 306011; 19
1670090829.687971; 306036; 19
1670090829.712965; 306061; 19
1670090829.737965; 306086; 19
1670090829.762965; 306111; 21
1670090829.787965; 306136; 21
1670090829.812965; 306161; 21
1670090829.837966; 306186; 21
1670090829.862965; 306211; 21
1670090829.887965; 306236; 25
1670090829.912965; 306261; 25
1670090829.937965; 306286; 25
1670090829.962965; 306311; 25
1670090829.987965; 306336; 24
1670090830.012965; 306361; 24
1670090830.037972; 306386; 24
1670090830.062972; 306411; 24
1670090830.087972; 306436; 22
1670090830.112972; 306461; 22
1670090830.137965; 306486; 22
1670090830.162965; 306511; 22
1670090830.187971; 306536; 22
1670090830.212971; 306561; 22
1670090830.237971; 306586; 22
1670090830.262971; 306611; 22
1670090830.287971; 306636; 23
1670090830.312971; 306661; 23
1670090830.337970; 306686; 23
1670090830.362971; 306711; 23
1670090830.387970; 306736; 27
1670090830.412979; 306761; 27
1670090830.437967; 306786; 27
1670090830.462971; 306811; 27
1670090830.487971; 306836; 30
1670090830.512971; 306861; 30
1670090830.537971; 306886; 30
1670090830.562971; 306911; 30
1670090830.587971; 306936; 29
1670090830.612971; 306961; 29
1670090830.637970; 306986; 29
1670090830.662971; 307011; 29
1670090830.687971; 307036; 27
1670090830.712965; 307061; 27
1670090830.737965; 307086; 27
1670090830.762965; 307111; 27
1670090830.787965; 307136; 25
