1670089838.019819; 246693; 17
1670089838.044678; 246718; 17
1670089838.069672; 246743; 17
1670089838.094672; 246768; 17
1670089838.119672; 246793; 17
1670089838.144685; 246818; 17
1670089838.169676; 246843; 17
1670089838.194671; 246868; 16
1670089838.219671; 246893; 16
1670089838.244679; 246918; 16
1670089838.269676; 246943; 16
1670089838.294674; 246968; 17
1670089838.319674; 246993; 17
1670089838.344675; 247018; 17
1670089838.369676; 247043; 17
1670089838.394675; 247068; 17
1670089838.419674; 247093; 17
1670089838.444679; 247118; 17
1670089838.469676; 247143; 17
1670089838.494674; 247168; 17
1670089838.519675; 247193; 17
1670089838.675357; 247348; 17
1670089838.699676; 247373; 17
1670089838.724674; 247398; 16
1670089838.749675; 247423; 16
1670089838.774679; 247448; 16
1670089838.799672; 247473; 16
1670089838.824675; 247498; 17
1670089838.849674; 247523; 17
1670089838.874675; 247548; 17
1670089838.899672; 247573; 17
1670089838.924675; 247598; 17
1670089838.949675; 247623; 17
1670089838.974674; 247648; 17
1670089838.999679; 247673; 17
1670089839.024676; 247698; 17
1670089839.049676; 247723; 17
1670089839.074676; 247748; 17
1670089839.099680; 247773; 17
1670089839.124673; 247798; 17
1670089839.149674; 247823; 17
1670089839.174674; 247848; 17
1670089839.199679; 247873; 17
1670089839.224676; 247898; 17
1670089839.249675; 247923; 17
1670089839.274675; 247948; 17
1670089839.299675; 247973; 17
1670089839.324676; 247998; 17
1670089839.349674; 248023; 17
1670089839.374671; 248048; 17
1670089839.399678; 248073; 17
1670089839.424676; 248098; 17
1670089839.449674; 248123; 17
1670089839.474674; 248148; 17
1670089839.499679; 248173; 17
1670089839.524676; 248198; 17
1670089839.549675; 248223; 17
1670089839.574675; 248248; 17
1670089839.599679; 248273; 17
1670089839.624672; 248298; 17
1670089839.649675; 248323; 17
1670089839.674674; 248348; 17
1670089839.699679; 248373; 17
1670089839.724676; 248398; 17
1670089839.749674; 248423; 17
1670089839.774675; 248448; 17
1670089839.799674; 248473; 17
1670089839.824679; 248498; 17
1670089839.849676; 248523; 17
1670089839.874675; 248548; 17
1670089839.899674; 248573; 17
1670089839.924679; 248598; 17
1670089839.949676; 248623; 17
1670089839.974670; 248648; 17
1670089839.999671; 248673; 17
1670089840.024679; 248698; 17
1670089840.049673; 248723; 18
1670089840.074672; 248748; 18
1670089840.099672; 248773; 18
1670089840.124676; 248798; 18
1670089840.149676; 248823; 19
1670089840.174674; 248848; 19
1670089840.199674; 248873; 19
1670089840.224675; 248898; 19
1670089840.249672; 248923; 20
1670089840.274674; 248948; 20
1670089840.299674; 248973; 20
1670089840.324679; 248998; 20
1670089840.349676; 249023; 20
1670089840.374671; 249048; 20
1670089840.399671; 249073; 20
1670089840.424679; 249098; 20
1670089840.449676; 249123; 19
1670089840.474674; 249148; 19
1670089840.499674; 249173; 19
1670089840.524678; 249198; 19
1670089840.549677; 249223; 19
1670089840.574670; 249248; 19
1670089840.599670; 249273; 19
1670089840.624671; 249298; 19
1670089840.649679; 249323; 20
1670089840.674676; 249348; 20
1670089840.699674; 249373; 20
1670089840.724674; 249398; 20
1670089840.749679; 249423; 20
1670089840.774676; 249448; 20
1670089840.799675; 249473; 20
1670089840.824674; 249498; 20
1670089840.849675; 249523; 20
1670089840.874672; 249548; 20
1670089840.899675; 249573; 20
1670089840.924675; 249598; 20
1670089840.949675; 249623; 20
1670089840.974676; 249648; 20
1670089840.999674; 249673; 20
1670089841.024674; 249698; 20
1670089841.049680; 249723; 20
1670089841.074677; 249748; 19
1670089841.099676; 249773; 19
1670089841.124676; 249798; 19
1670089841.149683; 249823; 19
1670089841.174676; 249848; 19
1670089841.199675; 249873; 19
1670089841.224675; 249898; 19
1670089841.249675; 249923; 19
1670089841.274672; 249948; 19
1670089841.299674; 249973; 19
1670089841.324674; 249998; 19
1670089841.349678; 250023; 19
1670089841.374673; 250048; 19
1670089841.399675; 250073; 19
1670089841.424674; 250098; 19
1670089841.449675; 250123; 19
1670089841.474675; 250148; 19
1670089841.499676; 250173; 19
1670089841.524674; 250198; 19
1670089841.549675; 250223; 19
1670089841.574683; 250248; 19
1670089841.599676; 250273; 19
1670089841.624674; 250298; 19
1670089841.649674; 250323; 19
1670089841.674679; 250348; 19
1670089841.699676; 250373; 19
1670089841.724671; 250398; 19
1670089841.749675; 250423; 19
1670089841.774675; 250448; 19
1670089841.799676; 250473; 19
1670089841.824671; 250498; 19
1670089841.849671; 250523; 19
1670089841.874675; 250548; 19
1670089841.899676; 250573; 19
1670089841.924675; 250598; 19
1670089841.949674; 250623; 19
1670089841.974683; 250648; 19
1670089841.999676; 250673; 19
1670089842.024674; 250698; 19
1670089842.049672; 250723; 19
1670089842.074680; 250748; 18
1670089842.099677; 250773; 18
1670089842.124676; 250798; 18
1670089842.149675; 250823; 18
1670089842.174674; 250848; 18
1670089842.199679; 250873; 18
1670089842.224676; 250898; 18
1670089842.249674; 250923; 18
1670089842.274670; 250948; 18
1670089842.299679; 250973; 17
1670089842.324676; 250998; 17
1670089842.349675; 251023; 17
1670089842.374671; 251048; 17
1670089842.399679; 251073; 18
1670089842.424676; 251098; 18
1670089842.449671; 251123; 18
1670089842.474675; 251148; 18
1670089842.499679; 251173; 19
1670089842.524676; 251198; 19
1670089842.549674; 251223; 19
1670089842.574665; 251248; 19
1670089842.599679; 251273; 19
1670089842.624676; 251298; 19
1670089842.649674; 251323; 19
1670089842.674674; 251348; 19
1670089842.699675; 251373; 18
1670089842.724676; 251398; 18
1670089842.749674; 251423; 18
1670089842.774674; 251448; 18
1670089842.799683; 251473; 18
1670089842.824676; 251498; 18
1670089842.849675; 251523; 18
1670089842.874675; 251548; 18
1670089842.899675; 251573; 18
1670089842.924672; 251598; 18
1670089842.949675; 251623; 18
1670089842.974675; 251648; 18
1670089842.999674; 251673; 18
1670089843.024679; 251698; 18
1670089843.049677; 251723; 18
1670089843.074676; 251748; 18
1670089843.099676; 251773; 18
1670089843.124680; 251798; 18
1670089843.149676; 251823; 18
1670089843.174674; 251848; 18
1670089843.199674; 251873; 18
1670089843.224679; 251898; 18
1670089843.249676; 251923; 18
1670089843.274675; 251948; 18
1670089843.299671; 251973; 18
1670089843.324675; 251998; 18
1670089843.349672; 252023; 18
1670089843.374670; 252048; 18
1670089843.399671; 252073; 18
1670089843.424679; 252098; 18
1670089843.449676; 252123; 18
1670089843.474671; 252148; 18
1670089843.499671; 252173; 18
1670089843.524679; 252198; 18
1670089843.549676; 252223; 18
1670089843.574674; 252248; 18
1670089843.599676; 252273; 18
1670089843.624679; 252298; 18
1670089843.649676; 252323; 18
1670089843.674675; 252348; 18
1670089843.699675; 252373; 18
1670089843.724674; 252398; 17
1670089843.749677; 252423; 17
1670089843.774671; 252448; 17
1670089843.799670; 252473; 17
1670089843.824671; 252498; 17
1670089843.849679; 252523; 17
1670089843.874676; 252548; 17
1670089843.899675; 252573; 17
1670089843.924671; 252598; 18
1670089843.949679; 252623; 18
1670089843.974676; 252648; 18
1670089843.999674; 252673; 18
1670089844.024691; 252698; 18
1670089844.049680; 252723; 18
1670089844.074673; 252748; 18
1670089844.099687; 252773; 18
1670089844.124672; 252798; 18
1670089844.149675; 252823; 18
1670089844.174676; 252848; 18
1670089844.199674; 252873; 18
1670089844.224674; 252898; 17
1670089844.249679; 252923; 17
1670089844.274676; 252948; 17
1670089844.299674; 252973; 17
1670089844.324671; 252998; 18
1670089844.349679; 253023; 18
1670089844.374672; 253048; 18
1670089844.399675; 253073; 18
1670089844.424674; 253098; 18
1670089844.449683; 253123; 18
1670089844.474676; 253148; 18
1670089844.499674; 253173; 18
1670089844.524712; 253198; 18
1670089844.549674; 253223; 17
1670089844.574677; 253248; 17
1670089844.599671; 253273; 17
1670089844.624674; 253298; 17
1670089844.649674; 253323; 17
1670089844.674675; 253348; 17
1670089844.699676; 253373; 17
1670089844.724674; 253398; 17
1670089844.749675; 253423; 17
1670089844.774676; 253448; 17
1670089844.799676; 253473; 17
1670089844.824675; 253498; 17
1670089844.849674; 253523; 18
1670089844.874683; 253548; 18
1670089844.899676; 253573; 18
1670089844.924674; 253598; 18
1670089844.949675; 253623; 18
1670089844.974679; 253648; 18
1670089844.999676; 253673; 18
1670089845.024670; 253698; 18
1670089845.049676; 253723; 17
1670089845.074680; 253748; 17
1670089845.099677; 253773; 17
1670089845.124676; 253798; 17
1670089845.149675; 253823; 17
1670089845.174675; 253848; 17
1670089845.199672; 253873; 17
1670089845.224675; 253898; 17
1670089845.249674; 253923; 17
1670089845.274679; 253948; 17
1670089845.299676; 253973; 17
1670089845.324674; 253998; 17
1670089845.349675; 254023; 17
1670089845.374671; 254048; 17
1670089845.399675; 254073; 17
1670089845.424672; 254098; 17
1670089845.449671; 254123; 17
1670089845.474675; 254148; 17
1670089845.499675; 254173; 17
1670089845.524672; 254198; 17
1670089845.549675; 254223; 17
1670089845.574675; 254248; 17
1670089845.599675; 254273; 17
1670089845.624676; 254298; 17
1670089845.649674; 254323; 17
1670089845.674674; 254348; 17
1670089845.699679; 254373; 17
1670089845.724676; 254398; 17
1670089845.749671; 254423; 17
1670089845.774675; 254448; 17
1670089845.799679; 254473; 17
1670089845.824676; 254498; 17
1670089845.849675; 254523; 17
1670089845.874675; 254548; 17
1670089845.899675; 254573; 17
1670089845.924676; 254598; 17
1670089845.949674; 254623; 17
1670089845.974671; 254648; 17
1670089845.999679; 254673; 17
1670089846.024676; 254698; 17
1670089846.049676; 254723; 17
1670089846.074676; 254748; 17
1670089846.099680; 254773; 17
1670089846.124673; 254798; 17
1670089846.149674; 254823; 17
1670089846.174675; 254848; 17
1670089846.199675; 254873; 17
1670089846.224679; 254898; 17
1670089846.249676; 254923; 17
1670089846.274671; 254948; 17
1670089846.299675; 254973; 17
1670089846.324675; 254998; 17
1670089846.349676; 255023; 17
1670089846.374675; 255048; 17
1670089846.399675; 255073; 17
1670089846.424675; 255098; 17
1670089846.449672; 255123; 17
1670089846.474675; 255148; 17
1670089846.499675; 255173; 17
1670089846.524683; 255198; 17
1670089846.549676; 255223; 17
1670089846.574675; 255248; 17
1670089846.599675; 255273; 17
1670089846.624675; 255298; 17
1670089846.649676; 255323; 17
1670089846.674674; 255348; 17
1670089846.699674; 255373; 17
1670089846.724679; 255398; 17
1670089846.749676; 255423; 17
1670089846.774675; 255448; 17
1670089846.799675; 255473; 17
1670089846.824675; 255498; 17
1670089846.849676; 255523; 17
1670089846.874674; 255548; 17
1670089846.899674; 255573; 17
1670089846.924678; 255598; 17
1670089846.949677; 255623; 17
1670089846.974671; 255648; 17
1670089846.999675; 255673; 17
1670089847.024675; 255698; 17
1670089847.049676; 255723; 17
1670089847.074673; 255748; 17
1670089847.099672; 255773; 17
1670089847.124672; 255798; 17
1670089847.149679; 255823; 17
1670089847.174676; 255848; 17
1670089847.199671; 255873; 17
1670089847.224671; 255898; 17
1670089847.249679; 255923; 17
1670089847.274676; 255948; 17
1670089847.299675; 255973; 17
1670089847.324675; 255998; 17
1670089847.349679; 256023; 17
1670089847.374672; 256048; 17
1670089847.399670; 256073; 17
1670089847.424671; 256098; 17
1670089847.449679; 256123; 17
1670089847.474676; 256148; 17
1670089847.499671; 256173; 17
1670089847.524675; 256198; 17
1670089847.549675; 256223; 17
1670089847.574672; 256248; 17
1670089847.599677; 256273; 17
1670089847.624671; 256298; 17
1670089847.649679; 256323; 17
1670089847.674676; 256348; 17
1670089847.699674; 256373; 17
1670089847.724674; 256398; 17
1670089847.749678; 256423; 17
1670089847.774677; 256448; 17
1670089847.799675; 256473; 17
1670089847.824671; 256498; 17
1670089847.849674; 256523; 17
1670089847.874679; 256548; 17
1670089847.899676; 256573; 17
1670089847.924674; 256598; 17
1670089847.949674; 256623; 17
1670089847.974675; 256648; 17
1670089847.999676; 256673; 17
1670089848.024675; 256698; 17
1670089848.049676; 256723; 17
1670089848.074680; 256748; 17
1670089848.099677; 256773; 17
1670089848.124676; 256798; 17
1670089848.149674; 256823; 17
1670089848.174679; 256848; 17
1670089848.199676; 256873; 17
1670089848.224675; 256898; 17
1670089848.249675; 256923; 17
1670089848.274679; 256948; 17
1670089848.299676; 256973; 17
1670089848.324674; 256998; 17
1670089848.349674; 257023; 17
1670089848.374675; 257048; 17
1670089848.399676; 257073; 17
1670089848.424675; 257098; 17
1670089848.449675; 257123; 17
1670089848.474675; 257148; 17
1670089848.499676; 257173; 17
1670089848.524674; 257198; 17
1670089848.549674; 257223; 17
1670089848.574674; 257248; 17
1670089848.599679; 257273; 17
1670089848.624672; 257298; 17
1670089848.649675; 257323; 17
1670089848.674671; 257348; 17
1670089848.699675; 257373; 17
1670089848.724676; 257398; 17
1670089848.749675; 257423; 17
1670089848.774675; 257448; 17
1670089848.799675; 257473; 17
1670089848.824676; 257498; 17
1670089848.849671; 257523; 17
1670089848.874675; 257548; 17
1670089848.899675; 257573; 17
1670089848.924676; 257598; 17
1670089848.949674; 257623; 17
1670089848.974674; 257648; 17
1670089848.999683; 257673; 17
1670089849.024693; 257698; 18
1670089849.049672; 257723; 18
1670089849.074672; 257748; 18
1670089849.099676; 257773; 18
1670089849.124673; 257798; 18
1670089849.149675; 257823; 17
1670089849.174675; 257848; 17
1670089849.199675; 257873; 17
1670089849.224676; 257898; 17
1670089849.249675; 257923; 17
1670089849.274675; 257948; 17
1670089849.299675; 257973; 17
1670089849.324672; 257998; 17
1670089849.349675; 258023; 18
1670089849.374670; 258048; 18
1670089849.399670; 258073; 18
1670089849.424679; 258098; 18
1670089849.449672; 258123; 18
1670089849.474675; 258148; 18
1670089849.499675; 258173; 18
1670089849.524679; 258198; 18
1670089849.549676; 258223; 18
1670089849.574675; 258248; 18
1670089849.599675; 258273; 18
1670089849.624675; 258298; 18
1670089849.649672; 258323; 17
1670089849.674674; 258348; 17
1670089849.699675; 258373; 17
1670089849.724675; 258398; 17
1670089849.749676; 258423; 17
1670089849.774674; 258448; 17
1670089849.799674; 258473; 17
1670089849.824683; 258498; 17
1670089849.849689; 258523; 17
1670089849.874675; 258548; 17
1670089849.899675; 258573; 17
1670089849.924679; 258598; 17
1670089849.949676; 258623; 18
1670089849.974671; 258648; 18
1670089849.999675; 258673; 18
1670089850.024675; 258698; 18
1670089850.049677; 258723; 17
1670089850.074672; 258748; 17
1670089850.099672; 258773; 17
1670089850.124680; 258798; 17
1670089850.149673; 258823; 17
1670089850.174675; 258848; 17
1670089850.199675; 258873; 17
1670089850.224674; 258898; 17
1670089850.249683; 258923; 17
1670089850.274676; 258948; 17
1670089850.299674; 258973; 17
1670089850.324674; 258998; 17
1670089850.349679; 259023; 17
1670089850.374672; 259048; 18
1670089850.399675; 259073; 18
1670089850.424675; 259098; 18
1670089850.449675; 259123; 18
1670089850.474676; 259148; 18
1670089850.499675; 259173; 18
1670089850.524675; 259198; 18
1670089850.549675; 259223; 18
1670089850.574672; 259248; 17
1670089850.599675; 259273; 17
1670089850.624675; 259298; 17
1670089850.649683; 259323; 17
1670089850.674672; 259348; 17
1670089850.699674; 259373; 17
1670089850.724674; 259398; 17
1670089850.749679; 259423; 17
1670089850.774676; 259448; 17
1670089850.799674; 259473; 17
1670089850.824674; 259498; 17
1670089850.849675; 259523; 17
1670089850.874676; 259548; 18
1670089850.899671; 259573; 18
1670089850.924675; 259598; 18
1670089850.949678; 259623; 18
1670089850.974677; 259648; 18
1670089850.999671; 259673; 18
1670089851.024675; 259698; 18
1670089851.049676; 259723; 18
1670089851.074684; 259748; 17
1670089851.099677; 259773; 17
1670089851.124682; 259798; 17
1670089851.149675; 259823; 17
1670089851.174679; 259848; 18
1670089851.199676; 259873; 18
1670089851.224674; 259898; 18
1670089851.249674; 259923; 18
1670089851.274679; 259948; 18
1670089851.299672; 259973; 18
1670089851.324675; 259998; 18
1670089851.349675; 260023; 18
1670089851.374679; 260048; 18
1670089851.399676; 260073; 18
1670089851.424674; 260098; 18
1670089851.449674; 260123; 18
1670089851.474683; 260148; 18
1670089851.499676; 260173; 18
1670089851.524675; 260198; 18
1670089851.549674; 260223; 18
1670089851.574679; 260248; 18
1670089851.599676; 260273; 18
1670089851.624671; 260298; 18
1670089851.649675; 260323; 18
1670089851.674675; 260348; 18
1670089851.699676; 260373; 18
1670089851.724674; 260398; 18
1670089851.749675; 260423; 18
1670089851.774675; 260448; 18
1670089851.799675; 260473; 18
1670089851.824676; 260498; 18
1670089851.849675; 260523; 18
1670089851.874674; 260548; 18
1670089851.899683; 260573; 18
1670089851.924676; 260598; 18
1670089851.949675; 260623; 18
1670089851.974675; 260648; 18
1670089851.999679; 260673; 17
1670089852.024676; 260698; 17
1670089852.049676; 260723; 17
1670089852.074676; 260748; 17
1670089852.099676; 260773; 18
1670089852.124677; 260798; 18
1670089852.149671; 260823; 18
1670089852.174671; 260848; 18
1670089852.199679; 260873; 18
1670089852.224676; 260898; 18
1670089852.249675; 260923; 18
1670089852.274675; 260948; 18
1670089852.299683; 260973; 18
1670089852.324672; 260998; 18
1670089852.349675; 261023; 18
1670089852.374671; 261048; 18
1670089852.399675; 261073; 18
1670089852.424672; 261098; 18
1670089852.449675; 261123; 18
1670089852.474675; 261148; 18
1670089852.499675; 261173; 18
1670089852.524676; 261198; 18
1670089852.549675; 261223; 18
1670089852.574675; 261248; 18
1670089852.599675; 261273; 18
1670089852.624675; 261298; 18
1670089852.649672; 261323; 18
1670089852.674675; 261348; 18
1670089852.699675; 261373; 18
1670089852.724679; 261398; 18
1670089852.749676; 261423; 18
1670089852.774675; 261448; 18
1670089852.799675; 261473; 18
1670089852.824679; 261498; 18
1670089852.849676; 261523; 18
1670089852.874674; 261548; 18
1670089852.899675; 261573; 18
1670089852.924679; 261598; 18
1670089852.949676; 261623; 18
1670089852.974671; 261648; 18
1670089852.999670; 261673; 18
1670089853.024679; 261698; 18
1670089853.049677; 261723; 18
1670089853.074676; 261748; 18
1670089853.099676; 261773; 18
1670089853.124684; 261798; 19
1670089853.149672; 261823; 19
1670089853.174670; 261848; 19
1670089853.199671; 261873; 19
1670089853.224675; 261898; 19
1670089853.249672; 261923; 19
1670089853.274675; 261948; 19
1670089853.299675; 261973; 19
1670089853.324678; 261998; 18
1670089853.349677; 262023; 18
1670089853.374675; 262048; 18
1670089853.399675; 262073; 18
1670089853.424675; 262098; 18
1670089853.449675; 262123; 18
1670089853.474673; 262148; 18
1670089853.499678; 262173; 18
1670089853.524669; 262198; 19
1670089853.549678; 262223; 19
1670089853.574670; 262248; 19
1670089853.599669; 262273; 19
1670089853.624669; 262298; 18
1670089853.649674; 262323; 18
1670089853.674670; 262348; 18
1670089853.699669; 262373; 18
1670089853.724669; 262398; 18
1670089853.749675; 262423; 18
1670089853.774676; 262448; 18
1670089853.799674; 262473; 18
1670089853.824674; 262498; 18
1670089853.849679; 262523; 17
1670089853.874676; 262548; 17
1670089853.899674; 262573; 17
1670089853.924674; 262598; 17
1670089853.949683; 262623; 18
1670089853.974676; 262648; 18
1670089853.999674; 262673; 18
1670089854.024674; 262698; 18
1670089854.049676; 262723; 18
1670089854.074673; 262748; 18
1670089854.099672; 262773; 18
1670089854.124672; 262798; 18
1670089854.149691; 262823; 18
1670089854.174673; 262848; 18
1670089854.199675; 262873; 18
1670089854.224675; 262898; 18
1670089854.249674; 262923; 17
1670089854.274675; 262948; 17
1670089854.299676; 262973; 17
1670089854.324674; 262998; 17
1670089854.349701; 263023; 17
1670089854.374679; 263048; 17
1670089854.399676; 263073; 17
1670089854.424671; 263098; 17
1670089854.449675; 263123; 18
1670089854.474679; 263148; 18
1670089854.499676; 263173; 18
1670089854.524675; 263198; 18
1670089854.549675; 263223; 18
1670089854.574679; 263248; 18
1670089854.599676; 263273; 18
1670089854.624674; 263298; 18
1670089854.649674; 263323; 18
1670089854.674675; 263348; 18
1670089854.699676; 263373; 18
1670089854.724675; 263398; 18
1670089854.749675; 263423; 19
1670089854.774679; 263448; 19
1670089854.799676; 263473; 19
1670089854.824675; 263498; 19
1670089854.849675; 263523; 19
1670089854.874675; 263548; 19
1670089854.899676; 263573; 19
1670089854.924675; 263598; 19
1670089854.949675; 263623; 19
1670089854.974671; 263648; 19
1670089854.999679; 263673; 19
1670089855.024676; 263698; 19
1670089855.049676; 263723; 19
1670089855.074676; 263748; 20
1670089855.099680; 263773; 20
1670089855.124677; 263798; 20
1670089855.149670; 263823; 20
1670089855.174675; 263848; 20
1670089855.199679; 263873; 20
1670089855.224676; 263898; 20
1670089855.249674; 263923; 20
1670089855.274674; 263948; 20
1670089855.299679; 263973; 20
1670089855.324675; 263998; 20
1670089855.349674; 264023; 20
1670089855.374674; 264048; 20
1670089855.399679; 264073; 20
1670089855.424676; 264098; 20
1670089855.449674; 264123; 20
1670089855.474674; 264148; 20
1670089855.499679; 264173; 20
1670089855.524676; 264198; 20
1670089855.549674; 264223; 20
1670089855.574674; 264248; 20
1670089855.599679; 264273; 20
1670089855.624676; 264298; 20
1670089855.649674; 264323; 20
1670089855.674674; 264348; 20
1670089855.699679; 264373; 20
1670089855.724676; 264398; 20
1670089855.749674; 264423; 20
1670089855.774674; 264448; 21
1670089855.799675; 264473; 21
1670089855.824675; 264498; 21
1670089855.849676; 264523; 21
1670089855.874675; 264548; 21
1670089855.899675; 264573; 21
1670089855.924679; 264598; 21
1670089855.949676; 264623; 21
1670089855.974674; 264648; 21
1670089855.999675; 264673; 21
1670089856.024683; 264698; 21
1670089856.049677; 264723; 21
1670089856.074676; 264748; 21
1670089856.099672; 264773; 20
1670089856.124676; 264798; 20
1670089856.149676; 264823; 20
1670089856.174675; 264848; 20
1670089856.199675; 264873; 20
1670089856.224675; 264898; 20
1670089856.249672; 264923; 20
1670089856.274675; 264948; 20
1670089856.299675; 264973; 21
1670089856.324675; 264998; 21
1670089856.349672; 265023; 21
1670089856.374671; 265048; 21
1670089856.399675; 265073; 21
1670089856.424683; 265098; 21
1670089856.449676; 265123; 21
1670089856.474675; 265148; 21
1670089856.499675; 265173; 22
1670089856.524674; 265198; 22
1670089856.549677; 265223; 22
1670089856.574670; 265248; 22
1670089856.599671; 265273; 22
1670089856.624675; 265298; 22
1670089856.649675; 265323; 22
1670089856.674676; 265348; 22
1670089856.699674; 265373; 22
1670089856.724675; 265398; 22
1670089856.749675; 265423; 22
1670089856.774676; 265448; 22
1670089856.799675; 265473; 22
1670089856.824674; 265498; 22
1670089856.849679; 265523; 22
1670089856.874672; 265548; 22
1670089856.899675; 265573; 22
1670089856.924675; 265598; 22
1670089856.949679; 265623; 22
1670089856.974676; 265648; 22
1670089856.999674; 265673; 23
1670089857.024671; 265698; 23
1670089857.049676; 265723; 23
1670089857.074673; 265748; 23
1670089857.099672; 265773; 23
1670089857.124672; 265798; 23
1670089857.149679; 265823; 23
1670089857.174672; 265848; 23
1670089857.199675; 265873; 23
1670089857.224674; 265898; 23
1670089857.249679; 265923; 23
1670089857.274676; 265948; 23
1670089857.299675; 265973; 23
1670089857.324675; 265998; 24
1670089857.349674; 266023; 24
1670089857.374673; 266048; 24
1670089857.399675; 266073; 24
1670089857.424675; 266098; 24
1670089857.449675; 266123; 24
1670089857.474679; 266148; 24
1670089857.499676; 266173; 24
1670089857.524675; 266198; 24
1670089857.549675; 266223; 24
1670089857.574675; 266248; 24
1670089857.599672; 266273; 24
1670089857.624675; 266298; 25
1670089857.649675; 266323; 25
1670089857.674683; 266348; 25
1670089857.699676; 266373; 25
1670089857.724675; 266398; 25
1670089857.749671; 266423; 25
1670089857.774675; 266448; 25
1670089857.799676; 266473; 25
1670089857.824674; 266498; 25
1670089857.849670; 266523; 25
1670089857.874675; 266548; 25
1670089857.899672; 266573; 25
1670089857.924675; 266598; 25
1670089857.949671; 266623; 25
1670089857.974675; 266648; 25
1670089857.999676; 266673; 25
1670089858.024671; 266698; 25
1670089858.049672; 266723; 25
1670089858.074684; 266748; 25
1670089858.099677; 266773; 25
1670089858.124676; 266798; 26
1670089858.149674; 266823; 26
1670089858.174674; 266848; 26
1670089858.199679; 266873; 26
1670089858.224676; 266898; 26
1670089858.249674; 266923; 26
1670089858.274675; 266948; 26
1670089858.299675; 266973; 26
1670089858.324676; 266998; 26
1670089858.349674; 267023; 27
1670089858.374670; 267048; 27
1670089858.399679; 267073; 27
1670089858.424676; 267098; 27
1670089858.449674; 267123; 27
1670089858.474674; 267148; 27
1670089858.499679; 267173; 27
1670089858.524676; 267198; 27
1670089858.549674; 267223; 27
1670089858.574674; 267248; 27
1670089858.599679; 267273; 27
1670089858.624676; 267298; 27
1670089858.649675; 267323; 28
1670089858.674675; 267348; 28
1670089858.699675; 267373; 28
1670089858.724676; 267398; 28
1670089858.749675; 267423; 28
1670089858.774675; 267448; 28
1670089858.799675; 267473; 28
1670089858.824676; 267498; 28
1670089858.849674; 267523; 29
1670089858.874671; 267548; 29
1670089858.899683; 267573; 29
1670089858.924676; 267598; 29
1670089858.949675; 267623; 30
1670089858.974675; 267648; 30
1670089858.999675; 267673; 30
1670089859.024675; 267698; 30
1670089859.049677; 267723; 30
1670089859.074676; 267748; 30
1670089859.099676; 267773; 30
1670089859.124680; 267798; 30
1670089859.149676; 267823; 30
1670089859.174674; 267848; 30
1670089859.199674; 267873; 30
1670089859.224679; 267898; 30
1670089859.249676; 267923; 31
1670089859.274674; 267948; 31
1670089859.299674; 267973; 31
1670089859.324683; 267998; 31
1670089859.349676; 268023; 30
1670089859.374670; 268048; 30
1670089859.399671; 268073; 30
1670089859.424675; 268098; 30
1670089859.449676; 268123; 28
1670089859.474671; 268148; 28
1670089859.499675; 268173; 28
1670089859.524680; 268198; 28
1670089859.549676; 268223; 28
1670089859.574674; 268248; 31
1670089859.599674; 268273; 31
1670089859.624679; 268298; 31
1670089859.649676; 268323; 31
1670089859.674675; 268348; 32
1670089859.699674; 268373; 32
1670089859.724678; 268398; 32
1670089859.749677; 268423; 32
1670089859.774675; 268448; 28
1670089859.799669; 268473; 28
1670089859.824669; 268498; 28
1670089859.849674; 268523; 28
1670089859.874671; 268548; 30
1670089859.899669; 268573; 30
1670089859.924669; 268598; 30
1670089859.949674; 268623; 30
1670089859.974671; 268648; 30
1670089859.999669; 268673; 30
1670089860.024669; 268698; 30
1670089860.049675; 268723; 30
1670089860.074672; 268748; 28
1670089860.099676; 268773; 28
1670089860.124676; 268798; 28
1670089860.149683; 268823; 28
1670089860.174671; 268848; 26
1670089860.199669; 268873; 26
1670089860.224669; 268898; 26
1670089860.249674; 268923; 26
1670089860.274671; 268948; 21
1670089860.299675; 268973; 21
1670089860.324675; 268998; 21
1670089860.349680; 269023; 21
1670089860.374671; 269048; 17
1670089860.399669; 269073; 17
1670089860.424670; 269098; 17
1670089860.449674; 269123; 17
1670089860.474671; 269148; 17
1670089860.499674; 269173; 17
1670089860.524675; 269198; 17
1670089860.549677; 269223; 17
1670089860.574677; 269248; 17
1670089860.599675; 269273; 17
1670089860.624675; 269298; 17
1670089860.649675; 269323; 17
1670089860.674680; 269348; 17
1670089860.699672; 269373; 17
1670089860.724675; 269398; 17
1670089860.749675; 269423; 17
1670089860.774674; 269448; 17
1670089860.799671; 269473; 16
1670089860.824669; 269498; 16
1670089860.849669; 269523; 16
1670089860.874679; 269548; 16
1670089860.899676; 269573; 17
1670089860.924675; 269598; 17
1670089860.949675; 269623; 17
1670089860.974683; 269648; 17
1670089860.999671; 269673; 17
1670089861.024670; 269698; 17
1670089861.049676; 269723; 17
1670089861.074675; 269748; 17
1670089861.099672; 269773; 17
1670089861.124671; 269798; 17
1670089861.149670; 269823; 17
1670089861.174674; 269848; 17
1670089861.199671; 269873; 17
1670089861.224669; 269898; 17
1670089861.249669; 269923; 17
1670089861.274674; 269948; 17
1670089861.299671; 269973; 17
1670089861.324670; 269998; 17
1670089861.349669; 270023; 17
1670089861.374675; 270048; 17
1670089861.399683; 270073; 17
1670089861.424671; 270098; 17
1670089861.449669; 270123; 17
1670089861.474669; 270148; 17
1670089861.499674; 270173; 17
1670089861.524676; 270198; 17
1670089861.549670; 270223; 17
1670089861.574670; 270248; 17
1670089861.599674; 270273; 17
1670089861.624671; 270298; 17
1670089861.649670; 270323; 17
1670089861.674675; 270348; 17
1670089861.699674; 270373; 17
1670089861.724676; 270398; 17
1670089861.749669; 270423; 17
1670089861.774669; 270448; 17
1670089861.799683; 270473; 17
1670089861.824671; 270498; 17
1670089861.849669; 270523; 17
1670089861.874675; 270548; 17
1670089861.899680; 270573; 17
1670089861.924676; 270598; 17
1670089861.949669; 270623; 17
1670089861.974669; 270648; 17
1670089861.999680; 270673; 17
1670089862.024676; 270698; 17
1670089862.049676; 270723; 17
1670089862.074676; 270748; 17
1670089862.099681; 270773; 17
1670089862.124677; 270798; 17
1670089862.149669; 270823; 17
1670089862.174670; 270848; 17
1670089862.199669; 270873; 17
1670089862.224678; 270898; 17
1670089862.249671; 270923; 17
1670089862.274670; 270948; 17
1670089862.299670; 270973; 17
1670089862.324674; 270998; 17
1670089862.349676; 271023; 17
1670089862.374675; 271048; 17
1670089862.399675; 271073; 17
1670089862.424674; 271098; 17
1670089862.449671; 271123; 17
1670089862.474669; 271148; 17
1670089862.499675; 271173; 17
1670089862.524674; 271198; 17
1670089862.549671; 271223; 17
1670089862.574669; 271248; 17
1670089862.599669; 271273; 17
1670089862.624683; 271298; 17
1670089862.649671; 271323; 17
1670089862.674669; 271348; 17
1670089862.699670; 271373; 17
1670089862.724674; 271398; 17
1670089862.749676; 271423; 17
1670089862.774670; 271448; 17
1670089862.799669; 271473; 17
1670089862.824674; 271498; 17
1670089862.849671; 271523; 17
1670089862.874675; 271548; 17
1670089862.899675; 271573; 17
1670089862.924678; 271598; 17
1670089862.949677; 271623; 17
1670089862.974675; 271648; 17
1670089862.999675; 271673; 17
1670089863.024675; 271698; 17
1670089863.049684; 271723; 17
1670089863.074677; 271748; 17
1670089863.099676; 271773; 17
1670089863.124676; 271798; 17
1670089863.149680; 271823; 17
1670089863.174676; 271848; 17
1670089863.199669; 271873; 17
1670089863.224669; 271898; 17
1670089863.249674; 271923; 17
1670089863.274676; 271948; 17
1670089863.299669; 271973; 17
1670089863.324669; 271998; 17
1670089863.349674; 272023; 17
1670089863.374671; 272048; 17
1670089863.399670; 272073; 17
1670089863.424669; 272098; 17
1670089863.449678; 272123; 17
1670089863.474676; 272148; 17
1670089863.499669; 272173; 17
1670089863.524670; 272198; 17
1670089863.549674; 272223; 17
1670089863.574676; 272248; 17
1670089863.599669; 272273; 17
1670089863.624669; 272298; 17
1670089863.649674; 272323; 17
1670089863.674671; 272348; 17
1670089863.699670; 272373; 17
1670089863.724669; 272398; 17
1670089863.749673; 272423; 17
1670089863.774672; 272448; 17
1670089863.799675; 272473; 17
1670089863.824675; 272498; 17
1670089863.849675; 272523; 17
1670089863.874683; 272548; 17
1670089863.899671; 272573; 17
1670089863.924669; 272598; 17
1670089863.949670; 272623; 17
1670089863.974674; 272648; 17
1670089863.999671; 272673; 17
1670089864.024669; 272698; 17
1670089864.049676; 272723; 17
1670089864.074681; 272748; 17
1670089864.099677; 272773; 17
1670089864.124676; 272798; 17
1670089864.149670; 272823; 17
1670089864.174674; 272848; 17
1670089864.199676; 272873; 17
1670089864.224670; 272898; 17
1670089864.249669; 272923; 17
1670089864.274683; 272948; 17
1670089864.299671; 272973; 17
1670089864.324669; 272998; 17
1670089864.349669; 273023; 17
1670089864.374679; 273048; 17
1670089864.399676; 273073; 17
1670089864.424669; 273098; 17
1670089864.449675; 273123; 17
1670089864.474674; 273148; 17
1670089864.499671; 273173; 17
1670089864.524670; 273198; 17
1670089864.549670; 273223; 17
1670089864.574669; 273248; 17
1670089864.599674; 273273; 17
1670089864.624671; 273298; 17
1670089864.649670; 273323; 17
1670089864.674669; 273348; 17
1670089864.699678; 273373; 17
1670089864.724676; 273398; 17
1670089864.749669; 273423; 17
1670089864.774669; 273448; 17
1670089864.799680; 273473; 17
1670089864.824676; 273498; 17
1670089864.849669; 273523; 17
1670089864.874669; 273548; 17
1670089864.899674; 273573; 17
1670089864.924671; 273598; 17
1670089864.949676; 273623; 17
1670089864.974670; 273648; 17
1670089864.999701; 273673; 17
1670089865.024671; 273698; 17
1670089865.049671; 273723; 17
1670089865.074671; 273748; 17
1670089865.099684; 273773; 17
1670089865.124677; 273798; 17
1670089865.149670; 273823; 17
1670089865.174669; 273848; 17
1670089865.199674; 273873; 17
1670089865.224671; 273898; 17
1670089865.249670; 273923; 17
1670089865.274669; 273948; 17
1670089865.299674; 273973; 17
1670089865.324671; 273998; 17
1670089865.349669; 274023; 17
1670089865.374675; 274048; 17
1670089865.399675; 274073; 17
1670089865.424674; 274098; 17
1670089865.449671; 274123; 17
1670089865.474670; 274148; 17
1670089865.499670; 274173; 17
1670089865.524678; 274198; 17
1670089865.549676; 274223; 17
1670089865.574669; 274248; 17
1670089865.599669; 274273; 17
1670089865.624680; 274298; 17
1670089865.649676; 274323; 17
1670089865.674669; 274348; 17
1670089865.699669; 274373; 17
1670089865.724674; 274398; 17
1670089865.749671; 274423; 17
1670089865.774669; 274448; 17
1670089865.799669; 274473; 17
1670089865.824674; 274498; 17
1670089865.849671; 274523; 17
1670089865.874675; 274548; 17
1670089865.899675; 274573; 17
1670089865.924678; 274598; 17
1670089865.949676; 274623; 17
1670089865.974670; 274648; 17
1670089865.999670; 274673; 17
1670089866.024679; 274698; 17
1670089866.049672; 274723; 17
1670089866.074671; 274748; 17
1670089866.099671; 274773; 17
1670089866.124679; 274798; 17
1670089866.149672; 274823; 17
1670089866.174675; 274848; 17
1670089866.199675; 274873; 17
1670089866.224675; 274898; 17
1670089866.249692; 274923; 17
1670089866.274676; 274948; 17
1670089866.299669; 274973; 17
1670089866.324676; 274998; 17
1670089866.349683; 275023; 17
1670089866.374676; 275048; 17
1670089866.399669; 275073; 17
1670089866.424669; 275098; 17
1670089866.449674; 275123; 17
1670089866.474671; 275148; 17
1670089866.499675; 275173; 17
1670089866.524675; 275198; 17
1670089866.549674; 275223; 17
1670089866.574671; 275248; 17
1670089866.599670; 275273; 17
1670089866.624670; 275298; 17
1670089866.649674; 275323; 17
1670089866.674671; 275348; 17
1670089866.699669; 275373; 17
1670089866.724670; 275398; 17
1670089866.749683; 275423; 17
1670089866.774671; 275448; 17
1670089866.799670; 275473; 17
1670089866.824669; 275498; 17
1670089866.849679; 275523; 17
1670089866.874676; 275548; 17
1670089866.899670; 275573; 17
1670089866.924670; 275598; 17
1670089866.949673; 275623; 17
1670089866.974672; 275648; 17
1670089866.999675; 275673; 17
1670089867.024675; 275698; 17
1670089867.049670; 275723; 17
1670089867.074675; 275748; 17
1670089867.099672; 275773; 17
1670089867.124671; 275798; 17
1670089867.149669; 275823; 17
1670089867.174678; 275848; 17
1670089867.199676; 275873; 17
1670089867.224669; 275898; 17
1670089867.249670; 275923; 17
1670089867.274674; 275948; 17
1670089867.299671; 275973; 17
1670089867.324670; 275998; 17
1670089867.349669; 276023; 17
1670089867.374680; 276048; 17
1670089867.399676; 276073; 17
1670089867.424670; 276098; 17
1670089867.449670; 276123; 17
1670089867.474680; 276148; 17
1670089867.499676; 276173; 17
1670089867.524669; 276198; 17
1670089867.549670; 276223; 17
1670089867.574683; 276248; 17
1670089867.599671; 276273; 17
1670089867.624669; 276298; 17
1670089867.649669; 276323; 17
1670089867.674679; 276348; 17
1670089867.699676; 276373; 17
1670089867.724669; 276398; 17
1670089867.749669; 276423; 17
1670089867.774670; 276448; 17
1670089867.799674; 276473; 17
1670089867.824671; 276498; 17
1670089867.849670; 276523; 17
1670089867.874675; 276548; 17
1670089867.899674; 276573; 17
1670089867.924676; 276598; 17
1670089867.949669; 276623; 17
1670089867.974669; 276648; 17
1670089867.999683; 276673; 17
1670089868.024671; 276698; 17
1670089868.049671; 276723; 17
1670089868.074671; 276748; 17
1670089868.099681; 276773; 17
1670089868.124677; 276798; 17
1670089868.149675; 276823; 17
1670089868.174676; 276848; 17
1670089868.199674; 276873; 17
1670089868.224671; 276898; 17
1670089868.249669; 276923; 17
1670089868.274670; 276948; 17
1670089868.299674; 276973; 17
1670089868.324671; 276998; 17
1670089868.349670; 277023; 17
1670089868.374675; 277048; 17
1670089868.399678; 277073; 17
1670089868.424676; 277098; 17
1670089868.449675; 277123; 17
1670089868.474675; 277148; 17
1670089868.499674; 277173; 17
1670089868.524671; 277198; 17
1670089868.549669; 277223; 17
1670089868.574669; 277248; 17
1670089868.599669; 277273; 17
1670089868.624674; 277298; 17
1670089868.649671; 277323; 17
1670089868.674670; 277348; 17
1670089868.699675; 277373; 17
1670089868.724674; 277398; 17
1670089868.749671; 277423; 17
1670089868.774670; 277448; 17
1670089868.799670; 277473; 17
1670089868.824678; 277498; 17
1670089868.849676; 277523; 17
1670089868.874675; 277548; 17
1670089868.899675; 277573; 17
1670089868.924680; 277598; 17
1670089868.949676; 277623; 17
1670089868.974670; 277648; 17
1670089868.999669; 277673; 17
1670089869.024674; 277698; 17
1670089869.049677; 277723; 17
1670089869.074676; 277748; 17
1670089869.099676; 277773; 17
1670089869.124681; 277798; 17
1670089869.149671; 277823; 17
1670089869.174669; 277848; 17
1670089869.199672; 277873; 17
1670089869.224678; 277898; 17
1670089869.249676; 277923; 17
1670089869.274670; 277948; 17
1670089869.299669; 277973; 17
1670089869.324673; 277998; 17
1670089869.349672; 278023; 17
1670089869.374669; 278048; 17
1670089869.399669; 278073; 17
1670089869.424669; 278098; 17
1670089869.449680; 278123; 17
1670089869.474671; 278148; 17
1670089869.499670; 278173; 17
1670089869.524670; 278198; 17
1670089869.549674; 278223; 17
1670089869.574671; 278248; 17
1670089869.599669; 278273; 17
1670089869.624669; 278298; 17
1670089869.649683; 278323; 17
1670089869.674671; 278348; 17
1670089869.699670; 278373; 17
1670089869.724670; 278398; 17
1670089869.749674; 278423; 17
1670089869.774671; 278448; 17
1670089869.799669; 278473; 17
1670089869.824669; 278498; 17
1670089869.849674; 278523; 17
1670089869.874676; 278548; 17
1670089869.899670; 278573; 17
1670089869.924670; 278598; 17
1670089869.949674; 278623; 17
1670089869.974671; 278648; 17
1670089869.999669; 278673; 17
1670089870.024669; 278698; 17
1670089870.049679; 278723; 17
1670089870.074672; 278748; 17
1670089870.099671; 278773; 17
1670089870.124676; 278798; 17
1670089870.149673; 278823; 17
1670089870.174672; 278848; 17
1670089870.199675; 278873; 17
1670089870.224669; 278898; 17
1670089870.249670; 278923; 17
1670089870.274680; 278948; 17
1670089870.299676; 278973; 17
1670089870.324670; 278998; 17
1670089870.349669; 279023; 17
1670089870.374674; 279048; 17
1670089870.399671; 279073; 17
1670089870.424670; 279098; 17
1670089870.449669; 279123; 17
1670089870.474683; 279148; 17
1670089870.499676; 279173; 17
1670089870.524669; 279198; 17
1670089870.549675; 279223; 17
1670089870.574680; 279248; 17
1670089870.599676; 279273; 17
1670089870.624670; 279298; 17
1670089870.649670; 279323; 17
1670089870.674674; 279348; 17
1670089870.699671; 279373; 17
1670089870.724669; 279398; 17
1670089870.749675; 279423; 17
1670089870.774674; 279448; 17
1670089870.799671; 279473; 17
1670089870.824669; 279498; 17
1670089870.849669; 279523; 17
1670089870.874683; 279548; 17
1670089870.899671; 279573; 17
1670089870.924670; 279598; 17
1670089870.949669; 279623; 17
1670089870.974670; 279648; 17
1670089870.999674; 279673; 17
1670089871.024671; 279698; 17
1670089871.049671; 279723; 17
1670089871.074671; 279748; 17
1670089871.099675; 279773; 17
1670089871.124672; 279798; 17
1670089871.149669; 279823; 17
1670089871.174669; 279848; 17
1670089871.199674; 279873; 17
1670089871.224671; 279898; 17
1670089871.249670; 279923; 17
1670089871.274669; 279948; 17
1670089871.299683; 279973; 17
1670089871.324671; 279998; 17
1670089871.349669; 280023; 17
1670089871.374675; 280048; 17
1670089871.399680; 280073; 17
1670089871.424676; 280098; 17
1670089871.449670; 280123; 17
1670089871.474669; 280148; 17
1670089871.499674; 280173; 17
1670089871.524671; 280198; 18
1670089871.549670; 280223; 18
1670089871.574670; 280248; 18
1670089871.599674; 280273; 18
1670089871.624671; 280298; 18
1670089871.649669; 280323; 18
1670089871.674669; 280348; 18
1670089871.699678; 280373; 18
1670089871.724676; 280398; 18
1670089871.749669; 280423; 18
1670089871.774669; 280448; 18
1670089871.799670; 280473; 18
1670089871.824674; 280498; 18
1670089871.849671; 280523; 18
1670089871.874675; 280548; 18
1670089871.899675; 280573; 18
1670089871.924674; 280598; 17
1670089871.949671; 280623; 17
1670089871.974669; 280648; 17
1670089871.999669; 280673; 17
1670089872.024674; 280698; 17
1670089872.049672; 280723; 17
1670089872.074671; 280748; 17
1670089872.099671; 280773; 17
1670089872.124679; 280798; 18
1670089872.149676; 280823; 18
1670089872.174669; 280848; 18
1670089872.199669; 280873; 18
1670089872.224674; 280898; 17
1670089872.249671; 280923; 17
1670089872.274675; 280948; 17
1670089872.299675; 280973; 17
1670089872.324674; 280998; 17
1670089872.349671; 281023; 17
1670089872.374675; 281048; 17
1670089872.399675; 281073; 17
1670089872.424674; 281098; 17
1670089872.449671; 281123; 17
1670089872.474670; 281148; 17
1670089872.499670; 281173; 17
1670089872.524682; 281198; 17
1670089872.549677; 281223; 17
1670089872.574670; 281248; 17
1670089872.599669; 281273; 17
1670089872.624669; 281298; 17
1670089872.649674; 281323; 17
1670089872.674671; 281348; 17
1670089872.699670; 281373; 17
1670089872.724669; 281398; 17
1670089872.749674; 281423; 17
1670089872.774671; 281448; 17
1670089872.799669; 281473; 17
1670089872.824669; 281498; 17
1670089872.849680; 281523; 17
1670089872.874676; 281548; 17
1670089872.899669; 281573; 17
1670089872.924669; 281598; 17
1670089872.949683; 281623; 17
1670089872.974671; 281648; 17
1670089872.999675; 281673; 17
1670089873.024675; 281698; 17
1670089873.049675; 281723; 17
1670089873.074672; 281748; 17
1670089873.099671; 281773; 17
1670089873.124671; 281798; 17
1670089873.149680; 281823; 17
1670089873.174676; 281848; 17
1670089873.199669; 281873; 17
1670089873.224670; 281898; 17
1670089873.249674; 281923; 17
1670089873.274671; 281948; 17
1670089873.299670; 281973; 17
1670089873.324670; 281998; 17
1670089873.349682; 282023; 17
1670089873.374677; 282048; 17
1670089873.399669; 282073; 17
1670089873.424669; 282098; 17
1670089873.449670; 282123; 17
1670089873.474674; 282148; 17
1670089873.499671; 282173; 17
1670089873.524669; 282198; 17
1670089873.549669; 282223; 17
1670089873.574674; 282248; 17
1670089873.599671; 282273; 17
1670089873.624670; 282298; 17
1670089873.649669; 282323; 17
1670089873.674674; 282348; 17
1670089873.699671; 282373; 17
1670089873.724669; 282398; 17
1670089873.749670; 282423; 17
1670089873.774678; 282448; 17
1670089873.799676; 282473; 17
1670089873.824669; 282498; 17
1670089873.849670; 282523; 17
1670089873.874679; 282548; 17
1670089873.899676; 282573; 17
1670089873.924669; 282598; 17
1670089873.949669; 282623; 17
1670089873.974674; 282648; 17
1670089873.999671; 282673; 17
1670089874.024675; 282698; 17
1670089874.049676; 282723; 17
1670089874.074681; 282748; 17
1670089874.099677; 282773; 17
1670089874.124671; 282798; 17
1670089874.149670; 282823; 17
1670089874.174670; 282848; 17
1670089874.199678; 282873; 17
1670089874.224676; 282898; 17
1670089874.249669; 282923; 17
1670089874.274670; 282948; 17
1670089874.299674; 282973; 17
1670089874.324671; 282998; 17
1670089874.349669; 283023; 17
1670089874.374675; 283048; 17
1670089874.399674; 283073; 17
1670089874.424671; 283098; 17
1670089874.449669; 283123; 17
1670089874.474669; 283148; 17
1670089874.499674; 283173; 17
1670089874.524671; 283198; 17
1670089874.549670; 283223; 17
1670089874.574669; 283248; 17
1670089874.599683; 283273; 17
1670089874.624692; 283298; 17
1670089874.649669; 283323; 17
1670089874.674669; 283348; 17
1670089874.699674; 283373; 17
1670089874.724671; 283398; 17
1670089874.749670; 283423; 17
1670089874.774669; 283448; 17
1670089874.799674; 283473; 18
1670089874.824671; 283498; 18
1670089874.849675; 283523; 18
1670089874.874669; 283548; 18
1670089874.899674; 283573; 18
1670089874.924671; 283598; 18
1670089874.949669; 283623; 18
1670089874.974669; 283648; 18
1670089874.999669; 283673; 18
1670089875.024678; 283698; 18
1670089875.049672; 283723; 18
1670089875.074671; 283748; 18
1670089875.099671; 283773; 17
1670089875.124681; 283798; 17
1670089875.149671; 283823; 17
1670089875.174670; 283848; 17
1670089875.199670; 283873; 18
1670089875.224674; 283898; 18
1670089875.249671; 283923; 18
1670089875.274670; 283948; 18
1670089875.299669; 283973; 18
1670089875.324674; 283998; 18
1670089875.349677; 284023; 18
1670089875.374675; 284048; 18
1670089875.399669; 284073; 18
1670089875.424683; 284098; 18
1670089875.449671; 284123; 18
1670089875.474669; 284148; 18
1670089875.499669; 284173; 18
1670089875.524674; 284198; 18
1670089875.549671; 284223; 18
1670089875.574669; 284248; 18
1670089875.599669; 284273; 18
1670089875.624674; 284298; 18
1670089875.649672; 284323; 18
1670089875.674675; 284348; 18
1670089875.699675; 284373; 18
1670089875.724678; 284398; 18
1670089875.749677; 284423; 18
1670089875.774669; 284448; 18
1670089875.799669; 284473; 18
1670089875.824669; 284498; 19
1670089875.849683; 284523; 19
1670089875.874676; 284548; 19
1670089875.899670; 284573; 19
1670089875.924669; 284598; 19
1670089875.949674; 284623; 19
1670089875.974671; 284648; 19
1670089875.999669; 284673; 19
1670089876.024670; 284698; 18
1670089876.049681; 284723; 18
1670089876.074672; 284748; 18
1670089876.099671; 284773; 18
1670089876.124671; 284798; 18
1670089876.149680; 284823; 18
1670089876.174676; 284848; 18
1670089876.199670; 284873; 18
1670089876.224669; 284898; 18
1670089876.249683; 284923; 18
1670089876.274676; 284948; 18
1670089876.299669; 284973; 18
1670089876.324669; 284998; 18
1670089876.349680; 285023; 18
1670089876.374671; 285048; 18
1670089876.399675; 285073; 18
1670089876.424675; 285098; 17
1670089876.449674; 285123; 17
1670089876.474676; 285148; 17
1670089876.499670; 285173; 17
1670089876.524670; 285198; 18
1670089876.549673; 285223; 18
1670089876.574677; 285248; 18
1670089876.599669; 285273; 18
1670089876.624669; 285298; 19
1670089876.649669; 285323; 19
1670089876.674686; 285348; 19
1670089876.699671; 285373; 19
1670089876.724669; 285398; 19
1670089876.749669; 285423; 19
1670089876.774674; 285448; 19
1670089876.799671; 285473; 19
1670089876.824669; 285498; 18
1670089876.849675; 285523; 18
1670089876.874679; 285548; 18
1670089876.899671; 285573; 18
1670089876.924669; 285598; 18
1670089876.949669; 285623; 18
1670089876.974674; 285648; 18
1670089876.999671; 285673; 18
1670089877.024669; 285698; 18
1670089877.049676; 285723; 18
1670089877.074679; 285748; 18
1670089877.099672; 285773; 18
1670089877.124671; 285798; 18
1670089877.149675; 285823; 18
1670089877.174680; 285848; 18
1670089877.199676; 285873; 18
1670089877.224669; 285898; 18
1670089877.249669; 285923; 18
1670089877.274674; 285948; 18
1670089877.299676; 285973; 18
1670089877.324669; 285998; 18
1670089877.349669; 286023; 18
1670089877.374675; 286048; 18
1670089877.399674; 286073; 18
1670089877.424671; 286098; 18
1670089877.449669; 286123; 18
1670089877.474669; 286148; 18
1670089877.499678; 286173; 18
1670089877.524676; 286198; 18
1670089877.549670; 286223; 18
1670089877.574669; 286248; 18
1670089877.599700; 286273; 18
1670089877.624676; 286298; 18
1670089877.649670; 286323; 19
1670089877.674669; 286348; 19
1670089877.699683; 286373; 19
1670089877.724671; 286398; 19
1670089877.749669; 286423; 20
1670089877.774669; 286448; 20
1670089877.799674; 286473; 20
1670089877.824671; 286498; 20
1670089877.849670; 286523; 20
1670089877.874670; 286548; 20
1670089877.899678; 286573; 20
1670089877.924676; 286598; 20
1670089877.949669; 286623; 20
1670089877.974669; 286648; 20
1670089877.999674; 286673; 20
1670089878.024671; 286698; 20
1670089878.049671; 286723; 19
1670089878.074671; 286748; 19
1670089878.099675; 286773; 19
1670089878.124677; 286798; 19
1670089878.149669; 286823; 19
1670089878.174669; 286848; 20
1670089878.199669; 286873; 20
1670089878.224674; 286898; 20
1670089878.249671; 286923; 20
1670089878.274669; 286948; 20
1670089878.299670; 286973; 20
1670089878.324678; 286998; 20
1670089878.349671; 287023; 20
1670089878.374675; 287048; 20
1670089878.399675; 287073; 20
1670089878.424680; 287098; 20
1670089878.449676; 287123; 20
1670089878.474669; 287148; 20
1670089878.499669; 287173; 20
1670089878.524674; 287198; 20
1670089878.549671; 287223; 20
1670089878.574669; 287248; 20
1670089878.599669; 287273; 20
1670089878.624674; 287298; 20
1670089878.649671; 287323; 20
1670089878.674669; 287348; 20
1670089878.699670; 287373; 20
1670089878.724683; 287398; 20
1670089878.749671; 287423; 20
1670089878.774670; 287448; 20
1670089878.799669; 287473; 20
1670089878.824674; 287498; 20
1670089878.849671; 287523; 20
1670089878.874675; 287548; 20
1670089878.899675; 287573; 20
1670089878.924678; 287598; 20
1670089878.949672; 287623; 20
1670089878.974675; 287648; 19
1670089878.999675; 287673; 19
1670089879.024675; 287698; 19
1670089879.049681; 287723; 19
1670089879.074677; 287748; 18
1670089879.099676; 287773; 18
1670089879.124676; 287798; 18
1670089879.149686; 287823; 18
1670089879.174671; 287848; 18
1670089879.199675; 287873; 18
1670089879.224675; 287898; 18
1670089879.249680; 287923; 18
1670089879.274676; 287948; 18
1670089879.299669; 287973; 18
1670089879.324669; 287998; 18
1670089879.349674; 288023; 18
1670089879.374676; 288048; 18
1670089879.399669; 288073; 18
1670089879.424669; 288098; 18
1670089879.449680; 288123; 18
1670089879.474676; 288148; 18
1670089879.499669; 288173; 18
1670089879.524669; 288198; 18
1670089879.549678; 288223; 18
1670089879.574671; 288248; 18
1670089879.599669; 288273; 18
1670089879.624670; 288298; 18
1670089879.649680; 288323; 18
1670089879.674676; 288348; 18
1670089879.699670; 288373; 18
1670089879.724670; 288398; 18
1670089879.749678; 288423; 18
1670089879.774672; 288448; 18
1670089879.799675; 288473; 19
1670089879.824675; 288498; 19
1670089879.849675; 288523; 19
1670089879.874679; 288548; 19
1670089879.899676; 288573; 19
1670089879.924670; 288598; 19
1670089879.949691; 288623; 19
1670089879.974678; 288648; 19
1670089879.999676; 288673; 21
1670089880.024670; 288698; 21
1670089880.049676; 288723; 21
1670089880.074675; 288748; 21
1670089880.099672; 288773; 22
1670089880.124671; 288798; 22
1670089880.149670; 288823; 22
1670089880.174674; 288848; 22
1670089880.199671; 288873; 22
1670089880.224669; 288898; 22
1670089880.249670; 288923; 22
1670089880.274674; 288948; 22
1670089880.299671; 288973; 23
1670089880.324669; 288998; 23
1670089880.349669; 289023; 23
1670089880.374683; 289048; 23
1670089880.399671; 289073; 23
1670089880.424669; 289098; 23
1670089880.449669; 289123; 23
1670089880.474674; 289148; 23
1670089880.499671; 289173; 23
1670089880.524670; 289198; 22
1670089880.549670; 289223; 22
1670089880.574675; 289248; 22
1670089880.599674; 289273; 22
1670089880.624671; 289298; 23
1670089880.649669; 289323; 23
1670089880.674669; 289348; 23
1670089880.699674; 289373; 23
1670089880.724671; 289398; 24
1670089880.749669; 289423; 24
1670089880.774675; 289448; 24
1670089880.799678; 289473; 24
1670089880.824671; 289498; 25
1670089880.849670; 289523; 25
1670089880.874675; 289548; 25
1670089880.899680; 289573; 25
1670089880.924676; 289598; 26
1670089880.949669; 289623; 26
1670089880.974696; 289648; 26
1670089880.999674; 289673; 26
1670089881.024671; 289698; 26
1670089881.049671; 289723; 26
1670089881.074671; 289748; 26
1670089881.099681; 289773; 26
1670089881.124677; 289798; 26
1670089881.149669; 289823; 26
1670089881.174670; 289848; 26
1670089881.199683; 289873; 26
1670089881.224671; 289898; 26
1670089881.249670; 289923; 26
1670089881.274669; 289948; 26
1670089881.299674; 289973; 26
1670089881.324671; 289998; 26
1670089881.349669; 290023; 26
1670089881.374675; 290048; 26
1670089881.399675; 290073; 26
1670089881.424674; 290098; 27
1670089881.449671; 290123; 27
1670089881.474669; 290148; 27
1670089881.499675; 290173; 27
1670089881.524674; 290198; 26
1670089881.549671; 290223; 26
1670089881.574669; 290248; 26
1670089881.599669; 290273; 26
1670089881.624683; 290298; 26
1670089881.649671; 290323; 26
1670089881.674669; 290348; 26
1670089881.699669; 290373; 26
1670089881.724674; 290398; 26
1670089881.749671; 290423; 25
1670089881.774670; 290448; 25
1670089881.799675; 290473; 25
1670089881.824674; 290498; 25
1670089881.849671; 290523; 24
1670089881.874675; 290548; 24
1670089881.899675; 290573; 24
1670089881.924674; 290598; 24
1670089881.949671; 290623; 27
1670089881.974669; 290648; 27
1670089881.999674; 290673; 27
1670089882.024678; 290698; 27
1670089882.049672; 290723; 27
1670089882.074671; 290748; 27
1670089882.099671; 290773; 27
1670089882.124674; 290798; 27
1670089882.149672; 290823; 26
1670089882.174675; 290848; 26
1670089882.199675; 290873; 26
1670089882.224669; 290898; 26
1670089882.249680; 290923; 26
1670089882.274676; 290948; 26
1670089882.299669; 290973; 26
1670089882.324670; 290998; 26
1670089882.349674; 291023; 25
1670089882.374676; 291048; 25
1670089882.399669; 291073; 25
1670089882.424669; 291098; 25
1670089882.449683; 291123; 24
1670089882.474671; 291148; 24
1670089882.499670; 291173; 24
1670089882.524670; 291198; 24
1670089882.549674; 291223; 25
1670089882.574671; 291248; 25
1670089882.599669; 291273; 25
1670089882.624670; 291298; 25
1670089882.649674; 291323; 25
1670089882.674671; 291348; 25
1670089882.699669; 291373; 25
1670089882.724669; 291398; 25
1670089882.749674; 291423; 25
1670089882.774676; 291448; 25
1670089882.799669; 291473; 25
1670089882.824669; 291498; 25
1670089882.849683; 291523; 25
1670089882.874676; 291548; 24
1670089882.899670; 291573; 24
1670089882.924670; 291598; 24
1670089882.949678; 291623; 24
1670089882.974677; 291648; 24
1670089882.999669; 291673; 24
1670089883.024674; 291698; 24
1670089883.049671; 291723; 24
1670089883.074675; 291748; 24
1670089883.099672; 291773; 24
1670089883.124671; 291798; 24
1670089883.149670; 291823; 24
1670089883.174674; 291848; 24
1670089883.199671; 291873; 24
1670089883.224669; 291898; 24
1670089883.249675; 291923; 24
1670089883.274678; 291948; 24
1670089883.299676; 291973; 24
1670089883.324669; 291998; 24
1670089883.349669; 292023; 24
1670089883.374679; 292048; 24
1670089883.399676; 292073; 24
1670089883.424670; 292098; 24
1670089883.449670; 292123; 24
1670089883.474674; 292148; 25
1670089883.499671; 292173; 25
1670089883.524670; 292198; 25
1670089883.549675; 292223; 25
1670089883.574674; 292248; 25
1670089883.599671; 292273; 25
1670089883.624669; 292298; 25
1670089883.649675; 292323; 25
1670089883.674678; 292348; 25
1670089883.699676; 292373; 25
1670089883.724670; 292398; 25
1670089883.749669; 292423; 25
1670089883.774669; 292448; 26
1670089883.799679; 292473; 26
1670089883.824676; 292498; 26
1670089883.849669; 292523; 26
1670089883.874669; 292548; 26
1670089883.899674; 292573; 26
1670089883.924671; 292598; 26
1670089883.949669; 292623; 26
1670089883.974669; 292648; 26
1670089883.999674; 292673; 26
1670089884.024671; 292698; 26
1670089884.049671; 292723; 26
1670089884.074671; 292748; 26
1670089884.099679; 292773; 26
1670089884.124672; 292798; 26
1670089884.149675; 292823; 26
1670089884.174675; 292848; 26
1670089884.199680; 292873; 26
1670089884.224676; 292898; 26
1670089884.249670; 292923; 26
1670089884.274675; 292948; 26
1670089884.299674; 292973; 27
1670089884.324671; 292998; 27
1670089884.349669; 293023; 27
1670089884.374675; 293048; 27
1670089884.399674; 293073; 26
1670089884.424671; 293098; 26
1670089884.449669; 293123; 26
1670089884.474675; 293148; 26
1670089884.499683; 293173; 25
1670089884.524671; 293198; 25
1670089884.549670; 293223; 25
1670089884.574669; 293248; 25
1670089884.599669; 293273; 25
1670089884.624674; 293298; 25
1670089884.649671; 293323; 25
1670089884.674669; 293348; 25
1670089884.699669; 293373; 26
1670089884.724680; 293398; 26
1670089884.749676; 293423; 26
1670089884.774670; 293448; 26
1670089884.799669; 293473; 27
1670089884.824674; 293498; 27
1670089884.849671; 293523; 27
1670089884.874669; 293548; 27
1670089884.899670; 293573; 26
1670089884.924683; 293598; 26
1670089884.949671; 293623; 26
1670089884.974675; 293648; 26
1670089884.999675; 293673; 29
1670089885.024680; 293698; 29
1670089885.049672; 293723; 29
1670089885.074671; 293748; 29
1670089885.099671; 293773; 29
1670089885.124675; 293798; 31
1670089885.149671; 293823; 31
1670089885.174669; 293848; 31
1670089885.199670; 293873; 31
1670089885.224679; 293898; 32
1670089885.249676; 293923; 32
1670089885.274676; 293948; 32
1670089885.299675; 293973; 32
1670089885.324682; 293998; 34
1670089885.349672; 294023; 34
1670089885.374669; 294048; 34
1670089885.399669; 294073; 34
1670089885.424669; 294098; 31
1670089885.449674; 294123; 31
1670089885.474671; 294148; 31
1670089885.499675; 294173; 31
1670089885.524675; 294198; 26
1670089885.549674; 294223; 26
1670089885.574671; 294248; 26
1670089885.599669; 294273; 26
1670089885.624669; 294298; 23
1670089885.649674; 294323; 23
1670089885.674671; 294348; 23
1670089885.699669; 294373; 23
1670089885.724669; 294398; 23
1670089885.749683; 294423; 23
1670089885.774671; 294448; 23
1670089885.799669; 294473; 23
1670089885.824669; 294498; 23
1670089885.849674; 294523; 23
1670089885.874676; 294548; 23
1670089885.899669; 294573; 23
1670089885.924670; 294598; 23
1670089885.949674; 294623; 23
1670089885.974671; 294648; 23
1670089885.999670; 294673; 23
1670089886.024669; 294698; 23
1670089886.049681; 294723; 23
1670089886.074677; 294748; 23
1670089886.099676; 294773; 23
1670089886.124671; 294798; 23
1670089886.149682; 294823; 23
1670089886.174672; 294848; 23
1670089886.199675; 294873; 23
1670089886.224675; 294898; 23
1670089886.249675; 294923; 23
1670089886.274679; 294948; 23
1670089886.299702; 294973; 23
1670089886.324675; 294998; 23
1670089886.349675; 295023; 24
1670089886.374680; 295048; 24
1670089886.399676; 295073; 24
1670089886.424670; 295098; 24
1670089886.449670; 295123; 23
1670089886.474674; 295148; 23
1670089886.499671; 295173; 23
1670089886.524675; 295198; 23
1670089886.549675; 295223; 22
1670089886.574678; 295248; 22
1670089886.599676; 295273; 22
1670089886.624670; 295298; 22
1670089886.649669; 295323; 23
1670089886.674674; 295348; 23
1670089886.699671; 295373; 23
1670089886.724675; 295398; 23
1670089886.749675; 295423; 24
1670089886.774674; 295448; 24
1670089886.799671; 295473; 24
1670089886.824669; 295498; 24
1670089886.849669; 295523; 23
1670089886.874679; 295548; 23
1670089886.899676; 295573; 23
1670089886.924669; 295598; 23
1670089886.949669; 295623; 24
1670089886.974675; 295648; 24
1670089886.999683; 295673; 24
1670089887.024671; 295698; 24
1670089887.049671; 295723; 24
1670089887.074671; 295748; 24
1670089887.099681; 295773; 24
1670089887.124679; 295798; 24
1670089887.149669; 295823; 25
1670089887.174669; 295848; 25
1670089887.199674; 295873; 25
1670089887.224671; 295898; 25
1670089887.249669; 295923; 25
1670089887.274669; 295948; 25
1670089887.299674; 295973; 25
1670089887.324676; 295998; 25
1670089887.349670; 296023; 25
1670089887.374695; 296048; 25
1670089887.399683; 296073; 25
1670089887.424671; 296098; 25
1670089887.449669; 296123; 25
1670089887.474669; 296148; 25
1670089887.499674; 296173; 25
1670089887.524671; 296198; 25
1670089887.549675; 296223; 25
1670089887.574675; 296248; 25
1670089887.599674; 296273; 25
1670089887.624671; 296298; 25
1670089887.649670; 296323; 25
1670089887.674669; 296348; 25
1670089887.699674; 296373; 25
1670089887.724671; 296398; 25
1670089887.749675; 296423; 25
1670089887.774675; 296448; 26
1670089887.799669; 296473; 26
1670089887.824683; 296498; 26
1670089887.849671; 296523; 26
1670089887.874669; 296548; 25
1670089887.899670; 296573; 25
1670089887.924674; 296598; 25
1670089887.949676; 296623; 25
1670089887.974669; 296648; 26
1670089887.999670; 296673; 26
1670089888.024674; 296698; 26
1670089888.049677; 296723; 26
1670089888.074676; 296748; 26
1670089888.099676; 296773; 26
1670089888.124681; 296798; 26
1670089888.149676; 296823; 26
1670089888.174669; 296848; 26
1670089888.199675; 296873; 26
1670089888.224678; 296898; 26
1670089888.249671; 296923; 26
1670089888.274669; 296948; 27
1670089888.299669; 296973; 27
1670089888.324674; 296998; 27
1670089888.349676; 297023; 27
1670089888.374675; 297048; 27
1670089888.399675; 297073; 27
1670089888.424674; 297098; 27
1670089888.449671; 297123; 27
1670089888.474669; 297148; 27
1670089888.499669; 297173; 27
1670089888.524673; 297198; 27
1670089888.549672; 297223; 27
1670089888.574675; 297248; 27
1670089888.599675; 297273; 27
1670089888.624675; 297298; 27
1670089888.649683; 297323; 27
1670089888.674671; 297348; 27
1670089888.699669; 297373; 27
1670089888.724669; 297398; 27
1670089888.749674; 297423; 27
1670089888.774671; 297448; 27
1670089888.799670; 297473; 27
1670089888.824669; 297498; 27
1670089888.849674; 297523; 27
1670089888.874676; 297548; 27
1670089888.899669; 297573; 28
1670089888.924669; 297598; 28
1670089888.949674; 297623; 28
1670089888.974676; 297648; 28
1670089888.999669; 297673; 28
1670089889.024675; 297698; 28
1670089889.049684; 297723; 28
1670089889.074677; 297748; 28
1670089889.099676; 297773; 28
1670089889.124676; 297798; 28
1670089889.149680; 297823; 28
1670089889.174705; 297848; 28
1670089889.199669; 297873; 28
1670089889.224670; 297898; 28
1670089889.249674; 297923; 28
1670089889.274671; 297948; 28
1670089889.299669; 297973; 29
1670089889.324669; 297998; 29
1670089889.349673; 298023; 29
1670089889.374672; 298048; 29
1670089889.399675; 298073; 30
1670089889.424675; 298098; 30
1670089889.449675; 298123; 30
1670089889.474683; 298148; 30
1670089889.499671; 298173; 30
1670089889.524669; 298198; 30
1670089889.549670; 298223; 30
1670089889.574674; 298248; 30
1670089889.599671; 298273; 30
1670089889.624669; 298298; 30
1670089889.649670; 298323; 30
1670089889.674674; 298348; 30
1670089889.699671; 298373; 30
1670089889.724670; 298398; 30
1670089889.749670; 298423; 30
1670089889.774674; 298448; 30
1670089889.799676; 298473; 30
1670089889.824669; 298498; 29
1670089889.849675; 298523; 29
1670089889.874683; 298548; 29
1670089889.899676; 298573; 29
1670089889.924670; 298598; 28
1670089889.949670; 298623; 28
1670089889.974674; 298648; 28
1670089889.999671; 298673; 28
1670089890.024669; 298698; 29
1670089890.049676; 298723; 29
1670089890.074681; 298748; 29
1670089890.099677; 298773; 29
1670089890.124676; 298798; 31
1670089890.149669; 298823; 31
1670089890.174669; 298848; 31
1670089890.199679; 298873; 31
1670089890.224676; 298898; 30
1670089890.249669; 298923; 30
1670089890.274669; 298948; 30
1670089890.299683; 298973; 30
1670089890.324671; 298998; 29
1670089890.349670; 299023; 29
1670089890.374675; 299048; 29
1670089890.399674; 299073; 29
1670089890.424671; 299098; 30
1670089890.449670; 299123; 30
1670089890.474669; 299148; 30
1670089890.499674; 299173; 30
1670089890.524671; 299198; 28
1670089890.549669; 299223; 28
1670089890.574670; 299248; 28
1670089890.599684; 299273; 28
1670089890.624671; 299298; 27
1670089890.649670; 299323; 27
1670089890.674675; 299348; 27
1670089890.699678; 299373; 27
1670089890.724676; 299398; 25
1670089890.749670; 299423; 25
1670089890.774669; 299448; 25
1670089890.799674; 299473; 25
1670089890.824676; 299498; 21
1670089890.849669; 299523; 21
1670089890.874675; 299548; 21
1670089890.899674; 299573; 21
1670089890.924671; 299598; 21
1670089890.949670; 299623; 19
1670089890.974669; 299648; 19
1670089890.999670; 299673; 19
1670089891.024674; 299698; 19
1670089891.049677; 299723; 18
1670089891.074671; 299748; 18
1670089891.099671; 299773; 18
1670089891.124679; 299798; 18
1670089891.149676; 299823; 19
1670089891.174669; 299848; 19
1670089891.199669; 299873; 19
1670089891.224674; 299898; 19
1670089891.249671; 299923; 19
1670089891.274669; 299948; 19
1670089891.299669; 299973; 19
1670089891.324674; 299998; 19
1670089891.349671; 300023; 19
1670089891.374675; 300048; 19
1670089891.399675; 300073; 19
1670089891.424680; 300098; 19
1670089891.449676; 300123; 19
1670089891.474670; 300148; 19
1670089891.499669; 300173; 19
1670089891.524683; 300198; 19
1670089891.549671; 300223; 19
1670089891.574669; 300248; 19
1670089891.599669; 300273; 19
1670089891.624698; 300298; 19
1670089891.649671; 300323; 20
1670089891.674670; 300348; 20
1670089891.699670; 300373; 20
1670089891.724673; 300398; 20
1670089891.749672; 300423; 21
1670089891.774675; 300448; 21
1670089891.799675; 300473; 21
1670089891.824675; 300498; 21
1670089891.849674; 300523; 21
1670089891.874671; 300548; 21
1670089891.899669; 300573; 21
1670089891.924684; 300598; 21
1670089891.949683; 300623; 20
1670089891.974671; 300648; 20
1670089891.999670; 300673; 20
1670089892.024669; 300698; 20
1670089892.049681; 300723; 20
1670089892.074677; 300748; 20
1670089892.099676; 300773; 20
1670089892.124676; 300798; 20
1670089892.149680; 300823; 20
1670089892.174676; 300848; 20
1670089892.199669; 300873; 20
1670089892.224669; 300898; 20
1670089892.249680; 300923; 20
1670089892.274676; 300948; 21
1670089892.299670; 300973; 21
1670089892.324670; 300998; 21
1670089892.349683; 301023; 21
1670089892.374676; 301048; 20
1670089892.399669; 301073; 20
1670089892.424670; 301098; 20
1670089892.449682; 301123; 20
1670089892.474671; 301148; 20
1670089892.499675; 301173; 20
1670089892.524675; 301198; 20
1670089892.549678; 301223; 20
1670089892.574677; 301248; 21
1670089892.599669; 301273; 21
1670089892.624669; 301298; 21
1670089892.649675; 301323; 21
1670089892.674680; 301348; 21
1670089892.699676; 301373; 21
1670089892.724669; 301398; 21
1670089892.749669; 301423; 21
1670089892.774683; 301448; 21
1670089892.799671; 301473; 21
1670089892.824670; 301498; 21
1670089892.849669; 301523; 21
1670089892.874674; 301548; 20
1670089892.899671; 301573; 20
1670089892.924669; 301598; 20
1670089892.949670; 301623; 20
1670089892.974674; 301648; 21
1670089892.999671; 301673; 21
1670089893.024669; 301698; 21
1670089893.049676; 301723; 21
1670089893.074675; 301748; 22
1670089893.099672; 301773; 22
1670089893.124671; 301798; 22
1670089893.149669; 301823; 22
1670089893.174678; 301848; 23
1670089893.199671; 301873; 23
1670089893.224669; 301898; 23
1670089893.249669; 301923; 23
1670089893.274674; 301948; 23
1670089893.299671; 301973; 22
1670089893.324669; 301998; 22
1670089893.349669; 302023; 22
1670089893.374675; 302048; 22
1670089893.399674; 302073; 21
1670089893.424671; 302098; 21
1670089893.449669; 302123; 21
1670089893.474670; 302148; 21
1670089893.499674; 302173; 21
1670089893.524671; 302198; 21
1670089893.549670; 302223; 21
1670089893.574670; 302248; 21
1670089893.599678; 302273; 21
1670089893.624671; 302298; 21
1670089893.649670; 302323; 21
1670089893.674669; 302348; 21
1670089893.699674; 302373; 21
1670089893.724676; 302398; 21
1670089893.749670; 302423; 21
1670089893.774670; 302448; 21
1670089893.799674; 302473; 22
1670089893.824671; 302498; 22
1670089893.849669; 302523; 22
1670089893.874675; 302548; 22
1670089893.899680; 302573; 23
1670089893.924676; 302598; 23
1670089893.949670; 302623; 23
1670089893.974669; 302648; 23
1670089893.999683; 302673; 24
1670089894.024671; 302698; 24
1670089894.049671; 302723; 24
1670089894.074671; 302748; 24
1670089894.099675; 302773; 24
1670089894.124672; 302798; 24
1670089894.149669; 302823; 24
1670089894.174670; 302848; 24
1670089894.199670; 302873; 24
1670089894.224674; 302898; 24
1670089894.249671; 302923; 24
1670089894.274670; 302948; 24
1670089894.299670; 302973; 24
1670089894.324674; 302998; 24
1670089894.349671; 303023; 24
1670089894.374675; 303048; 24
1670089894.399675; 303073; 24
1670089894.424683; 303098; 25
1670089894.449671; 303123; 25
1670089894.474670; 303148; 25
1670089894.499675; 303173; 25
1670089894.524680; 303198; 25
1670089894.549671; 303223; 25
1670089894.574669; 303248; 25
1670089894.599670; 303273; 25
1670089894.624674; 303298; 26
1670089894.649671; 303323; 26
1670089894.674669; 303348; 26
1670089894.699669; 303373; 26
1670089894.724674; 303398; 27
1670089894.749671; 303423; 27
1670089894.774669; 303448; 27
1670089894.799670; 303473; 27
1670089894.824678; 303498; 27
1670089894.849676; 303523; 27
1670089894.874675; 303548; 27
1670089894.899675; 303573; 27
1670089894.924673; 303598; 28
1670089894.949672; 303623; 28
1670089894.974669; 303648; 28
1670089894.999669; 303673; 28
1670089895.024669; 303698; 27
1670089895.049675; 303723; 27
1670089895.074672; 303748; 27
1670089895.099671; 303773; 27
1670089895.124671; 303798; 27
1670089895.149680; 303823; 27
1670089895.174676; 303848; 27
1670089895.199669; 303873; 27
1670089895.224669; 303898; 27
1670089895.249683; 303923; 27
1670089895.274671; 303948; 27
1670089895.299669; 303973; 27
1670089895.324670; 303998; 26
1670089895.349674; 304023; 26
1670089895.374676; 304048; 26
1670089895.399669; 304073; 26
1670089895.424669; 304098; 27
1670089895.449674; 304123; 27
1670089895.474671; 304148; 27
1670089895.499669; 304173; 27
1670089895.524669; 304198; 27
1670089895.549674; 304223; 26
1670089895.574671; 304248; 26
1670089895.599669; 304273; 26
1670089895.624670; 304298; 26
1670089895.649683; 304323; 26
1670089895.674671; 304348; 26
1670089895.699669; 304373; 26
1670089895.724673; 304398; 26
1670089895.749678; 304423; 26
1670089895.774672; 304448; 26
1670089895.799675; 304473; 26
1670089895.824675; 304498; 26
1670089895.849675; 304523; 25
1670089895.874680; 304548; 25
1670089895.899676; 304573; 25
1670089895.924688; 304598; 25
1670089895.949669; 304623; 25
1670089895.974674; 304648; 25
1670089895.999671; 304673; 25
1670089896.024669; 304698; 25
1670089896.049676; 304723; 25
1670089896.074684; 304748; 25
1670089896.099677; 304773; 25
1670089896.124676; 304798; 25
1670089896.149669; 304823; 26
1670089896.174674; 304848; 26
1670089896.199676; 304873; 26
1670089896.224669; 304898; 26
1670089896.249669; 304923; 26
1670089896.274674; 304948; 26
1670089896.299671; 304973; 26
1670089896.324670; 304998; 26
1670089896.349675; 305023; 27
1670089896.374679; 305048; 27
1670089896.399676; 305073; 27
1670089896.424670; 305098; 27
1670089896.449670; 305123; 27
1670089896.474678; 305148; 27
1670089896.499676; 305173; 27
1670089896.524669; 305198; 27
1670089896.549669; 305223; 26
1670089896.574669; 305248; 26
1670089896.599679; 305273; 26
1670089896.624676; 305298; 26
1670089896.649669; 305323; 27
1670089896.674669; 305348; 27
1670089896.699674; 305373; 27
1670089896.724671; 305398; 27
1670089896.749702; 305423; 27
1670089896.774675; 305448; 27
1670089896.799674; 305473; 27
1670089896.824671; 305498; 27
1670089896.849670; 305523; 27
1670089896.874675; 305548; 28
1670089896.899683; 305573; 28
1670089896.924671; 305598; 28
1670089896.949688; 305623; 28
1670089896.974669; 305648; 27
1670089896.999674; 305673; 27
1670089897.024671; 305698; 27
1670089897.049671; 305723; 27
1670089897.074671; 305748; 27
1670089897.099675; 305773; 27
1670089897.124672; 305798; 27
1670089897.149675; 305823; 27
1670089897.174675; 305848; 27
1670089897.199674; 305873; 27
1670089897.224671; 305898; 27
1670089897.249669; 305923; 27
1670089897.274669; 305948; 26
1670089897.299683; 305973; 26
1670089897.324671; 305998; 26
1670089897.349670; 306023; 26
1670089897.374675; 306048; 27
1670089897.399675; 306073; 27
1670089897.424674; 306098; 27
1670089897.449671; 306123; 27
1670089897.474670; 306148; 26
1670089897.499669; 306173; 26
1670089897.524674; 306198; 26
1670089897.549671; 306223; 26
1670089897.574669; 306248; 27
1670089897.599669; 306273; 27
1670089897.624674; 306298; 27
1670089897.649671; 306323; 27
1670089897.674670; 306348; 26
1670089897.699669; 306373; 26
1670089897.724683; 306398; 26
1670089897.749671; 306423; 26
1670089897.774672; 306448; 27
1670089897.799675; 306473; 27
1670089897.824680; 306498; 27
1670089897.849676; 306523; 27
1670089897.874669; 306548; 27
1670089897.899669; 306573; 26
1670089897.924674; 306598; 26
1670089897.949671; 306623; 26
1670089897.974671; 306648; 26
1670089897.999670; 306673; 25
