1670090202.350662; 611023; 17
1670090202.374672; 611048; 17
1670090202.399675; 611073; 17
1670090202.424675; 611098; 17
1670090202.449675; 611123; 17
1670090202.474689; 611148; 17
1670090202.499671; 611173; 17
1670090202.524700; 611198; 16
1670090202.549669; 611223; 16
1670090202.574674; 611248; 16
1670090202.599671; 611273; 16
1670090202.624669; 611298; 17
1670090202.649670; 611323; 17
1670090202.674674; 611348; 17
1670090202.699671; 611373; 17
1670090202.724673; 611398; 17
1670090202.749675; 611423; 17
1670090202.774680; 611448; 17
1670090202.799676; 611473; 17
1670090202.824675; 611498; 17
1670090202.849675; 611523; 17
1670090203.006001; 611679; 16
1670090203.030672; 611704; 16
1670090203.055671; 611729; 16
1670090203.080676; 611754; 16
1670090203.105675; 611779; 16
1670090203.130671; 611804; 17
1670090203.155675; 611829; 17
1670090203.180675; 611854; 17
1670090203.205674; 611879; 17
1670090203.230671; 611904; 17
1670090203.255669; 611929; 17
1670090203.280669; 611954; 17
1670090203.305669; 611979; 17
1670090203.330674; 612004; 17
1670090203.355671; 612029; 17
1670090203.380675; 612054; 17
1670090203.405675; 612079; 17
1670090203.430683; 612104; 17
1670090203.455676; 612129; 16
1670090203.480675; 612154; 16
1670090203.505675; 612179; 16
1670090203.530680; 612204; 16
1670090203.555676; 612229; 17
1670090203.580675; 612254; 17
1670090203.605675; 612279; 17
1670090203.630680; 612304; 17
1670090203.655676; 612329; 17
1670090203.680675; 612354; 17
1670090203.705675; 612379; 17
1670090203.730680; 612404; 17
1670090203.755676; 612429; 17
1670090203.780670; 612454; 17
1670090203.805670; 612479; 17
1670090203.830683; 612504; 17
1670090203.855676; 612529; 17
1670090203.880675; 612554; 17
1670090203.905675; 612579; 17
1670090203.930680; 612604; 17
1670090203.955676; 612629; 17
1670090203.980669; 612654; 17
1670090204.005669; 612679; 17
1670090204.030681; 612704; 17
1670090204.055672; 612729; 17
1670090204.080671; 612754; 17
1670090204.105676; 612779; 17
1670090204.130675; 612804; 17
1670090204.155680; 612829; 17
1670090204.180671; 612854; 17
1670090204.205669; 612879; 17
1670090204.230670; 612904; 17
1670090204.255683; 612929; 17
1670090204.280676; 612954; 17
1670090204.305675; 612979; 17
1670090204.330675; 613004; 17
1670090204.355680; 613029; 17
1670090204.380676; 613054; 17
1670090204.405675; 613079; 17
1670090204.430675; 613104; 17
1670090204.455680; 613129; 17
1670090204.480676; 613154; 17
1670090204.505675; 613179; 17
1670090204.530675; 613204; 17
1670090204.555680; 613229; 17
1670090204.580671; 613254; 17
1670090204.605669; 613279; 17
1670090204.630670; 613304; 17
1670090204.655683; 613329; 17
1670090204.680676; 613354; 17
1670090204.705675; 613379; 17
1670090204.730675; 613404; 17
1670090204.755680; 613429; 17
1670090204.780676; 613454; 17
1670090204.805675; 613479; 17
1670090204.830670; 613504; 17
1670090204.855673; 613529; 17
1670090204.880677; 613554; 17
1670090204.905669; 613579; 17
1670090204.930670; 613604; 17
1670090204.955670; 613629; 17
1670090204.980674; 613654; 17
1670090205.005671; 613679; 17
1670090205.030676; 613704; 17
1670090205.055676; 613729; 17
1670090205.080679; 613754; 17
1670090205.105672; 613779; 17
1670090205.130675; 613804; 17
1670090205.155675; 613829; 17
1670090205.180680; 613854; 17
1670090205.205676; 613879; 17
1670090205.230675; 613904; 17
1670090205.255675; 613929; 17
1670090205.280680; 613954; 16
1670090205.305676; 613979; 16
1670090205.330675; 614004; 16
1670090205.355675; 614029; 16
1670090205.380680; 614054; 17
1670090205.405671; 614079; 17
1670090205.430670; 614104; 17
1670090205.455669; 614129; 17
1670090205.480683; 614154; 17
1670090205.505676; 614179; 17
1670090205.530675; 614204; 17
1670090205.555675; 614229; 17
1670090205.580680; 614254; 17
1670090205.605676; 614279; 17
1670090205.630675; 614304; 17
1670090205.655675; 614329; 17
1670090205.680673; 614354; 17
1670090205.705672; 614379; 17
1670090205.730675; 614404; 17
1670090205.755675; 614429; 17
1670090205.780675; 614454; 17
1670090205.805674; 614479; 17
1670090205.830671; 614504; 17
1670090205.855669; 614529; 17
1670090205.880675; 614554; 17
1670090205.905683; 614579; 17
1670090205.930676; 614604; 17
1670090205.955675; 614629; 17
1670090205.980675; 614654; 17
1670090206.005694; 614679; 17
1670090206.030677; 614704; 17
1670090206.055671; 614729; 17
1670090206.080676; 614754; 17
1670090206.105681; 614779; 17
1670090206.130671; 614804; 17
1670090206.155669; 614829; 17
1670090206.180669; 614854; 17
1670090206.205705; 614879; 17
1670090206.230671; 614904; 17
1670090206.255669; 614929; 17
1670090206.280669; 614954; 17
1670090206.305683; 614979; 17
1670090206.330676; 615004; 17
1670090206.355675; 615029; 17
1670090206.380669; 615054; 17
1670090206.405674; 615079; 17
1670090206.430676; 615104; 17
1670090206.455675; 615129; 17
1670090206.480670; 615154; 17
1670090206.505669; 615179; 17
1670090206.530674; 615204; 17
1670090206.555671; 615229; 17
1670090206.580669; 615254; 17
1670090206.605669; 615279; 17
1670090206.630679; 615304; 17
1670090206.655676; 615329; 17
1670090206.680675; 615354; 17
1670090206.705675; 615379; 17
1670090206.730678; 615404; 17
1670090206.755671; 615429; 17
1670090206.780669; 615454; 17
1670090206.805670; 615479; 17
1670090206.830674; 615504; 17
1670090206.855671; 615529; 17
1670090206.880669; 615554; 17
1670090206.905669; 615579; 17
1670090206.930674; 615604; 17
1670090206.955671; 615629; 17
1670090206.980669; 615654; 17
1670090207.005670; 615679; 17
1670090207.030688; 615704; 17
1670090207.055672; 615729; 17
1670090207.080671; 615754; 17
1670090207.105671; 615779; 17
1670090207.130683; 615804; 17
1670090207.155676; 615829; 17
1670090207.180675; 615854; 17
1670090207.205675; 615879; 17
1670090207.230680; 615904; 17
1670090207.255676; 615929; 17
1670090207.280680; 615954; 17
1670090207.305669; 615979; 17
1670090207.330669; 616004; 17
1670090207.355674; 616029; 17
1670090207.380676; 616054; 17
1670090207.405675; 616079; 17
1670090207.430675; 616104; 17
1670090207.455674; 616129; 17
1670090207.480671; 616154; 17
1670090207.505670; 616179; 17
1670090207.530670; 616204; 17
1670090207.555683; 616229; 17
1670090207.580676; 616254; 17
1670090207.605675; 616279; 17
1670090207.630675; 616304; 17
1670090207.655674; 616329; 17
1670090207.680671; 616354; 17
1670090207.705669; 616379; 17
1670090207.730669; 616404; 17
1670090207.755674; 616429; 17
1670090207.780671; 616454; 17
1670090207.805670; 616479; 17
1670090207.830670; 616504; 17
1670090207.855674; 616529; 17
1670090207.880676; 616554; 17
1670090207.905675; 616579; 17
1670090207.930675; 616604; 17
1670090207.955678; 616629; 17
1670090207.980671; 616654; 17
1670090208.005670; 616679; 17
1670090208.030676; 616704; 17
1670090208.055679; 616729; 17
1670090208.080678; 616754; 17
1670090208.105676; 616779; 17
1670090208.130675; 616804; 17
1670090208.155675; 616829; 17
1670090208.180674; 616854; 17
1670090208.205671; 616879; 17
1670090208.230670; 616904; 17
1670090208.255678; 616929; 17
1670090208.280674; 616954; 17
1670090208.305671; 616979; 17
1670090208.330670; 617004; 17
1670090208.355670; 617029; 17
1670090208.380683; 617054; 17
1670090208.405676; 617079; 17
1670090208.430675; 617104; 17
1670090208.455675; 617129; 17
1670090208.480674; 617154; 17
1670090208.505671; 617179; 17
1670090208.530669; 617204; 17
1670090208.555669; 617229; 17
1670090208.580674; 617254; 17
1670090208.605671; 617279; 17
1670090208.630669; 617304; 17
1670090208.655669; 617329; 17
1670090208.680674; 617354; 17
1670090208.705671; 617379; 17
1670090208.730670; 617404; 17
1670090208.755669; 617429; 17
1670090208.780678; 617454; 17
1670090208.805671; 617479; 17
1670090208.830670; 617504; 17
1670090208.855669; 617529; 17
1670090208.880673; 617554; 17
1670090208.905672; 617579; 17
1670090208.930669; 617604; 17
1670090208.955669; 617629; 17
1670090208.980670; 617654; 17
1670090209.005674; 617679; 17
1670090209.030677; 617704; 17
1670090209.055676; 617729; 17
1670090209.080676; 617754; 16
1670090209.105681; 617779; 16
1670090209.130671; 617804; 16
1670090209.155669; 617829; 16
1670090209.180669; 617854; 17
1670090209.205678; 617879; 17
1670090209.230671; 617904; 17
1670090209.255669; 617929; 17
1670090209.280675; 617954; 17
1670090209.305674; 617979; 17
1670090209.330671; 618004; 17
1670090209.355669; 618029; 17
1670090209.380675; 618054; 17
1670090209.405680; 618079; 17
1670090209.430676; 618104; 17
1670090209.455675; 618129; 17
1670090209.480675; 618154; 17
1670090209.505680; 618179; 17
1670090209.530676; 618204; 17
1670090209.555675; 618229; 17
1670090209.580675; 618254; 17
1670090209.605678; 618279; 17
1670090209.630671; 618304; 17
1670090209.655670; 618329; 17
1670090209.680670; 618354; 17
1670090209.705670; 618379; 17
1670090209.730674; 618404; 17
1670090209.755676; 618429; 17
1670090209.780675; 618454; 17
1670090209.805675; 618479; 17
1670090209.830680; 618504; 17
1670090209.855676; 618529; 17
1670090209.880675; 618554; 17
1670090209.905675; 618579; 17
1670090209.930680; 618604; 17
1670090209.955676; 618629; 17
1670090209.980675; 618654; 16
1670090210.005675; 618679; 16
1670090210.030684; 618704; 16
1670090210.055677; 618729; 16
1670090210.080676; 618754; 17
1670090210.105671; 618779; 17
1670090210.130674; 618804; 17
1670090210.155671; 618829; 17
1670090210.180670; 618854; 17
1670090210.205669; 618879; 17
1670090210.230674; 618904; 17
1670090210.255671; 618929; 17
1670090210.280670; 618954; 17
1670090210.305669; 618979; 17
1670090210.330674; 619004; 17
1670090210.355671; 619029; 17
1670090210.380675; 619054; 17
1670090210.405675; 619079; 17
1670090210.430683; 619104; 17
1670090210.455676; 619129; 17
1670090210.480675; 619154; 17
1670090210.505675; 619179; 16
1670090210.530675; 619204; 16
1670090210.555680; 619229; 16
1670090210.580676; 619254; 16
1670090210.605675; 619279; 17
1670090210.630675; 619304; 17
1670090210.655680; 619329; 17
1670090210.680676; 619354; 17
1670090210.705675; 619379; 17
1670090210.730675; 619404; 17
1670090210.755679; 619429; 17
1670090210.780676; 619454; 17
1670090210.805675; 619479; 17
1670090210.830675; 619504; 17
1670090210.855683; 619529; 17
1670090210.880676; 619554; 17
1670090210.905675; 619579; 17
1670090210.930675; 619604; 17
1670090210.955680; 619629; 17
1670090210.980676; 619654; 17
1670090211.005675; 619679; 17
1670090211.030671; 619704; 17
1670090211.055675; 619729; 17
1670090211.080672; 619754; 17
1670090211.105671; 619779; 17
1670090211.130669; 619804; 17
1670090211.155674; 619829; 17
1670090211.180671; 619854; 17
1670090211.205670; 619879; 17
1670090211.230669; 619904; 17
1670090211.255677; 619929; 17
1670090211.280672; 619954; 17
1670090211.305675; 619979; 17
1670090211.330697; 620004; 17
1670090211.355670; 620029; 17
1670090211.380680; 620054; 17
1670090211.405676; 620079; 17
1670090211.430675; 620104; 17
1670090211.455675; 620129; 17
1670090211.480680; 620154; 17
1670090211.505676; 620179; 17
1670090211.530709; 620204; 17
1670090211.555675; 620229; 17
1670090211.580680; 620254; 17
1670090211.605676; 620279; 17
1670090211.630675; 620304; 17
1670090211.655675; 620329; 17
1670090211.680678; 620354; 17
1670090211.705671; 620379; 17
1670090211.730670; 620404; 17
1670090211.755675; 620429; 17
1670090211.780680; 620454; 17
1670090211.805676; 620479; 17
1670090211.830675; 620504; 17
1670090211.855675; 620529; 17
1670090211.880680; 620554; 17
1670090211.905676; 620579; 17
1670090211.930675; 620604; 16
1670090211.955669; 620629; 16
1670090211.980674; 620654; 16
1670090212.005671; 620679; 16
1670090212.030676; 620704; 17
1670090212.055676; 620729; 17
1670090212.080683; 620754; 17
1670090212.105678; 620779; 17
1670090212.130670; 620804; 17
1670090212.155669; 620829; 17
1670090212.180669; 620854; 17
1670090212.205674; 620879; 17
1670090212.230671; 620904; 17
1670090212.255669; 620929; 17
1670090212.280669; 620954; 17
1670090212.305674; 620979; 17
1670090212.330671; 621004; 17
1670090212.355674; 621029; 17
1670090212.380669; 621054; 17
1670090212.405674; 621079; 17
1670090212.430671; 621104; 17
1670090212.455669; 621129; 17
1670090212.480669; 621154; 17
1670090212.505683; 621179; 17
1670090212.530676; 621204; 17
1670090212.555669; 621229; 17
1670090212.580675; 621254; 17
1670090212.605698; 621279; 17
1670090212.630676; 621304; 17
1670090212.655675; 621329; 17
1670090212.680675; 621354; 17
1670090212.705680; 621379; 17
1670090212.730676; 621404; 17
1670090212.755675; 621429; 16
1670090212.780675; 621454; 16
1670090212.805680; 621479; 16
1670090212.830676; 621504; 16
1670090212.855675; 621529; 16
1670090212.880675; 621554; 16
1670090212.905675; 621579; 16
1670090212.930678; 621604; 16
1670090212.955671; 621629; 17
1670090212.980670; 621654; 17
1670090213.005669; 621679; 17
1670090213.030681; 621704; 17
1670090213.055672; 621729; 17
1670090213.080671; 621754; 17
1670090213.105671; 621779; 17
1670090213.130674; 621804; 17
1670090213.155671; 621829; 18
1670090213.180669; 621854; 18
1670090213.205670; 621879; 18
1670090213.230674; 621904; 18
1670090213.255671; 621929; 18
1670090213.280670; 621954; 18
1670090213.305669; 621979; 18
1670090213.330678; 622004; 18
1670090213.355671; 622029; 18
1670090213.380670; 622054; 18
1670090213.405670; 622079; 18
1670090213.430674; 622104; 18
1670090213.455671; 622129; 19
1670090213.480669; 622154; 19
1670090213.505670; 622179; 19
1670090213.530674; 622204; 19
1670090213.555671; 622229; 21
1670090213.580678; 622254; 21
1670090213.605675; 622279; 21
1670090213.630676; 622304; 21
1670090213.655676; 622329; 22
1670090213.680675; 622354; 22
1670090213.705675; 622379; 22
1670090213.730675; 622404; 22
1670090213.755678; 622429; 22
1670090213.780671; 622454; 24
1670090213.805675; 622479; 24
1670090213.830675; 622504; 24
1670090213.855680; 622529; 24
1670090213.880676; 622554; 26
1670090213.905675; 622579; 26
1670090213.930675; 622604; 26
1670090213.955680; 622629; 26
1670090213.980676; 622654; 28
1670090214.005675; 622679; 28
1670090214.030671; 622704; 28
1670090214.055675; 622729; 28
1670090214.080672; 622754; 31
1670090214.105671; 622779; 31
1670090214.130669; 622804; 31
1670090214.155683; 622829; 31
1670090214.180676; 622854; 33
1670090214.205670; 622879; 33
1670090214.230669; 622904; 33
1670090214.255674; 622929; 33
1670090214.280671; 622954; 33
1670090214.305669; 622979; 33
1670090214.330669; 623004; 33
1670090214.355674; 623029; 33
1670090214.380676; 623054; 32
1670090214.405675; 623079; 32
1670090214.430675; 623104; 32
1670090214.455673; 623129; 32
1670090214.480672; 623154; 33
1670090214.505675; 623179; 33
1670090214.530675; 623204; 33
1670090214.555675; 623229; 33
1670090214.580678; 623254; 33
1670090214.605671; 623279; 33
1670090214.630675; 623304; 33
1670090214.655675; 623329; 33
1670090214.680680; 623354; 29
1670090214.705676; 623379; 29
1670090214.730675; 623404; 29
1670090214.755675; 623429; 29
1670090214.780680; 623454; 27
1670090214.805676; 623479; 27
1670090214.830675; 623504; 27
1670090214.855675; 623529; 27
1670090214.880680; 623554; 27
1670090214.905676; 623579; 23
1670090214.930675; 623604; 23
1670090214.955675; 623629; 23
1670090214.980683; 623654; 23
1670090215.005676; 623679; 23
1670090215.030676; 623704; 23
1670090215.055676; 623729; 23
1670090215.080675; 623754; 23
1670090215.105672; 623779; 23
1670090215.130669; 623804; 23
1670090215.155669; 623829; 23
1670090215.180674; 623854; 23
1670090215.205671; 623879; 23
1670090215.230675; 623904; 23
1670090215.255675; 623929; 23
1670090215.280673; 623954; 23
1670090215.305672; 623979; 25
1670090215.330675; 624004; 25
1670090215.355675; 624029; 25
1670090215.380669; 624054; 25
1670090215.405683; 624079; 25
1670090215.430671; 624104; 25
1670090215.455669; 624129; 25
1670090215.480669; 624154; 25
1670090215.505674; 624179; 23
1670090215.530671; 624204; 23
1670090215.555669; 624229; 23
1670090215.580669; 624254; 23
1670090215.605674; 624279; 21
1670090215.630671; 624304; 21
1670090215.655675; 624329; 21
1670090215.680675; 624354; 21
1670090215.705680; 624379; 19
1670090215.730676; 624404; 19
1670090215.755675; 624429; 19
1670090215.780675; 624454; 19
1670090215.805683; 624479; 17
1670090215.830676; 624504; 17
1670090215.855675; 624529; 17
1670090215.880675; 624554; 17
1670090215.905680; 624579; 17
1670090215.930676; 624604; 17
1670090215.955675; 624629; 17
1670090215.980675; 624654; 17
1670090216.005680; 624679; 17
1670090216.030672; 624704; 17
1670090216.055671; 624729; 17
1670090216.080676; 624754; 17
1670090216.105676; 624779; 17
1670090216.130674; 624804; 17
1670090216.155671; 624829; 17
1670090216.180669; 624854; 17
1670090216.205670; 624879; 17
1670090216.230678; 624904; 17
1670090216.255676; 624929; 17
1670090216.280675; 624954; 17
1670090216.305675; 624979; 17
1670090216.330680; 625004; 17
1670090216.355676; 625029; 17
1670090216.380669; 625054; 17
1670090216.405670; 625079; 17
1670090216.430674; 625104; 17
1670090216.455676; 625129; 17
1670090216.480675; 625154; 17
1670090216.505669; 625179; 17
1670090216.530674; 625204; 16
1670090216.555671; 625229; 16
1670090216.580670; 625254; 16
1670090216.605669; 625279; 16
1670090216.630683; 625304; 17
1670090216.655689; 625329; 17
1670090216.680669; 625354; 17
1670090216.705670; 625379; 17
1670090216.730674; 625404; 17
1670090216.755671; 625429; 17
1670090216.780669; 625454; 17
1670090216.805670; 625479; 17
1670090216.830674; 625504; 17
1670090216.855694; 625529; 17
1670090216.880675; 625554; 17
1670090216.905675; 625579; 17
1670090216.930669; 625604; 17
1670090216.955674; 625629; 17
1670090216.980671; 625654; 17
1670090217.005670; 625679; 17
1670090217.030676; 625704; 16
1670090217.055684; 625729; 16
1670090217.080677; 625754; 16
1670090217.105676; 625779; 16
1670090217.130675; 625804; 17
1670090217.155680; 625829; 17
1670090217.180676; 625854; 17
1670090217.205675; 625879; 17
1670090217.230675; 625904; 17
1670090217.255680; 625929; 17
1670090217.280671; 625954; 17
1670090217.305670; 625979; 17
1670090217.330675; 626004; 17
1670090217.355680; 626029; 17
1670090217.380671; 626054; 17
1670090217.405670; 626079; 17
1670090217.430669; 626104; 17
1670090217.455683; 626129; 16
1670090217.480671; 626154; 16
1670090217.505670; 626179; 16
1670090217.530669; 626204; 16
1670090217.555674; 626229; 16
1670090217.580671; 626254; 16
1670090217.605670; 626279; 16
1670090217.630670; 626304; 16
1670090217.655673; 626329; 17
1670090217.680672; 626354; 17
1670090217.705675; 626379; 17
1670090217.730675; 626404; 17
1670090217.755675; 626429; 17
1670090217.780674; 626454; 17
1670090217.805671; 626479; 17
1670090217.830669; 626504; 17
1670090217.855669; 626529; 17
1670090217.880686; 626554; 17
1670090217.905671; 626579; 17
1670090217.930669; 626604; 17
1670090217.955670; 626629; 16
1670090217.980674; 626654; 16
1670090218.005671; 626679; 16
1670090218.030676; 626704; 16
1670090218.055676; 626729; 17
1670090218.080681; 626754; 17
1670090218.105677; 626779; 17
1670090218.130670; 626804; 17
1670090218.155669; 626829; 17
1670090218.180674; 626854; 17
1670090218.205671; 626879; 17
1670090218.230669; 626904; 17
1670090218.255669; 626929; 17
1670090218.280683; 626954; 17
1670090218.305671; 626979; 17
1670090218.330670; 627004; 17
1670090218.355669; 627029; 17
1670090218.380680; 627054; 17
1670090218.405676; 627079; 17
1670090218.430675; 627104; 17
1670090218.455675; 627129; 17
1670090218.480673; 627154; 17
1670090218.505677; 627179; 17
1670090218.530669; 627204; 17
1670090218.555669; 627229; 17
1670090218.580670; 627254; 17
1670090218.605674; 627279; 17
1670090218.630671; 627304; 17
1670090218.655669; 627329; 17
1670090218.680670; 627354; 17
1670090218.705686; 627379; 17
1670090218.730671; 627404; 17
1670090218.755669; 627429; 17
1670090218.780670; 627454; 17
1670090218.805674; 627479; 17
1670090218.830671; 627504; 17
1670090218.855670; 627529; 17
1670090218.880675; 627554; 17
1670090218.905674; 627579; 17
1670090218.930676; 627604; 17
1670090218.955671; 627629; 17
1670090218.980670; 627654; 17
1670090219.005674; 627679; 17
1670090219.030677; 627704; 17
1670090219.055676; 627729; 17
1670090219.080676; 627754; 17
1670090219.105684; 627779; 17
1670090219.130676; 627804; 17
1670090219.155675; 627829; 17
1670090219.180675; 627854; 17
1670090219.205680; 627879; 17
1670090219.230676; 627904; 17
1670090219.255675; 627929; 17
1670090219.280675; 627954; 17
1670090219.305675; 627979; 17
1670090219.330680; 628004; 17
1670090219.355676; 628029; 17
1670090219.380675; 628054; 17
1670090219.405675; 628079; 17
1670090219.430680; 628104; 17
1670090219.455676; 628129; 17
1670090219.480675; 628154; 17
1670090219.505675; 628179; 17
1670090219.530683; 628204; 17
1670090219.555676; 628229; 17
1670090219.580675; 628254; 17
1670090219.605675; 628279; 17
1670090219.630680; 628304; 17
1670090219.655676; 628329; 17
1670090219.680675; 628354; 17
1670090219.705675; 628379; 17
1670090219.730680; 628404; 17
1670090219.755676; 628429; 17
1670090219.780675; 628454; 17
1670090219.805675; 628479; 16
1670090219.830680; 628504; 16
1670090219.855676; 628529; 16
1670090219.880675; 628554; 16
1670090219.905675; 628579; 17
1670090219.930678; 628604; 17
1670090219.955671; 628629; 17
1670090219.980670; 628654; 17
1670090220.005669; 628679; 17
1670090220.030681; 628704; 17
1670090220.055672; 628729; 17
1670090220.080671; 628754; 17
1670090220.105671; 628779; 17
1670090220.130670; 628804; 17
1670090220.155680; 628829; 17
1670090220.180676; 628854; 17
1670090220.205675; 628879; 17
1670090220.230675; 628904; 17
1670090220.255680; 628929; 17
1670090220.280676; 628954; 17
1670090220.305675; 628979; 17
1670090220.330675; 629004; 17
1670090220.355678; 629029; 17
1670090220.380676; 629054; 17
1670090220.405675; 629079; 17
1670090220.430675; 629104; 17
1670090220.455680; 629129; 17
1670090220.480676; 629154; 17
1670090220.505675; 629179; 17
1670090220.530675; 629204; 17
1670090220.555680; 629229; 17
1670090220.580676; 629254; 17
1670090220.605675; 629279; 17
1670090220.630675; 629304; 17
1670090220.655674; 629329; 17
1670090220.680671; 629354; 17
1670090220.705670; 629379; 17
1670090220.730669; 629404; 17
1670090220.755678; 629429; 17
1670090220.780671; 629454; 17
1670090220.805670; 629479; 17
1670090220.830670; 629504; 17
1670090220.855678; 629529; 17
1670090220.880677; 629554; 17
1670090220.905670; 629579; 17
1670090220.930670; 629604; 17
1670090220.955669; 629629; 17
1670090220.980680; 629654; 17
1670090221.005671; 629679; 17
1670090221.030676; 629704; 17
1670090221.055676; 629729; 17
1670090221.080681; 629754; 17
1670090221.105672; 629779; 17
1670090221.130670; 629804; 17
1670090221.155673; 629829; 17
1670090221.180678; 629854; 17
1670090221.205671; 629879; 17
1670090221.230669; 629904; 17
1670090221.255669; 629929; 17
1670090221.280674; 629954; 17
1670090221.305671; 629979; 17
1670090221.330670; 630004; 17
1670090221.355669; 630029; 17
1670090221.380680; 630054; 17
1670090221.405676; 630079; 17
1670090221.430675; 630104; 17
1670090221.455675; 630129; 17
1670090221.480680; 630154; 17
1670090221.505676; 630179; 17
1670090221.530675; 630204; 17
1670090221.555675; 630229; 17
1670090221.580683; 630254; 17
1670090221.605676; 630279; 17
1670090221.630675; 630304; 17
1670090221.655675; 630329; 17
1670090221.680673; 630354; 17
1670090221.705672; 630379; 17
1670090221.730675; 630404; 17
1670090221.755675; 630429; 17
1670090221.780670; 630454; 17
1670090221.805674; 630479; 17
1670090221.830676; 630504; 17
1670090221.855675; 630529; 17
1670090221.880675; 630554; 17
1670090221.905680; 630579; 17
1670090221.930676; 630604; 17
1670090221.955675; 630629; 17
1670090221.980692; 630654; 17
1670090222.005683; 630679; 17
1670090222.030672; 630704; 17
1670090222.055671; 630729; 17
1670090222.080671; 630754; 17
1670090222.105681; 630779; 17
1670090222.130671; 630804; 17
1670090222.155670; 630829; 16
1670090222.180680; 630854; 16
1670090222.205674; 630879; 16
1670090222.230671; 630904; 16
1670090222.255675; 630929; 17
1670090222.280675; 630954; 17
1670090222.305680; 630979; 17
1670090222.330676; 631004; 17
1670090222.355675; 631029; 17
1670090222.380670; 631054; 17
1670090222.405683; 631079; 17
1670090222.430676; 631104; 17
1670090222.455675; 631129; 17
1670090222.480675; 631154; 17
1670090222.505675; 631179; 17
1670090222.530680; 631204; 17
1670090222.555676; 631229; 16
1670090222.580675; 631254; 16
1670090222.605675; 631279; 16
1670090222.630680; 631304; 16
1670090222.655671; 631329; 16
1670090222.680670; 631354; 16
1670090222.705670; 631379; 16
1670090222.730674; 631404; 16
1670090222.755671; 631429; 16
1670090222.780670; 631454; 16
1670090222.805669; 631479; 16
1670090222.830678; 631504; 16
1670090222.855671; 631529; 17
1670090222.880675; 631554; 17
1670090222.905675; 631579; 17
1670090222.930680; 631604; 17
1670090222.955676; 631629; 17
1670090222.980675; 631654; 17
1670090223.005677; 631679; 17
1670090223.030681; 631704; 17
1670090223.055677; 631729; 17
1670090223.080676; 631754; 16
1670090223.105676; 631779; 16
1670090223.130674; 631804; 16
1670090223.155671; 631829; 16
1670090223.180670; 631854; 16
1670090223.205670; 631879; 16
1670090223.230678; 631904; 16
1670090223.255671; 631929; 16
1670090223.280669; 631954; 16
1670090223.305670; 631979; 16
1670090223.330670; 632004; 16
1670090223.355674; 632029; 16
1670090223.380676; 632054; 16
1670090223.405675; 632079; 16
1670090223.430675; 632104; 16
1670090223.455680; 632129; 16
1670090223.480676; 632154; 16
1670090223.505675; 632179; 16
1670090223.530675; 632204; 16
1670090223.555680; 632229; 16
1670090223.580676; 632254; 16
1670090223.605675; 632279; 16
1670090223.630670; 632304; 16
1670090223.655683; 632329; 16
1670090223.680676; 632354; 16
1670090223.705675; 632379; 16
1670090223.730675; 632404; 16
1670090223.755680; 632429; 16
1670090223.780676; 632454; 16
1670090223.805675; 632479; 16
1670090223.830675; 632504; 16
1670090223.855674; 632529; 16
1670090223.880676; 632554; 16
1670090223.905675; 632579; 16
1670090223.930675; 632604; 16
1670090223.955680; 632629; 16
1670090223.980676; 632654; 16
1670090224.005675; 632679; 16
1670090224.030684; 632704; 16
1670090224.055678; 632729; 16
1670090224.080699; 632754; 16
1670090224.105671; 632779; 16
1670090224.130669; 632804; 16
1670090224.155669; 632829; 16
1670090224.180674; 632854; 16
1670090224.205671; 632879; 16
1670090224.230675; 632904; 16
1670090224.255675; 632929; 16
1670090224.280677; 632954; 16
1670090224.305676; 632979; 16
1670090224.330675; 633004; 16
1670090224.355675; 633029; 16
1670090224.380674; 633054; 16
1670090224.405671; 633079; 16
1670090224.430670; 633104; 16
1670090224.455675; 633129; 16
1670090224.480678; 633154; 16
1670090224.505671; 633179; 16
1670090224.530669; 633204; 16
1670090224.555670; 633229; 16
1670090224.580674; 633254; 16
1670090224.605671; 633279; 16
1670090224.630670; 633304; 16
1670090224.655670; 633329; 16
1670090224.680674; 633354; 16
1670090224.705676; 633379; 16
1670090224.730675; 633404; 16
1670090224.755675; 633429; 16
1670090224.780680; 633454; 16
1670090224.805676; 633479; 16
1670090224.830675; 633504; 16
1670090224.855670; 633529; 16
1670090224.880682; 633554; 16
1670090224.905672; 633579; 16
1670090224.930675; 633604; 16
1670090224.955675; 633629; 16
1670090224.980675; 633654; 16
1670090225.005680; 633679; 16
1670090225.030672; 633704; 16
1670090225.055671; 633729; 16
1670090225.080676; 633754; 16
1670090225.105675; 633779; 16
1670090225.130671; 633804; 16
1670090225.155669; 633829; 16
1670090225.180670; 633854; 16
1670090225.205674; 633879; 16
1670090225.230671; 633904; 16
1670090225.255675; 633929; 16
1670090225.280670; 633954; 16
1670090225.305683; 633979; 16
1670090225.330676; 634004; 16
1670090225.355675; 634029; 16
1670090225.380669; 634054; 16
1670090225.405674; 634079; 16
1670090225.430671; 634104; 16
1670090225.455670; 634129; 16
1670090225.480669; 634154; 16
1670090225.505674; 634179; 16
1670090225.530671; 634204; 16
1670090225.555670; 634229; 16
1670090225.580670; 634254; 16
1670090225.605674; 634279; 16
1670090225.630671; 634304; 16
1670090225.655670; 634329; 16
1670090225.680675; 634354; 16
1670090225.705675; 634379; 16
1670090225.730683; 634404; 16
1670090225.755676; 634429; 16
1670090225.780675; 634454; 16
1670090225.805675; 634479; 16
1670090225.830680; 634504; 16
1670090225.855676; 634529; 16
1670090225.880670; 634554; 16
1670090225.905669; 634579; 16
1670090225.930680; 634604; 16
1670090225.955676; 634629; 16
1670090225.980675; 634654; 16
1670090226.005675; 634679; 16
1670090226.030675; 634704; 16
1670090226.055672; 634729; 16
1670090226.080671; 634754; 16
1670090226.105671; 634779; 16
1670090226.130678; 634804; 16
1670090226.155671; 634829; 16
1670090226.180669; 634854; 16
1670090226.205670; 634879; 16
1670090226.230674; 634904; 16
1670090226.255671; 634929; 16
1670090226.280675; 634954; 16
1670090226.305669; 634979; 16
1670090226.330680; 635004; 16
1670090226.355676; 635029; 16
1670090226.380670; 635054; 16
1670090226.405669; 635079; 16
1670090226.430674; 635104; 16
1670090226.455671; 635129; 16
1670090226.480684; 635154; 16
1670090226.505670; 635179; 16
1670090226.530670; 635204; 16
1670090226.555678; 635229; 16
1670090226.580671; 635254; 16
1670090226.605670; 635279; 16
1670090226.630670; 635304; 16
1670090226.655674; 635329; 16
1670090226.680671; 635354; 16
1670090226.705675; 635379; 16
1670090226.730675; 635404; 16
1670090226.755680; 635429; 16
1670090226.780676; 635454; 16
1670090226.805675; 635479; 16
1670090226.830675; 635504; 16
1670090226.855674; 635529; 16
1670090226.880676; 635554; 16
1670090226.905675; 635579; 16
1670090226.930675; 635604; 16
1670090226.955683; 635629; 16
1670090226.980676; 635654; 16
1670090227.005675; 635679; 16
1670090227.030671; 635704; 16
1670090227.055681; 635729; 16
1670090227.080672; 635754; 16
1670090227.105676; 635779; 16
1670090227.130675; 635804; 16
1670090227.155680; 635829; 16
1670090227.180676; 635854; 16
1670090227.205675; 635879; 16
1670090227.230675; 635904; 16
1670090227.255678; 635929; 16
1670090227.280677; 635954; 16
1670090227.305697; 635979; 16
1670090227.330669; 636004; 16
1670090227.355669; 636029; 16
1670090227.380678; 636054; 16
1670090227.405671; 636079; 16
1670090227.430670; 636104; 16
1670090227.455669; 636129; 16
1670090227.480674; 636154; 16
1670090227.505693; 636179; 16
1670090227.530675; 636204; 16
1670090227.555675; 636229; 16
1670090227.580674; 636254; 16
1670090227.605671; 636279; 16
1670090227.630669; 636304; 16
1670090227.655669; 636329; 16
1670090227.680674; 636354; 16
1670090227.705671; 636379; 16
1670090227.730675; 636404; 16
1670090227.755675; 636429; 16
1670090227.780678; 636454; 16
1670090227.805671; 636479; 16
1670090227.830670; 636504; 16
1670090227.855670; 636529; 16
1670090227.880680; 636554; 16
1670090227.905676; 636579; 16
1670090227.930669; 636604; 16
1670090227.955670; 636629; 16
1670090227.980680; 636654; 16
1670090228.005676; 636679; 16
1670090228.030676; 636704; 16
1670090228.055676; 636729; 16
1670090228.080674; 636754; 16
1670090228.105673; 636779; 16
1670090228.130675; 636804; 16
1670090228.155675; 636829; 16
1670090228.180675; 636854; 16
1670090228.205683; 636879; 16
1670090228.230676; 636904; 16
1670090228.255675; 636929; 16
1670090228.280675; 636954; 16
1670090228.305680; 636979; 16
1670090228.330672; 637004; 16
1670090228.355675; 637029; 16
1670090228.380675; 637054; 16
1670090228.405680; 637079; 16
1670090228.430676; 637104; 16
1670090228.455675; 637129; 16
1670090228.480675; 637154; 16
1670090228.505680; 637179; 16
1670090228.530675; 637204; 16
1670090228.555670; 637229; 16
1670090228.580670; 637254; 16
1670090228.605683; 637279; 16
1670090228.630676; 637304; 16
1670090228.655675; 637329; 16
1670090228.680675; 637354; 16
1670090228.705680; 637379; 16
1670090228.730676; 637404; 16
1670090228.755670; 637429; 16
1670090228.780670; 637454; 16
1670090228.805680; 637479; 16
1670090228.830676; 637504; 16
1670090228.855675; 637529; 16
1670090228.880675; 637554; 16
1670090228.905675; 637579; 16
1670090228.930680; 637604; 16
1670090228.955671; 637629; 16
1670090228.980670; 637654; 16
1670090229.005670; 637679; 16
1670090229.030684; 637704; 16
1670090229.055677; 637729; 16
1670090229.080676; 637754; 16
1670090229.105676; 637779; 16
1670090229.130680; 637804; 16
1670090229.155671; 637829; 16
1670090229.180670; 637854; 16
1670090229.205675; 637879; 16
1670090229.230680; 637904; 16
1670090229.255676; 637929; 16
1670090229.280675; 637954; 16
1670090229.305675; 637979; 16
1670090229.330680; 638004; 16
1670090229.355671; 638029; 16
1670090229.380675; 638054; 16
1670090229.405675; 638079; 16
1670090229.430678; 638104; 16
1670090229.455671; 638129; 16
1670090229.480670; 638154; 16
1670090229.505670; 638179; 16
1670090229.530674; 638204; 16
1670090229.555678; 638229; 16
1670090229.580670; 638254; 16
1670090229.605676; 638279; 16
1670090229.630674; 638304; 16
1670090229.655671; 638329; 16
1670090229.680669; 638354; 16
1670090229.705669; 638379; 16
1670090229.730670; 638404; 16
1670090229.755674; 638429; 16
1670090229.780671; 638454; 16
1670090229.805670; 638479; 16
1670090229.830670; 638504; 16
1670090229.855678; 638529; 16
1670090229.880676; 638554; 16
1670090229.905675; 638579; 16
1670090229.930675; 638604; 16
1670090229.955680; 638629; 16
1670090229.980671; 638654; 16
1670090230.005669; 638679; 16
1670090230.030676; 638704; 16
1670090230.055681; 638729; 16
1670090230.080672; 638754; 16
1670090230.105671; 638779; 16
1670090230.130669; 638804; 16
1670090230.155674; 638829; 16
1670090230.180676; 638854; 16
1670090230.205675; 638879; 16
1670090230.230675; 638904; 16
1670090230.255678; 638929; 16
1670090230.280671; 638954; 16
1670090230.305669; 638979; 16
1670090230.330669; 639004; 16
1670090230.355674; 639029; 16
1670090230.380676; 639054; 16
1670090230.405675; 639079; 16
1670090230.430675; 639104; 16
1670090230.455678; 639129; 16
1670090230.480677; 639154; 16
1670090230.505670; 639179; 16
1670090230.530670; 639204; 16
1670090230.555669; 639229; 16
1670090230.580674; 639254; 16
1670090230.605671; 639279; 16
1670090230.630670; 639304; 16
1670090230.655670; 639329; 16
1670090230.680683; 639354; 16
1670090230.705676; 639379; 16
1670090230.730675; 639404; 17
1670090230.755675; 639429; 17
1670090230.780680; 639454; 17
1670090230.805676; 639479; 17
1670090230.830675; 639504; 16
1670090230.855675; 639529; 16
1670090230.880680; 639554; 16
1670090230.905676; 639579; 16
1670090230.930675; 639604; 16
1670090230.955675; 639629; 16
1670090230.980680; 639654; 16
1670090231.005676; 639679; 16
1670090231.030671; 639704; 16
1670090231.055676; 639729; 16
1670090231.080679; 639754; 16
1670090231.105672; 639779; 16
1670090231.130675; 639804; 16
1670090231.155675; 639829; 16
1670090231.180680; 639854; 16
1670090231.205671; 639879; 16
1670090231.230670; 639904; 16
1670090231.255670; 639929; 16
1670090231.280673; 639954; 16
1670090231.305672; 639979; 16
1670090231.330675; 640004; 16
1670090231.355675; 640029; 16
1670090231.380669; 640054; 16
1670090231.405674; 640079; 16
1670090231.430671; 640104; 16
1670090231.455670; 640129; 16
1670090231.480670; 640154; 16
1670090231.505678; 640179; 16
1670090231.530671; 640204; 16
1670090231.555670; 640229; 16
1670090231.580670; 640254; 16
1670090231.605680; 640279; 16
1670090231.630671; 640304; 16
1670090231.655669; 640329; 17
1670090231.680669; 640354; 17
1670090231.705674; 640379; 17
1670090231.730671; 640404; 17
1670090231.755670; 640429; 16
1670090231.780669; 640454; 16
1670090231.805685; 640479; 16
1670090231.830671; 640504; 16
1670090231.855669; 640529; 16
1670090231.880675; 640554; 16
1670090231.905678; 640579; 16
1670090231.930671; 640604; 16
1670090231.955670; 640629; 16
1670090231.980669; 640654; 16
1670090232.005674; 640679; 16
1670090232.030677; 640704; 16
1670090232.055676; 640729; 17
1670090232.080671; 640754; 17
1670090232.105671; 640779; 17
1670090232.130674; 640804; 17
1670090232.155671; 640829; 17
1670090232.180669; 640854; 17
1670090232.205669; 640879; 17
1670090232.230680; 640904; 17
1670090232.255676; 640929; 16
1670090232.280675; 640954; 16
1670090232.305675; 640979; 16
1670090232.330683; 641004; 16
1670090232.355676; 641029; 16
1670090232.380670; 641054; 16
1670090232.405670; 641079; 16
1670090232.430680; 641104; 16
1670090232.455676; 641129; 16
1670090232.480675; 641154; 17
1670090232.505675; 641179; 17
1670090232.530680; 641204; 17
1670090232.555676; 641229; 17
1670090232.580675; 641254; 17
1670090232.605675; 641279; 17
1670090232.630705; 641304; 17
1670090232.655676; 641329; 17
1670090232.680675; 641354; 17
1670090232.705675; 641379; 17
1670090232.730678; 641404; 17
1670090232.755671; 641429; 17
1670090232.780669; 641454; 17
1670090232.805670; 641479; 17
1670090232.830701; 641504; 17
1670090232.855671; 641529; 17
1670090232.880675; 641554; 17
1670090232.905670; 641579; 17
1670090232.930670; 641604; 17
1670090232.955674; 641629; 17
1670090232.980671; 641654; 17
1670090233.005669; 641679; 17
1670090233.030676; 641704; 17
1670090233.055681; 641729; 17
1670090233.080672; 641754; 17
1670090233.105671; 641779; 17
1670090233.130669; 641804; 17
1670090233.155678; 641829; 17
1670090233.180671; 641854; 17
1670090233.205669; 641879; 17
1670090233.230669; 641904; 17
1670090233.255680; 641929; 17
1670090233.280676; 641954; 17
1670090233.305669; 641979; 17
1670090233.330669; 642004; 17
1670090233.355674; 642029; 17
1670090233.380676; 642054; 17
1670090233.405675; 642079; 17
1670090233.430675; 642104; 17
1670090233.455679; 642129; 17
1670090233.480676; 642154; 17
1670090233.505675; 642179; 17
1670090233.530675; 642204; 17
1670090233.555678; 642229; 17
1670090233.580671; 642254; 17
1670090233.605669; 642279; 17
1670090233.630670; 642304; 17
1670090233.655677; 642329; 17
1670090233.680677; 642354; 17
1670090233.705675; 642379; 17
1670090233.730675; 642404; 17
1670090233.755675; 642429; 17
1670090233.780674; 642454; 17
1670090233.805671; 642479; 17
1670090233.830669; 642504; 17
1670090233.855677; 642529; 17
1670090233.880680; 642554; 17
1670090233.905676; 642579; 17
1670090233.930675; 642604; 17
1670090233.955675; 642629; 17
1670090233.980683; 642654; 17
1670090234.005676; 642679; 17
1670090234.030676; 642704; 17
1670090234.055676; 642729; 17
1670090234.080675; 642754; 17
1670090234.105672; 642779; 17
1670090234.130670; 642804; 17
1670090234.155670; 642829; 17
1670090234.180674; 642854; 17
1670090234.205671; 642879; 17
1670090234.230669; 642904; 17
1670090234.255669; 642929; 17
1670090234.280680; 642954; 17
1670090234.305676; 642979; 17
1670090234.330675; 643004; 17
1670090234.355675; 643029; 17
1670090234.380683; 643054; 17
1670090234.405676; 643079; 17
1670090234.430675; 643104; 17
1670090234.455675; 643129; 17
1670090234.480673; 643154; 17
1670090234.505672; 643179; 17
1670090234.530669; 643204; 17
1670090234.555669; 643229; 17
1670090234.580669; 643254; 17
1670090234.605674; 643279; 17
1670090234.630671; 643304; 17
1670090234.655670; 643329; 17
1670090234.680669; 643354; 17
1670090234.705674; 643379; 17
1670090234.730671; 643404; 17
1670090234.755670; 643429; 17
1670090234.780670; 643454; 17
1670090234.805683; 643479; 17
1670090234.830676; 643504; 17
1670090234.855675; 643529; 17
1670090234.880676; 643554; 17
1670090234.905680; 643579; 17
1670090234.930676; 643604; 17
1670090234.955675; 643629; 17
1670090234.980675; 643654; 17
1670090235.005680; 643679; 17
1670090235.030672; 643704; 17
1670090235.055671; 643729; 17
1670090235.080671; 643754; 17
1670090235.105675; 643779; 17
1670090235.130671; 643804; 17
1670090235.155675; 643829; 17
1670090235.180675; 643854; 17
1670090235.205678; 643879; 17
1670090235.230671; 643904; 18
1670090235.255670; 643929; 18
1670090235.280669; 643954; 18
1670090235.305675; 643979; 18
1670090235.330680; 644004; 18
1670090235.355671; 644029; 18
1670090235.380675; 644054; 18
1670090235.405675; 644079; 18
1670090235.430680; 644104; 17
1670090235.455676; 644129; 17
1670090235.480675; 644154; 17
1670090235.505669; 644179; 17
1670090235.530674; 644204; 17
1670090235.555671; 644229; 17
1670090235.580669; 644254; 17
1670090235.605669; 644279; 17
1670090235.630678; 644304; 17
1670090235.655671; 644329; 17
1670090235.680670; 644354; 17
1670090235.705670; 644379; 17
1670090235.730674; 644404; 18
1670090235.755676; 644429; 18
1670090235.780675; 644454; 18
1670090235.805675; 644479; 18
1670090235.830680; 644504; 18
1670090235.855676; 644529; 18
1670090235.880675; 644554; 18
1670090235.905670; 644579; 18
1670090235.930674; 644604; 18
1670090235.955671; 644629; 18
1670090235.980669; 644654; 18
1670090236.005669; 644679; 18
1670090236.030679; 644704; 18
1670090236.055672; 644729; 18
1670090236.080671; 644754; 18
1670090236.105676; 644779; 18
1670090236.130670; 644804; 18
1670090236.155674; 644829; 18
1670090236.180671; 644854; 18
1670090236.205670; 644879; 18
1670090236.230669; 644904; 18
1670090236.255674; 644929; 18
1670090236.280671; 644954; 18
1670090236.305670; 644979; 18
1670090236.330669; 645004; 18
1670090236.355674; 645029; 18
1670090236.380676; 645054; 18
1670090236.405675; 645079; 18
1670090236.430675; 645104; 18
1670090236.455678; 645129; 18
1670090236.480671; 645154; 18
1670090236.505669; 645179; 18
1670090236.530675; 645204; 18
1670090236.555680; 645229; 18
1670090236.580671; 645254; 18
1670090236.605670; 645279; 18
1670090236.630669; 645304; 18
1670090236.655674; 645329; 19
1670090236.680671; 645354; 19
1670090236.705669; 645379; 19
1670090236.730669; 645404; 19
1670090236.755674; 645429; 19
1670090236.780671; 645454; 19
1670090236.805670; 645479; 19
1670090236.830669; 645504; 19
1670090236.855677; 645529; 19
1670090236.880677; 645554; 19
1670090236.905669; 645579; 19
1670090236.930669; 645604; 19
1670090236.955675; 645629; 19
1670090236.980674; 645654; 19
1670090237.005671; 645679; 19
1670090237.030676; 645704; 19
1670090237.055676; 645729; 19
1670090237.080681; 645754; 19
1670090237.105677; 645779; 19
1670090237.130681; 645804; 19
1670090237.155669; 645829; 19
1670090237.180674; 645854; 20
1670090237.205671; 645879; 20
1670090237.230670; 645904; 20
1670090237.255670; 645929; 20
1670090237.280683; 645954; 20
1670090237.305676; 645979; 20
1670090237.330675; 646004; 20
1670090237.355675; 646029; 20
1670090237.380674; 646054; 20
1670090237.405671; 646079; 20
1670090237.430669; 646104; 20
1670090237.455670; 646129; 20
1670090237.480674; 646154; 20
1670090237.505671; 646179; 20
1670090237.530670; 646204; 20
1670090237.555669; 646229; 20
1670090237.580674; 646254; 20
1670090237.605671; 646279; 20
1670090237.630670; 646304; 20
1670090237.655669; 646329; 20
1670090237.680682; 646354; 21
1670090237.705672; 646379; 21
1670090237.730675; 646404; 21
1670090237.755675; 646429; 21
1670090237.780675; 646454; 20
1670090237.805679; 646479; 20
1670090237.830676; 646504; 20
1670090237.855675; 646529; 20
1670090237.880675; 646554; 20
1670090237.905680; 646579; 20
1670090237.930676; 646604; 20
1670090237.955669; 646629; 20
1670090237.980675; 646654; 20
1670090238.005680; 646679; 20
1670090238.030672; 646704; 20
1670090238.055671; 646729; 20
1670090238.080676; 646754; 20
1670090238.105684; 646779; 20
1670090238.130671; 646804; 20
1670090238.155686; 646829; 20
1670090238.180670; 646854; 20
1670090238.205674; 646879; 20
1670090238.230676; 646904; 20
1670090238.255675; 646929; 20
1670090238.280675; 646954; 20
1670090238.305680; 646979; 20
1670090238.330676; 647004; 20
1670090238.355675; 647029; 20
1670090238.380675; 647054; 20
1670090238.405679; 647079; 21
1670090238.430676; 647104; 21
1670090238.455675; 647129; 21
1670090238.480675; 647154; 21
1670090238.505675; 647179; 21
1670090238.530683; 647204; 21
1670090238.555676; 647229; 21
1670090238.580675; 647254; 21
1670090238.605675; 647279; 22
1670090238.630674; 647304; 22
1670090238.655671; 647329; 22
1670090238.680669; 647354; 22
1670090238.705669; 647379; 22
1670090238.730674; 647404; 22
1670090238.755671; 647429; 22
1670090238.780675; 647454; 22
1670090238.805675; 647479; 23
1670090238.830680; 647504; 23
1670090238.855676; 647529; 23
1670090238.880675; 647554; 23
1670090238.905675; 647579; 24
1670090238.930683; 647604; 24
1670090238.955676; 647629; 24
1670090238.980677; 647654; 24
1670090239.005669; 647679; 23
1670090239.030681; 647704; 23
1670090239.055672; 647729; 23
1670090239.080671; 647754; 23
1670090239.105671; 647779; 24
1670090239.130674; 647804; 24
1670090239.155671; 647829; 24
1670090239.180671; 647854; 24
1670090239.205669; 647879; 23
1670090239.230674; 647904; 23
1670090239.255671; 647929; 23
1670090239.280669; 647954; 23
1670090239.305669; 647979; 23
1670090239.330669; 648004; 23
1670090239.355683; 648029; 23
1670090239.380671; 648054; 23
1670090239.405669; 648079; 23
1670090239.430669; 648104; 23
1670090239.455680; 648129; 23
1670090239.480676; 648154; 23
1670090239.505675; 648179; 23
1670090239.530675; 648204; 23
1670090239.555680; 648229; 23
1670090239.580676; 648254; 23
1670090239.605675; 648279; 23
1670090239.630675; 648304; 23
1670090239.655679; 648329; 23
1670090239.680676; 648354; 23
1670090239.705675; 648379; 23
1670090239.730675; 648404; 24
1670090239.755683; 648429; 24
1670090239.780676; 648454; 24
1670090239.805669; 648479; 24
1670090239.830670; 648504; 24
1670090239.855674; 648529; 24
1670090239.880676; 648554; 24
1670090239.905675; 648579; 24
1670090239.930675; 648604; 24
1670090239.955680; 648629; 24
1670090239.980676; 648654; 24
1670090240.005670; 648679; 24
1670090240.030676; 648704; 24
1670090240.055674; 648729; 24
1670090240.080673; 648754; 24
1670090240.105671; 648779; 24
1670090240.130669; 648804; 24
1670090240.155670; 648829; 24
1670090240.180683; 648854; 24
1670090240.205671; 648879; 24
1670090240.230669; 648904; 24
1670090240.255677; 648929; 24
1670090240.280680; 648954; 24
1670090240.305676; 648979; 24
1670090240.330675; 649004; 26
1670090240.355675; 649029; 26
1670090240.380680; 649054; 26
1670090240.405676; 649079; 26
1670090240.430670; 649104; 25
1670090240.455669; 649129; 25
1670090240.480674; 649154; 25
1670090240.505671; 649179; 25
1670090240.530670; 649204; 25
1670090240.555669; 649229; 24
1670090240.580683; 649254; 24
1670090240.605676; 649279; 24
1670090240.630670; 649304; 24
1670090240.655670; 649329; 24
1670090240.680680; 649354; 24
1670090240.705676; 649379; 24
1670090240.730675; 649404; 24
1670090240.755675; 649429; 25
1670090240.780679; 649454; 25
1670090240.805676; 649479; 25
1670090240.830675; 649504; 25
1670090240.855675; 649529; 24
1670090240.880678; 649554; 24
1670090240.905677; 649579; 24
1670090240.930670; 649604; 24
1670090240.955669; 649629; 24
1670090240.980669; 649654; 24
1670090241.005678; 649679; 24
1670090241.030677; 649704; 24
1670090241.055676; 649729; 24
1670090241.080671; 649754; 24
1670090241.105681; 649779; 24
1670090241.130671; 649804; 24
1670090241.155669; 649829; 22
1670090241.180670; 649854; 22
1670090241.205674; 649879; 22
1670090241.230676; 649904; 22
1670090241.255675; 649929; 21
1670090241.280675; 649954; 21
1670090241.305680; 649979; 21
1670090241.330676; 650004; 21
1670090241.355675; 650029; 18
1670090241.380669; 650054; 18
1670090241.405678; 650079; 18
1670090241.430671; 650104; 18
1670090241.455669; 650129; 17
1670090241.480670; 650154; 17
1670090241.505674; 650179; 17
1670090241.530671; 650204; 17
1670090241.555669; 650229; 17
1670090241.580669; 650254; 17
1670090241.605674; 650279; 17
1670090241.630671; 650304; 17
1670090241.655669; 650329; 17
1670090241.680670; 650354; 17
1670090241.705669; 650379; 17
1670090241.730674; 650404; 17
1670090241.755671; 650429; 17
1670090241.780669; 650454; 17
1670090241.805670; 650479; 17
1670090241.830678; 650504; 17
1670090241.855676; 650529; 17
1670090241.880675; 650554; 17
1670090241.905675; 650579; 17
1670090241.930680; 650604; 17
1670090241.955676; 650629; 17
1670090241.980675; 650654; 17
1670090242.005675; 650679; 17
1670090242.030675; 650704; 17
1670090242.055677; 650729; 17
1670090242.080676; 650754; 17
1670090242.105676; 650779; 17
1670090242.130674; 650804; 17
1670090242.155671; 650829; 17
1670090242.180669; 650854; 17
1670090242.205669; 650879; 17
1670090242.230678; 650904; 17
1670090242.255676; 650929; 17
1670090242.280670; 650954; 17
1670090242.305670; 650979; 17
1670090242.330674; 651004; 17
1670090242.355671; 651029; 17
1670090242.380675; 651054; 17
1670090242.405675; 651079; 17
1670090242.430680; 651104; 17
1670090242.455690; 651129; 17
1670090242.480675; 651154; 16
1670090242.505675; 651179; 16
1670090242.530675; 651204; 16
1670090242.555680; 651229; 16
1670090242.580676; 651254; 17
1670090242.605675; 651279; 17
1670090242.630675; 651304; 17
1670090242.655683; 651329; 17
1670090242.680676; 651354; 17
1670090242.705675; 651379; 17
1670090242.730669; 651404; 17
1670090242.755674; 651429; 17
1670090242.780671; 651454; 17
1670090242.805670; 651479; 17
1670090242.830669; 651504; 17
1670090242.855674; 651529; 17
1670090242.880676; 651554; 17
1670090242.905675; 651579; 17
1670090242.930675; 651604; 17
1670090242.955680; 651629; 17
1670090242.980676; 651654; 17
1670090243.005675; 651679; 16
1670090243.030671; 651704; 16
1670090243.055679; 651729; 16
1670090243.080677; 651754; 16
1670090243.105676; 651779; 17
1670090243.130675; 651804; 17
1670090243.155680; 651829; 17
1670090243.180676; 651854; 17
1670090243.205675; 651879; 17
1670090243.230675; 651904; 17
1670090243.255678; 651929; 17
1670090243.280677; 651954; 17
1670090243.305669; 651979; 17
1670090243.330669; 652004; 17
1670090243.355670; 652029; 17
1670090243.380674; 652054; 17
1670090243.405671; 652079; 16
1670090243.430670; 652104; 16
1670090243.455669; 652129; 16
1670090243.480680; 652154; 16
1670090243.505676; 652179; 16
1670090243.530675; 652204; 16
1670090243.555675; 652229; 16
1670090243.580680; 652254; 16
1670090243.605676; 652279; 17
1670090243.630675; 652304; 17
1670090243.655675; 652329; 17
1670090243.680680; 652354; 17
1670090243.705671; 652379; 17
1670090243.730669; 652404; 17
1670090243.755669; 652429; 17
1670090243.780674; 652454; 17
1670090243.805671; 652479; 16
1670090243.830675; 652504; 16
1670090243.855675; 652529; 16
1670090243.880683; 652554; 16
1670090243.905676; 652579; 16
1670090243.930675; 652604; 16
1670090243.955675; 652629; 16
1670090243.980680; 652654; 16
1670090244.005671; 652679; 16
1670090244.030676; 652704; 17
1670090244.055676; 652729; 17
1670090244.080674; 652754; 17
1670090244.105673; 652779; 17
1670090244.130675; 652804; 17
1670090244.155675; 652829; 17
1670090244.180675; 652854; 17
1670090244.205674; 652879; 17
1670090244.230671; 652904; 17
1670090244.255670; 652929; 17
1670090244.280669; 652954; 17
1670090244.305678; 652979; 17
1670090244.330671; 653004; 16
1670090244.355669; 653029; 16
1670090244.380675; 653054; 16
1670090244.405674; 653079; 16
1670090244.430671; 653104; 16
1670090244.455669; 653129; 16
1670090244.480669; 653154; 16
1670090244.505680; 653179; 16
1670090244.530676; 653204; 17
1670090244.555675; 653229; 17
1670090244.580675; 653254; 17
1670090244.605680; 653279; 17
1670090244.630676; 653304; 17
1670090244.655675; 653329; 17
1670090244.680670; 653354; 17
1670090244.705678; 653379; 17
1670090244.730671; 653404; 16
1670090244.755669; 653429; 16
1670090244.780670; 653454; 16
1670090244.805674; 653479; 16
1670090244.830671; 653504; 16
1670090244.855669; 653529; 16
1670090244.880675; 653554; 16
1670090244.905675; 653579; 16
1670090244.930680; 653604; 17
1670090244.955676; 653629; 17
1670090244.980675; 653654; 17
1670090245.005675; 653679; 17
1670090245.030675; 653704; 17
1670090245.055672; 653729; 17
1670090245.080671; 653754; 17
1670090245.105671; 653779; 17
1670090245.130678; 653804; 17
1670090245.155676; 653829; 17
1670090245.180669; 653854; 17
1670090245.205675; 653879; 17
1670090245.230674; 653904; 17
1670090245.255671; 653929; 16
1670090245.280670; 653954; 16
1670090245.305669; 653979; 16
1670090245.330679; 654004; 16
1670090245.355676; 654029; 16
1670090245.380669; 654054; 16
1670090245.405670; 654079; 16
1670090245.430674; 654104; 16
1670090245.455671; 654129; 17
1670090245.480670; 654154; 17
1670090245.505670; 654179; 17
1670090245.530683; 654204; 17
1670090245.555671; 654229; 17
1670090245.580669; 654254; 17
1670090245.605669; 654279; 17
1670090245.630674; 654304; 17
1670090245.655671; 654329; 16
1670090245.680669; 654354; 16
1670090245.705669; 654379; 16
1670090245.730670; 654404; 16
1670090245.755680; 654429; 16
1670090245.780676; 654454; 16
1670090245.805675; 654479; 16
1670090245.830675; 654504; 16
1670090245.855680; 654529; 16
1670090245.880676; 654554; 16
1670090245.905675; 654579; 16
1670090245.930675; 654604; 16
1670090245.955683; 654629; 17
1670090245.980676; 654654; 17
1670090246.005670; 654679; 17
1670090246.030676; 654704; 17
1670090246.055675; 654729; 17
1670090246.080672; 654754; 17
1670090246.105671; 654779; 17
1670090246.130669; 654804; 17
1670090246.155674; 654829; 16
1670090246.180671; 654854; 16
1670090246.205670; 654879; 16
1670090246.230669; 654904; 16
1670090246.255704; 654929; 16
1670090246.280671; 654954; 16
1670090246.305670; 654979; 16
1670090246.330671; 655004; 16
1670090246.355678; 655029; 16
1670090246.380676; 655054; 17
1670090246.405675; 655079; 17
1670090246.430675; 655104; 17
1670090246.455693; 655129; 17
1670090246.480672; 655154; 17
1670090246.505675; 655179; 17
1670090246.530675; 655204; 17
1670090246.555675; 655229; 17
1670090246.580674; 655254; 16
1670090246.605671; 655279; 16
1670090246.630670; 655304; 16
1670090246.655670; 655329; 16
1670090246.680674; 655354; 16
1670090246.705672; 655379; 16
1670090246.730670; 655404; 16
1670090246.755670; 655429; 16
1670090246.780679; 655454; 16
1670090246.805676; 655479; 16
1670090246.830670; 655504; 16
1670090246.855670; 655529; 16
1670090246.880679; 655554; 17
1670090246.905676; 655579; 17
1670090246.930674; 655604; 17
1670090246.955669; 655629; 17
1670090246.980674; 655654; 17
1670090247.005671; 655679; 17
1670090247.030676; 655704; 17
1670090247.055676; 655729; 17
1670090247.080681; 655754; 16
1670090247.105672; 655779; 16
1670090247.130669; 655804; 16
1670090247.155669; 655829; 16
1670090247.180683; 655854; 16
1670090247.205676; 655879; 16
1670090247.230675; 655904; 16
1670090247.255675; 655929; 16
1670090247.280673; 655954; 16
1670090247.305672; 655979; 16
1670090247.330675; 656004; 16
1670090247.355675; 656029; 16
1670090247.380675; 656054; 17
1670090247.405674; 656079; 17
1670090247.430671; 656104; 17
1670090247.455669; 656129; 17
1670090247.480670; 656154; 17
1670090247.505674; 656179; 16
1670090247.530671; 656204; 16
1670090247.555670; 656229; 16
1670090247.580669; 656254; 16
1670090247.605683; 656279; 16
1670090247.630676; 656304; 16
1670090247.655675; 656329; 16
1670090247.680675; 656354; 16
1670090247.705680; 656379; 16
1670090247.730676; 656404; 16
1670090247.755675; 656429; 16
1670090247.780705; 656454; 16
1670090247.805680; 656479; 17
1670090247.830676; 656504; 17
1670090247.855675; 656529; 17
1670090247.880670; 656554; 17
1670090247.905680; 656579; 17
1670090247.930676; 656604; 17
1670090247.955675; 656629; 17
1670090247.980675; 656654; 17
1670090248.005683; 656679; 16
1670090248.030672; 656704; 16
1670090248.055671; 656729; 16
1670090248.080676; 656754; 16
1670090248.105676; 656779; 16
1670090248.130680; 656804; 16
1670090248.155676; 656829; 16
1670090248.180675; 656854; 16
1670090248.205669; 656879; 16
1670090248.230674; 656904; 16
1670090248.255671; 656929; 16
1670090248.280670; 656954; 16
1670090248.305669; 656979; 17
1670090248.330674; 657004; 17
1670090248.355671; 657029; 17
1670090248.380675; 657054; 17
1670090248.405670; 657079; 16
1670090248.430678; 657104; 16
1670090248.455671; 657129; 16
1670090248.480670; 657154; 16
1670090248.505669; 657179; 16
1670090248.530674; 657204; 16
1670090248.555671; 657229; 16
1670090248.580670; 657254; 16
1670090248.605669; 657279; 16
1670090248.630674; 657304; 16
1670090248.655671; 657329; 16
1670090248.680670; 657354; 16
1670090248.705670; 657379; 16
1670090248.730674; 657404; 17
1670090248.755671; 657429; 17
1670090248.780670; 657454; 17
1670090248.805680; 657479; 17
1670090248.830683; 657504; 17
1670090248.855676; 657529; 17
1670090248.880675; 657554; 17
1670090248.905675; 657579; 17
1670090248.930675; 657604; 16
1670090248.955680; 657629; 16
1670090248.980671; 657654; 16
1670090249.005669; 657679; 16
1670090249.030671; 657704; 16
1670090249.055675; 657729; 16
1670090249.080672; 657754; 16
1670090249.105671; 657779; 16
1670090249.130669; 657804; 16
1670090249.155674; 657829; 16
1670090249.180671; 657854; 16
1670090249.205669; 657879; 16
1670090249.230675; 657904; 17
1670090249.255683; 657929; 17
1670090249.280676; 657954; 17
1670090249.305675; 657979; 17
1670090249.330675; 658004; 16
1670090249.355680; 658029; 16
1670090249.380671; 658054; 16
1670090249.405669; 658079; 16
1670090249.430669; 658104; 16
1670090249.455674; 658129; 16
1670090249.480671; 658154; 16
1670090249.505669; 658179; 16
1670090249.530669; 658204; 16
1670090249.555674; 658229; 16
1670090249.580671; 658254; 16
1670090249.605669; 658279; 16
1670090249.630675; 658304; 17
1670090249.655682; 658329; 17
1670090249.680672; 658354; 17
1670090249.705670; 658379; 17
1670090249.730675; 658404; 17
1670090249.755670; 658429; 17
1670090249.780674; 658454; 17
1670090249.805671; 658479; 17
1670090249.830670; 658504; 17
1670090249.855669; 658529; 16
1670090249.880680; 658554; 16
1670090249.905676; 658579; 16
1670090249.930675; 658604; 16
1670090249.955670; 658629; 16
1670090249.980674; 658654; 16
1670090250.005671; 658679; 16
1670090250.030676; 658704; 16
1670090250.055676; 658729; 16
1670090250.080684; 658754; 16
1670090250.105677; 658779; 16
1670090250.130669; 658804; 16
1670090250.155675; 658829; 17
1670090250.180680; 658854; 17
1670090250.205676; 658879; 17
1670090250.230675; 658904; 17
1670090250.255675; 658929; 16
1670090250.280680; 658954; 16
1670090250.305676; 658979; 16
1670090250.330675; 659004; 16
1670090250.355675; 659029; 16
1670090250.380674; 659054; 16
1670090250.405676; 659079; 16
1670090250.430675; 659104; 16
1670090250.455675; 659129; 16
1670090250.480682; 659154; 16
1670090250.505672; 659179; 16
1670090250.530675; 659204; 16
1670090250.555675; 659229; 16
1670090250.580675; 659254; 16
1670090250.605680; 659279; 16
1670090250.630676; 659304; 16
1670090250.655675; 659329; 17
1670090250.680675; 659354; 17
1670090250.705680; 659379; 17
1670090250.730676; 659404; 17
1670090250.755675; 659429; 16
1670090250.780675; 659454; 16
1670090250.805674; 659479; 16
1670090250.830671; 659504; 16
1670090250.855675; 659529; 16
1670090250.880675; 659554; 16
1670090250.905686; 659579; 16
1670090250.930671; 659604; 16
1670090250.955670; 659629; 16
1670090250.980670; 659654; 16
1670090251.005674; 659679; 16
1670090251.030677; 659704; 16
1670090251.055676; 659729; 16
1670090251.080676; 659754; 17
1670090251.105681; 659779; 17
1670090251.130671; 659804; 17
1670090251.155669; 659829; 17
1670090251.180669; 659854; 16
1670090251.205674; 659879; 16
1670090251.230671; 659904; 16
1670090251.255670; 659929; 16
1670090251.280669; 659954; 16
1670090251.305669; 659979; 16
1670090251.330683; 660004; 16
1670090251.355676; 660029; 16
1670090251.380675; 660054; 16
1670090251.405675; 660079; 16
1670090251.430674; 660104; 16
1670090251.455671; 660129; 16
1670090251.480675; 660154; 16
1670090251.505675; 660179; 16
1670090251.530680; 660204; 16
1670090251.555676; 660229; 16
1670090251.580675; 660254; 17
1670090251.605675; 660279; 17
1670090251.630680; 660304; 17
1670090251.655676; 660329; 17
1670090251.680675; 660354; 16
1670090251.705675; 660379; 16
1670090251.730683; 660404; 16
1670090251.755676; 660429; 16
1670090251.780675; 660454; 16
1670090251.805675; 660479; 16
1670090251.830680; 660504; 16
1670090251.855676; 660529; 16
1670090251.880699; 660554; 16
1670090251.905675; 660579; 16
1670090251.930683; 660604; 16
1670090251.955671; 660629; 16
1670090251.980670; 660654; 17
1670090252.005669; 660679; 17
1670090252.030681; 660704; 17
1670090252.055677; 660729; 17
1670090252.080676; 660754; 17
1670090252.105676; 660779; 16
1670090252.130675; 660804; 16
1670090252.155683; 660829; 16
1670090252.180676; 660854; 16
1670090252.205675; 660879; 16
1670090252.230675; 660904; 16
1670090252.255680; 660929; 16
1670090252.280676; 660954; 16
1670090252.305670; 660979; 16
1670090252.330669; 661004; 16
1670090252.355674; 661029; 16
1670090252.380676; 661054; 16
1670090252.405675; 661079; 16
1670090252.430675; 661104; 16
1670090252.455680; 661129; 16
1670090252.480676; 661154; 16
1670090252.505675; 661179; 17
1670090252.530675; 661204; 17
1670090252.555678; 661229; 17
1670090252.580671; 661254; 17
1670090252.605669; 661279; 16
1670090252.630670; 661304; 16
1670090252.655674; 661329; 16
1670090252.680671; 661354; 16
1670090252.705675; 661379; 16
1670090252.730675; 661404; 16
1670090252.755680; 661429; 16
1670090252.780676; 661454; 16
1670090252.805675; 661479; 16
1670090252.830675; 661504; 16
1670090252.855678; 661529; 16
1670090252.880672; 661554; 16
1670090252.905684; 661579; 17
1670090252.930675; 661604; 17
1670090252.955678; 661629; 17
1670090252.980683; 661654; 17
1670090253.005676; 661679; 16
1670090253.030676; 661704; 16
1670090253.055676; 661729; 16
1670090253.080675; 661754; 16
1670090253.105705; 661779; 16
1670090253.130670; 661804; 16
1670090253.155670; 661829; 16
1670090253.180674; 661854; 16
1670090253.205671; 661879; 16
1670090253.230670; 661904; 16
1670090253.255670; 661929; 16
1670090253.280674; 661954; 16
1670090253.305671; 661979; 16
1670090253.330670; 662004; 16
1670090253.355670; 662029; 16
1670090253.380678; 662054; 16
1670090253.405671; 662079; 16
1670090253.430670; 662104; 17
1670090253.455670; 662129; 17
1670090253.480674; 662154; 17
1670090253.505671; 662179; 17
1670090253.530675; 662204; 16
1670090253.555675; 662229; 16
1670090253.580680; 662254; 16
1670090253.605676; 662279; 16
1670090253.630670; 662304; 16
1670090253.655669; 662329; 16
1670090253.680673; 662354; 16
1670090253.705672; 662379; 16
1670090253.730669; 662404; 16
1670090253.755670; 662429; 16
1670090253.780669; 662454; 16
1670090253.805683; 662479; 16
1670090253.830676; 662504; 17
1670090253.855675; 662529; 17
1670090253.880669; 662554; 17
1670090253.905674; 662579; 17
1670090253.930685; 662604; 17
1670090253.955675; 662629; 17
1670090253.980675; 662654; 17
1670090254.005680; 662679; 17
1670090254.030672; 662704; 16
1670090254.055671; 662729; 16
1670090254.080676; 662754; 16
1670090254.105681; 662779; 16
1670090254.130680; 662804; 16
1670090254.155669; 662829; 16
1670090254.180670; 662854; 16
1670090254.205678; 662879; 16
1670090254.230671; 662904; 16
1670090254.255670; 662929; 16
1670090254.280669; 662954; 16
1670090254.305674; 662979; 16
1670090254.330671; 663004; 17
1670090254.355675; 663029; 17
1670090254.380669; 663054; 17
1670090254.405674; 663079; 17
1670090254.430671; 663104; 17
1670090254.455670; 663129; 16
1670090254.480669; 663154; 16
1670090254.505670; 663179; 16
1670090254.530674; 663204; 16
1670090254.555676; 663229; 16
1670090254.580675; 663254; 16
1670090254.605675; 663279; 16
1670090254.630678; 663304; 16
1670090254.655676; 663329; 16
1670090254.680675; 663354; 16
1670090254.705675; 663379; 16
1670090254.730680; 663404; 16
1670090254.755671; 663429; 17
1670090254.780669; 663454; 17
1670090254.805669; 663479; 17
1670090254.830674; 663504; 17
1670090254.855671; 663529; 17
1670090254.880675; 663554; 17
1670090254.905675; 663579; 17
1670090254.930680; 663604; 17
1670090254.955676; 663629; 16
1670090254.980675; 663654; 16
1670090255.005675; 663679; 16
1670090255.030679; 663704; 16
1670090255.055672; 663729; 16
1670090255.080671; 663754; 16
1670090255.105676; 663779; 16
1670090255.130674; 663804; 16
1670090255.155679; 663829; 16
1670090255.180669; 663854; 16
1670090255.205669; 663879; 16
1670090255.230674; 663904; 16
1670090255.255671; 663929; 17
1670090255.280670; 663954; 17
1670090255.305670; 663979; 17
1670090255.330675; 664004; 17
1670090255.355680; 664029; 16
1670090255.380676; 664054; 16
1670090255.405675; 664079; 16
1670090255.430675; 664104; 16
1670090255.455683; 664129; 16
1670090255.480671; 664154; 16
1670090255.505670; 664179; 16
1670090255.530669; 664204; 16
1670090255.555674; 664229; 16
1670090255.580676; 664254; 16
1670090255.605675; 664279; 16
1670090255.630675; 664304; 16
1670090255.655680; 664329; 16
1670090255.680676; 664354; 17
1670090255.705675; 664379; 17
1670090255.730675; 664404; 17
1670090255.755680; 664429; 17
1670090255.780671; 664454; 17
1670090255.805669; 664479; 17
1670090255.830669; 664504; 17
1670090255.855683; 664529; 17
1670090255.880676; 664554; 16
1670090255.905675; 664579; 16
1670090255.930675; 664604; 16
1670090255.955680; 664629; 16
1670090255.980671; 664654; 16
1670090256.005670; 664679; 16
1670090256.030676; 664704; 16
1670090256.055674; 664729; 16
1670090256.080673; 664754; 16
1670090256.105671; 664779; 16
1670090256.130669; 664804; 16
1670090256.155669; 664829; 16
1670090256.180679; 664854; 17
1670090256.205676; 664879; 17
1670090256.230676; 664904; 17
1670090256.255670; 664929; 17
1670090256.280678; 664954; 16
1670090256.305671; 664979; 16
1670090256.330670; 665004; 16
1670090256.355669; 665029; 16
1670090256.380680; 665054; 16
1670090256.405671; 665079; 16
1670090256.430669; 665104; 16
1670090256.455670; 665129; 16
1670090256.480674; 665154; 16
1670090256.505676; 665179; 16
1670090256.530675; 665204; 16
1670090256.555675; 665229; 16
1670090256.580680; 665254; 17
1670090256.605676; 665279; 17
1670090256.630675; 665304; 17
1670090256.655675; 665329; 17
1670090256.680683; 665354; 17
1670090256.705676; 665379; 17
1670090256.730675; 665404; 17
1670090256.755675; 665429; 17
1670090256.780680; 665454; 17
1670090256.805676; 665479; 16
1670090256.830675; 665504; 16
1670090256.855675; 665529; 16
1670090256.880678; 665554; 16
1670090256.905677; 665579; 16
1670090256.930669; 665604; 16
1670090256.955670; 665629; 16
1670090256.980670; 665654; 16
1670090257.005674; 665679; 16
1670090257.030677; 665704; 16
1670090257.055676; 665729; 16
1670090257.080676; 665754; 16
1670090257.105681; 665779; 17
1670090257.130676; 665804; 17
1670090257.155675; 665829; 17
1670090257.180675; 665854; 17
1670090257.205679; 665879; 16
1670090257.230676; 665904; 16
1670090257.255675; 665929; 16
1670090257.280675; 665954; 16
1670090257.305680; 665979; 16
1670090257.330676; 666004; 16
1670090257.355675; 666029; 16
1670090257.380669; 666054; 16
1670090257.405674; 666079; 16
1670090257.430671; 666104; 16
1670090257.455669; 666129; 16
1670090257.480670; 666154; 16
1670090257.505678; 666179; 17
1670090257.530671; 666204; 17
1670090257.555669; 666229; 17
1670090257.580669; 666254; 17
1670090257.605674; 666279; 17
1670090257.630676; 666304; 17
1670090257.655675; 666329; 17
1670090257.680675; 666354; 17
1670090257.705675; 666379; 16
1670090257.730674; 666404; 16
1670090257.755671; 666429; 16
1670090257.780669; 666454; 16
1670090257.805670; 666479; 16
1670090257.830674; 666504; 16
1670090257.855671; 666529; 16
1670090257.880670; 666554; 16
1670090257.905670; 666579; 16
1670090257.930683; 666604; 16
1670090257.955676; 666629; 16
1670090257.980669; 666654; 16
1670090258.005670; 666679; 16
1670090258.030675; 666704; 17
1670090258.055672; 666729; 17
1670090258.080671; 666754; 17
1670090258.105671; 666779; 17
1670090258.130675; 666804; 16
1670090258.155671; 666829; 16
1670090258.180669; 666854; 16
1670090258.205670; 666879; 16
1670090258.230674; 666904; 16
1670090258.255671; 666929; 16
1670090258.280670; 666954; 16
1670090258.305669; 666979; 16
1670090258.330683; 667004; 16
1670090258.355676; 667029; 16
1670090258.380695; 667054; 16
1670090258.405675; 667079; 16
1670090258.430680; 667104; 17
1670090258.455676; 667129; 17
1670090258.480675; 667154; 17
1670090258.505675; 667179; 17
1670090258.530675; 667204; 17
1670090258.555680; 667229; 17
1670090258.580676; 667254; 17
1670090258.605675; 667279; 17
1670090258.630675; 667304; 16
1670090258.655674; 667329; 16
1670090258.680671; 667354; 16
1670090258.705670; 667379; 16
1670090258.730670; 667404; 16
1670090258.755683; 667429; 16
1670090258.780676; 667454; 16
1670090258.805675; 667479; 16
1670090258.830675; 667504; 16
1670090258.855674; 667529; 16
1670090258.880676; 667554; 16
1670090258.905675; 667579; 16
1670090258.930675; 667604; 17
1670090258.955680; 667629; 17
1670090258.980676; 667654; 17
1670090259.005675; 667679; 17
1670090259.030671; 667704; 16
1670090259.055675; 667729; 16
1670090259.080672; 667754; 16
1670090259.105671; 667779; 16
1670090259.130669; 667804; 16
1670090259.155683; 667829; 16
1670090259.180676; 667854; 16
1670090259.205675; 667879; 16
1670090259.230675; 667904; 16
1670090259.255678; 667929; 16
1670090259.280677; 667954; 16
1670090259.305669; 667979; 16
1670090259.330670; 668004; 16
1670090259.355670; 668029; 17
1670090259.380680; 668054; 17
1670090259.405673; 668079; 17
1670090259.430675; 668104; 17
1670090259.455690; 668129; 17
1670090259.480680; 668154; 17
1670090259.505676; 668179; 17
1670090259.530675; 668204; 17
1670090259.555675; 668229; 16
1670090259.580678; 668254; 16
1670090259.605671; 668279; 16
1670090259.630669; 668304; 16
1670090259.655670; 668329; 16
1670090259.680680; 668354; 16
1670090259.705676; 668379; 16
1670090259.730675; 668404; 16
1670090259.755675; 668429; 16
1670090259.780680; 668454; 16
1670090259.805676; 668479; 16
1670090259.830675; 668504; 16
1670090259.855675; 668529; 17
1670090259.880674; 668554; 17
1670090259.905671; 668579; 17
1670090259.930669; 668604; 17
1670090259.955669; 668629; 17
1670090259.980678; 668654; 17
1670090260.005671; 668679; 17
1670090260.030676; 668704; 17
1670090260.055676; 668729; 16
1670090260.080679; 668754; 16
1670090260.105678; 668779; 16
1670090260.130670; 668804; 16
1670090260.155670; 668829; 16
1670090260.180670; 668854; 16
1670090260.205674; 668879; 16
1670090260.230671; 668904; 16
1670090260.255669; 668929; 16
1670090260.280675; 668954; 17
1670090260.305680; 668979; 17
1670090260.330676; 669004; 17
1670090260.355675; 669029; 17
1670090260.380670; 669054; 17
1670090260.405683; 669079; 17
1670090260.430676; 669104; 17
1670090260.455675; 669129; 17
1670090260.480670; 669154; 16
1670090260.505674; 669179; 16
1670090260.530671; 669204; 16
1670090260.555669; 669229; 16
1670090260.580669; 669254; 16
1670090260.605680; 669279; 16
1670090260.630676; 669304; 16
1670090260.655675; 669329; 16
1670090260.680675; 669354; 16
1670090260.705674; 669379; 16
1670090260.730671; 669404; 16
1670090260.755670; 669429; 16
1670090260.780670; 669454; 17
1670090260.805678; 669479; 17
1670090260.830671; 669504; 17
1670090260.855675; 669529; 17
1670090260.880675; 669554; 17
1670090260.905669; 669579; 17
1670090260.930674; 669604; 17
1670090260.955671; 669629; 17
1670090260.980670; 669654; 16
1670090261.005670; 669679; 16
1670090261.030681; 669704; 16
1670090261.055677; 669729; 16
1670090261.080676; 669754; 16
1670090261.105676; 669779; 16
1670090261.130674; 669804; 16
1670090261.155671; 669829; 16
1670090261.180670; 669854; 17
1670090261.205670; 669879; 17
1670090261.230678; 669904; 17
1670090261.255671; 669929; 17
1670090261.280670; 669954; 17
1670090261.305675; 669979; 17
1670090261.330680; 670004; 17
1670090261.355676; 670029; 17
1670090261.380670; 670054; 16
1670090261.405669; 670079; 16
1670090261.430674; 670104; 16
1670090261.455671; 670129; 16
1670090261.480670; 670154; 16
1670090261.505669; 670179; 16
1670090261.530674; 670204; 16
1670090261.555671; 670229; 16
1670090261.580670; 670254; 16
1670090261.605671; 670279; 17
1670090261.630678; 670304; 17
1670090261.655671; 670329; 17
1670090261.680670; 670354; 17
1670090261.705669; 670379; 17
1670090261.730675; 670404; 17
1670090261.755680; 670429; 17
1670090261.780676; 670454; 17
1670090261.805675; 670479; 17
1670090261.830675; 670504; 17
1670090261.855680; 670529; 17
1670090261.880676; 670554; 17
1670090261.905675; 670579; 16
1670090261.930675; 670604; 16
1670090261.955680; 670629; 16
1670090261.980676; 670654; 16
1670090262.005675; 670679; 16
1670090262.030671; 670704; 16
1670090262.055679; 670729; 16
1670090262.080672; 670754; 16
1670090262.105671; 670779; 17
1670090262.130675; 670804; 17
1670090262.155680; 670829; 17
1670090262.180676; 670854; 17
1670090262.205675; 670879; 17
1670090262.230675; 670904; 17
1670090262.255680; 670929; 17
1670090262.280676; 670954; 17
1670090262.305675; 670979; 17
1670090262.330675; 671004; 17
