1670091346.061970; 125333; 12
1670091346.086364; 125358; 12
1670091346.111356; 125383; 12
1670091346.136359; 125408; 12
1670091346.161359; 125433; 12
1670091346.186373; 125458; 12
1670091346.211360; 125483; 12
1670091346.236355; 125508; 12
1670091346.261359; 125533; 12
1670091346.286360; 125558; 11
1670091346.311360; 125583; 11
1670091346.336359; 125608; 11
1670091346.361359; 125633; 11
1670091346.386360; 125658; 12
1670091346.411360; 125683; 12
1670091346.436355; 125708; 12
1670091346.461359; 125733; 12
1670091346.486364; 125758; 13
1670091346.511360; 125783; 13
1670091346.536355; 125808; 13
1670091346.561359; 125833; 13
1670091346.717919; 125989; 15
1670091346.742356; 126014; 15
1670091346.767359; 126039; 15
1670091346.792355; 126064; 13
1670091346.817360; 126089; 13
1670091346.842360; 126114; 13
1670091346.867355; 126139; 13
1670091346.892359; 126164; 13
1670091346.917360; 126189; 13
1670091346.942360; 126214; 13
1670091346.967355; 126239; 13
1670091346.992359; 126264; 13
1670091347.017359; 126289; 13
1670091347.042365; 126314; 13
1670091347.067357; 126339; 13
1670091347.092360; 126364; 13
1670091347.117356; 126389; 13
1670091347.142363; 126414; 13
1670091347.167360; 126439; 13
1670091347.192359; 126464; 13
1670091347.217359; 126489; 13
1670091347.242364; 126514; 13
1670091347.267360; 126539; 13
1670091347.292359; 126564; 14
1670091347.317359; 126589; 14
1670091347.342360; 126614; 14
1670091347.367360; 126639; 14
1670091347.392359; 126664; 14
1670091347.417359; 126689; 17
1670091347.442360; 126714; 17
1670091347.467360; 126739; 17
1670091347.492355; 126764; 17
1670091347.517355; 126789; 18
1670091347.542363; 126814; 18
1670091347.567360; 126839; 18
1670091347.592355; 126864; 18
1670091347.617359; 126889; 17
1670091347.642364; 126914; 17
1670091347.667360; 126939; 17
1670091347.692355; 126964; 17
1670091347.717359; 126989; 13
1670091347.742360; 127014; 13
1670091347.767360; 127039; 13
1670091347.792355; 127064; 13
1670091347.817359; 127089; 12
1670091347.842359; 127114; 12
1670091347.867360; 127139; 12
1670091347.892360; 127164; 12
1670091347.917355; 127189; 12
1670091347.942359; 127214; 12
1670091347.967367; 127239; 12
1670091347.992356; 127264; 12
1670091348.017359; 127289; 13
1670091348.042356; 127314; 13
1670091348.067365; 127339; 13
1670091348.092361; 127364; 13
1670091348.117356; 127389; 13
1670091348.142355; 127414; 13
1670091348.167364; 127439; 13
1670091348.192360; 127464; 13
1670091348.217355; 127489; 14
1670091348.242359; 127514; 14
1670091348.267360; 127539; 14
1670091348.292356; 127564; 14
1670091348.317359; 127589; 13
1670091348.342355; 127614; 13
1670091348.367363; 127639; 13
1670091348.392356; 127664; 13
1670091348.417359; 127689; 14
1670091348.442359; 127714; 14
1670091348.467364; 127739; 14
1670091348.492360; 127764; 14
1670091348.517355; 127789; 14
1670091348.542359; 127814; 14
1670091348.567363; 127839; 14
1670091348.592361; 127864; 14
1670091348.617355; 127889; 14
1670091348.642359; 127914; 14
1670091348.667359; 127939; 14
1670091348.692360; 127964; 14
1670091348.717360; 127989; 14
1670091348.742355; 128014; 15
1670091348.767359; 128039; 15
1670091348.792367; 128064; 15
1670091348.817356; 128089; 15
1670091348.842359; 128114; 15
1670091348.867359; 128139; 15
1670091348.892364; 128164; 15
1670091348.917360; 128189; 15
1670091348.942359; 128214; 16
1670091348.967359; 128239; 16
1670091348.992360; 128264; 16
1670091349.017360; 128289; 16
1670091349.042360; 128314; 15
1670091349.067356; 128339; 15
1670091349.092361; 128364; 15
1670091349.117361; 128389; 15
1670091349.142355; 128414; 15
1670091349.167355; 128439; 15
1670091349.192367; 128464; 15
1670091349.217356; 128489; 15
1670091349.242359; 128514; 13
1670091349.267359; 128539; 13
1670091349.292364; 128564; 13
1670091349.317360; 128589; 13
1670091349.342359; 128614; 15
1670091349.367355; 128639; 15
1670091349.392359; 128664; 15
1670091349.417361; 128689; 15
1670091349.442355; 128714; 15
1670091349.467359; 128739; 15
1670091349.492359; 128764; 15
1670091349.517360; 128789; 15
1670091349.542360; 128814; 14
1670091349.567359; 128839; 14
1670091349.592359; 128864; 14
1670091349.617363; 128889; 14
1670091349.642360; 128914; 14
1670091349.667355; 128939; 13
1670091349.692359; 128964; 13
1670091349.717364; 128989; 13
1670091349.742360; 129014; 13
1670091349.767359; 129039; 10
1670091349.792355; 129064; 10
1670091349.817364; 129089; 10
1670091349.842360; 129114; 10
1670091349.867355; 129139; 9
1670091349.892355; 129164; 9
1670091349.917360; 129189; 9
1670091349.942356; 129214; 9
1670091349.967355; 129239; 10
1670091349.992359; 129264; 10
1670091350.017363; 129289; 10
1670091350.042361; 129314; 10
1670091350.067360; 129339; 10
1670091350.092360; 129364; 10
1670091350.117356; 129389; 10
1670091350.142360; 129414; 10
1670091350.167388; 129439; 10
1670091350.192355; 129464; 10
1670091350.217359; 129489; 10
1670091350.242360; 129514; 10
1670091350.267360; 129539; 11
1670091350.292359; 129564; 11
1670091350.317359; 129589; 11
1670091350.342360; 129614; 11
1670091350.367395; 129639; 12
1670091350.392359; 129664; 12
1670091350.417359; 129689; 12
1670091350.442363; 129714; 12
1670091350.467360; 129739; 12
1670091350.492355; 129764; 12
1670091350.517359; 129789; 12
1670091350.542364; 129814; 12
1670091350.567360; 129839; 12
1670091350.592359; 129864; 12
1670091350.617359; 129889; 12
1670091350.642360; 129914; 12
1670091350.667360; 129939; 13
1670091350.692359; 129964; 13
1670091350.717359; 129989; 13
1670091350.742360; 130014; 13
1670091350.767360; 130039; 14
1670091350.792355; 130064; 14
1670091350.817359; 130089; 14
1670091350.842363; 130114; 14
1670091350.867360; 130139; 14
1670091350.892355; 130164; 13
1670091350.917359; 130189; 13
1670091350.942359; 130214; 13
1670091350.967364; 130239; 13
1670091350.992360; 130264; 13
1670091351.017355; 130289; 13
1670091351.042360; 130314; 13
1670091351.067365; 130339; 13
1670091351.092361; 130364; 13
1670091351.117360; 130389; 13
1670091351.142355; 130414; 13
1670091351.167364; 130439; 13
1670091351.192363; 130464; 14
1670091351.217355; 130489; 14
1670091351.242359; 130514; 14
1670091351.267363; 130539; 14
1670091351.292360; 130564; 18
1670091351.317355; 130589; 18
1670091351.342359; 130614; 18
1670091351.367364; 130639; 18
1670091351.392361; 130664; 20
1670091351.417359; 130689; 20
1670091351.442359; 130714; 20
1670091351.467360; 130739; 20
1670091351.492360; 130764; 21
1670091351.517355; 130789; 21
1670091351.542359; 130814; 21
1670091351.567360; 130839; 21
1670091351.592360; 130864; 20
1670091351.617355; 130889; 20
1670091351.642359; 130914; 20
1670091351.667362; 130939; 20
1670091351.692361; 130964; 16
1670091351.717355; 130989; 16
1670091351.742359; 131014; 16
1670091351.767359; 131039; 16
1670091351.792360; 131064; 14
1670091351.817355; 131089; 14
1670091351.842363; 131114; 14
1670091351.867354; 131139; 14
1670091351.892358; 131164; 15
1670091351.917355; 131189; 15
1670091351.942354; 131214; 15
1670091351.967363; 131239; 15
1670091351.992358; 131264; 15
1670091352.017364; 131289; 16
1670091352.042355; 131314; 16
1670091352.067360; 131339; 16
1670091352.092369; 131364; 16
1670091352.117361; 131389; 22
1670091352.142355; 131414; 22
1670091352.167359; 131439; 22
1670091352.192364; 131464; 22
1670091352.217360; 131489; 23
1670091352.242359; 131514; 23
1670091352.267359; 131539; 23
1670091352.292364; 131564; 23
1670091352.317360; 131589; 18
1670091352.342355; 131614; 18
1670091352.367359; 131639; 18
1670091352.392360; 131664; 18
1670091352.417356; 131689; 16
1670091352.442359; 131714; 16
1670091352.467362; 131739; 16
1670091352.492362; 131764; 16
1670091352.517361; 131789; 16
1670091352.542355; 131814; 16
1670091352.567359; 131839; 16
1670091352.592359; 131864; 16
1670091352.617364; 131889; 17
1670091352.642360; 131914; 17
1670091352.667359; 131939; 17
1670091352.692359; 131964; 17
1670091352.717360; 131989; 16
1670091352.742360; 132014; 16
1670091352.767355; 132039; 16
1670091352.792359; 132064; 16
1670091352.817360; 132089; 16
1670091352.842360; 132114; 16
1670091352.867355; 132139; 16
1670091352.892355; 132164; 16
1670091352.917363; 132189; 15
1670091352.942360; 132214; 15
1670091352.967355; 132239; 15
1670091352.992359; 132264; 15
1670091353.017364; 132289; 16
1670091353.042357; 132314; 16
1670091353.067356; 132339; 16
1670091353.092360; 132364; 16
1670091353.117365; 132389; 16
1670091353.142356; 132414; 18
1670091353.167359; 132439; 18
1670091353.192359; 132464; 18
1670091353.217360; 132489; 18
1670091353.242360; 132514; 18
1670091353.267355; 132539; 18
1670091353.292359; 132564; 18
1670091353.317359; 132589; 18
1670091353.342367; 132614; 16
1670091353.367356; 132639; 16
1670091353.392359; 132664; 16
1670091353.417359; 132689; 16
1670091353.442360; 132714; 16
1670091353.467360; 132739; 16
1670091353.492355; 132764; 16
1670091353.517359; 132789; 16
1670091353.542360; 132814; 17
1670091353.567360; 132839; 17
1670091353.592355; 132864; 17
1670091353.617359; 132889; 17
1670091353.642360; 132914; 18
1670091353.667360; 132939; 18
1670091353.692355; 132964; 18
1670091353.717359; 132989; 18
1670091353.742363; 133014; 22
1670091353.767360; 133039; 22
1670091353.792355; 133064; 22
1670091353.817359; 133089; 22
1670091353.842364; 133114; 22
1670091353.867360; 133139; 22
1670091353.892355; 133164; 22
1670091353.917359; 133189; 22
1670091353.942360; 133214; 20
1670091353.967360; 133239; 20
1670091353.992355; 133264; 20
1670091354.017359; 133289; 20
1670091354.042365; 133314; 19
1670091354.067361; 133339; 19
1670091354.092360; 133364; 19
1670091354.117360; 133389; 19
1670091354.142355; 133414; 17
1670091354.167363; 133439; 17
1670091354.192360; 133464; 17
1670091354.217359; 133489; 17
1670091354.242359; 133514; 18
1670091354.267360; 133539; 18
1670091354.292356; 133564; 18
1670091354.317359; 133589; 18
1670091354.342359; 133614; 18
1670091354.367360; 133639; 18
1670091354.392360; 133664; 18
1670091354.417355; 133689; 18
1670091354.442359; 133714; 18
1670091354.467364; 133739; 17
1670091354.492356; 133764; 17
1670091354.517355; 133789; 17
1670091354.542359; 133814; 17
1670091354.567363; 133839; 16
1670091354.592360; 133864; 16
1670091354.617359; 133889; 16
1670091354.642359; 133914; 16
1670091354.667364; 133939; 19
1670091354.692360; 133964; 19
1670091354.717355; 133989; 19
1670091354.742359; 134014; 19
1670091354.767360; 134039; 22
1670091354.792360; 134064; 22
1670091354.817355; 134089; 22
1670091354.842359; 134114; 22
1670091354.867363; 134139; 23
1670091354.892357; 134164; 23
1670091354.917359; 134189; 23
1670091354.942359; 134214; 23
1670091354.967359; 134239; 22
1670091354.992367; 134264; 22
1670091355.017356; 134289; 22
1670091355.042360; 134314; 22
1670091355.067356; 134339; 23
1670091355.092365; 134364; 23
1670091355.117357; 134389; 23
1670091355.142359; 134414; 23
1670091355.167359; 134439; 25
1670091355.192360; 134464; 25
1670091355.217360; 134489; 25
1670091355.242359; 134514; 25
1670091355.267359; 134539; 26
1670091355.292364; 134564; 26
1670091355.317360; 134589; 26
1670091355.342355; 134614; 26
1670091355.367359; 134639; 28
1670091355.392363; 134664; 28
1670091355.417360; 134689; 28
1670091355.442355; 134714; 28
1670091355.467359; 134739; 28
1670091355.492382; 134764; 29
1670091355.517360; 134789; 29
1670091355.542355; 134814; 29
1670091355.567359; 134839; 29
1670091355.592360; 134864; 30
1670091355.617360; 134889; 30
1670091355.642355; 134914; 30
1670091355.667359; 134939; 30
1670091355.692374; 134964; 31
1670091355.717361; 134989; 31
1670091355.742355; 135014; 31
1670091355.767359; 135039; 31
1670091355.792355; 135064; 32
1670091355.817363; 135089; 32
1670091355.842360; 135114; 32
1670091355.867355; 135139; 32
1670091355.892359; 135164; 33
1670091355.917364; 135189; 33
1670091355.942360; 135214; 33
1670091355.967355; 135239; 33
1670091355.992359; 135264; 36
1670091356.017360; 135289; 36
1670091356.042361; 135314; 36
1670091356.067360; 135339; 36
1670091356.092360; 135364; 39
1670091356.117361; 135389; 39
1670091356.142360; 135414; 39
1670091356.167355; 135439; 39
1670091356.192359; 135464; 38
1670091356.217363; 135489; 38
1670091356.242360; 135514; 38
1670091356.267359; 135539; 38
1670091356.292359; 135564; 38
1670091356.317364; 135589; 38
1670091356.342360; 135614; 38
1670091356.367355; 135639; 38
1670091356.392359; 135664; 33
1670091356.417360; 135689; 33
1670091356.442360; 135714; 33
1670091356.467355; 135739; 33
1670091356.492359; 135764; 32
1670091356.517358; 135789; 32
1670091356.542364; 135814; 32
1670091356.567356; 135839; 32
1670091356.592359; 135864; 32
1670091356.617359; 135889; 36
1670091356.642367; 135914; 36
1670091356.667356; 135939; 36
1670091356.692359; 135964; 36
1670091356.717357; 135989; 33
1670091356.742364; 136014; 33
1670091356.767360; 136039; 33
1670091356.792355; 136064; 33
1670091356.817359; 136089; 32
1670091356.842360; 136114; 32
1670091356.867360; 136139; 32
1670091356.892355; 136164; 32
1670091356.917359; 136189; 33
1670091356.942364; 136214; 33
1670091356.967360; 136239; 33
1670091356.992359; 136264; 33
1670091357.017359; 136289; 8
1670091357.042364; 136314; 8
1670091357.067361; 136339; 8
1670091357.092356; 136364; 8
1670091357.117360; 136389; 5
1670091357.142363; 136414; 5
1670091357.167361; 136439; 5
1670091357.192355; 136464; 5
1670091357.217355; 136489; 4
1670091357.242355; 136514; 4
1670091357.267364; 136539; 4
1670091357.292360; 136564; 4
1670091357.317359; 136589; 4
1670091357.342359; 136614; 4
1670091357.367364; 136639; 4
1670091357.392360; 136664; 4
1670091357.417359; 136689; 4
1670091357.442359; 136714; 4
1670091357.467367; 136739; 4
1670091357.492360; 136764; 4
1670091357.517359; 136789; 4
1670091357.542359; 136814; 4
1670091357.567359; 136839; 4
1670091357.592364; 136864; 4
1670091357.617360; 136889; 4
1670091357.642359; 136914; 4
1670091357.667359; 136939; 4
1670091357.692364; 136964; 4
1670091357.717360; 136989; 4
1670091357.742356; 137014; 4
1670091357.767355; 137039; 4
1670091357.792360; 137064; 4
1670091357.817356; 137089; 4
1670091357.842359; 137114; 4
1670091357.867359; 137139; 4
1670091357.892363; 137164; 4
1670091357.917360; 137189; 4
1670091357.942359; 137214; 4
1670091357.967359; 137239; 4
1670091357.992359; 137264; 4
1670091358.017364; 137289; 4
1670091358.042357; 137314; 4
1670091358.067360; 137339; 4
1670091358.092356; 137364; 4
1670091358.117365; 137389; 4
1670091358.142360; 137414; 4
1670091358.167355; 137439; 4
1670091358.192355; 137464; 4
1670091358.217360; 137489; 4
1670091358.242356; 137514; 4
1670091358.267355; 137539; 4
1670091358.292355; 137564; 4
1670091358.317363; 137589; 4
1670091358.342360; 137614; 5
1670091358.367355; 137639; 5
1670091358.392355; 137664; 5
1670091358.417355; 137689; 5
1670091358.442360; 137714; 5
1670091358.467356; 137739; 5
1670091358.492355; 137764; 5
1670091358.517355; 137789; 5
1670091358.542360; 137814; 5
1670091358.567360; 137839; 5
1670091358.592359; 137864; 5
1670091358.617355; 137889; 5
1670091358.642360; 137914; 5
1670091358.667356; 137939; 5
1670091358.692355; 137964; 5
1670091358.717355; 137989; 5
1670091358.742366; 138014; 5
1670091358.767361; 138039; 5
1670091358.792359; 138064; 5
1670091358.817359; 138089; 5
1670091358.842359; 138114; 5
1670091358.867364; 138139; 5
1670091358.892360; 138164; 5
1670091358.917359; 138189; 5
1670091358.942359; 138214; 5
1670091358.967364; 138239; 6
1670091358.992360; 138264; 6
1670091359.017359; 138289; 6
1670091359.042360; 138314; 6
1670091359.067361; 138339; 6
1670091359.092361; 138364; 6
1670091359.117356; 138389; 6
1670091359.142355; 138414; 6
1670091359.167355; 138439; 6
1670091359.192367; 138464; 6
1670091359.217360; 138489; 6
1670091359.242359; 138514; 6
1670091359.267359; 138539; 6
1670091359.292364; 138564; 6
1670091359.317360; 138589; 6
1670091359.342359; 138614; 6
1670091359.367359; 138639; 7
1670091359.392360; 138664; 7
1670091359.417356; 138689; 7
1670091359.442359; 138714; 7
1670091359.467359; 138739; 7
1670091359.492364; 138764; 7
1670091359.517360; 138789; 7
1670091359.542359; 138814; 7
1670091359.567359; 138839; 7
1670091359.592359; 138864; 7
1670091359.617363; 138889; 7
1670091359.642360; 138914; 7
1670091359.667359; 138939; 7
1670091359.692359; 138964; 7
1670091359.717364; 138989; 7
1670091359.742360; 139014; 7
1670091359.767359; 139039; 7
1670091359.792359; 139064; 7
1670091359.817364; 139089; 7
1670091359.842360; 139114; 7
1670091359.867359; 139139; 7
1670091359.892359; 139164; 7
1670091359.917364; 139189; 7
1670091359.942360; 139214; 7
1670091359.967359; 139239; 8
1670091359.992359; 139264; 8
1670091360.017355; 139289; 8
1670091360.042364; 139314; 8
1670091360.067361; 139339; 7
1670091360.092356; 139364; 7
1670091360.117360; 139389; 7
1670091360.142364; 139414; 7
1670091360.167360; 139439; 7
1670091360.192359; 139464; 7
1670091360.217355; 139489; 7
1670091360.242360; 139514; 7
1670091360.267360; 139539; 7
1670091360.292359; 139564; 7
1670091360.317359; 139589; 7
1670091360.342359; 139614; 7
1670091360.367357; 139639; 7
1670091360.392359; 139664; 7
1670091360.417359; 139689; 7
1670091360.442359; 139714; 7
1670091360.467363; 139739; 7
1670091360.492360; 139764; 7
1670091360.517359; 139789; 7
1670091360.542359; 139814; 7
1670091360.567364; 139839; 7
1670091360.592360; 139864; 7
1670091360.617359; 139889; 7
1670091360.642359; 139914; 7
1670091360.667364; 139939; 7
1670091360.692360; 139964; 7
1670091360.717359; 139989; 7
1670091360.742359; 140014; 7
1670091360.767359; 140039; 7
1670091360.792360; 140064; 7
1670091360.817379; 140089; 7
1670091360.842359; 140114; 7
1670091360.867359; 140139; 7
1670091360.892367; 140164; 7
1670091360.917360; 140189; 7
1670091360.942359; 140214; 7
1670091360.967359; 140239; 7
1670091360.992364; 140264; 7
1670091361.017375; 140289; 7
1670091361.042360; 140314; 7
1670091361.067356; 140339; 7
1670091361.092365; 140364; 7
1670091361.117357; 140389; 7
1670091361.142359; 140414; 7
1670091361.167359; 140439; 7
1670091361.192359; 140464; 7
1670091361.217364; 140489; 7
1670091361.242356; 140514; 7
1670091361.267355; 140539; 7
1670091361.292355; 140564; 7
1670091361.317367; 140589; 6
1670091361.342360; 140614; 6
1670091361.367359; 140639; 6
1670091361.392359; 140664; 6
1670091361.417364; 140689; 6
1670091361.442360; 140714; 6
1670091361.467359; 140739; 6
1670091361.492355; 140764; 6
1670091361.517360; 140789; 6
1670091361.542356; 140814; 6
1670091361.567355; 140839; 6
1670091361.592355; 140864; 6
1670091361.617355; 140889; 6
1670091361.642360; 140914; 6
1670091361.667356; 140939; 6
1670091361.692359; 140964; 6
1670091361.717359; 140989; 8
1670091361.742363; 141014; 8
1670091361.767360; 141039; 8
1670091361.792355; 141064; 8
1670091361.817355; 141089; 8
1670091361.842420; 141114; 8
1670091361.867360; 141139; 8
1670091361.892359; 141164; 8
1670091361.917359; 141189; 9
1670091361.942359; 141214; 9
1670091361.967357; 141239; 9
1670091361.992359; 141264; 9
1670091362.017359; 141289; 9
1670091362.042362; 141314; 9
1670091362.067365; 141339; 9
1670091362.092357; 141364; 9
1670091362.117360; 141389; 10
1670091362.142355; 141414; 10
1670091362.167363; 141439; 10
1670091362.192360; 141464; 10
1670091362.217359; 141489; 10
1670091362.242359; 141514; 10
1670091362.267364; 141539; 10
1670091362.292360; 141564; 10
1670091362.317355; 141589; 10
1670091362.342359; 141614; 10
1670091362.367360; 141639; 10
1670091362.392360; 141664; 10
1670091362.417359; 141689; 10
1670091362.442359; 141714; 12
1670091362.467360; 141739; 12
1670091362.492360; 141764; 12
1670091362.517355; 141789; 12
1670091362.542359; 141814; 15
1670091362.567362; 141839; 15
1670091362.592361; 141864; 15
1670091362.617355; 141889; 15
1670091362.642359; 141914; 17
1670091362.667359; 141939; 17
1670091362.692364; 141964; 17
1670091362.717356; 141989; 17
1670091362.742359; 142014; 17
1670091362.767359; 142039; 17
1670091362.792360; 142064; 17
1670091362.817360; 142089; 17
1670091362.842355; 142114; 17
1670091362.867359; 142139; 17
1670091362.892360; 142164; 17
1670091362.917360; 142189; 17
1670091362.942355; 142214; 18
1670091362.967359; 142239; 18
1670091362.992363; 142264; 18
1670091363.017360; 142289; 18
1670091363.042360; 142314; 17
1670091363.067356; 142339; 17
1670091363.092365; 142364; 17
1670091363.117359; 142389; 17
1670091363.142359; 142414; 18
1670091363.167359; 142439; 18
1670091363.192360; 142464; 18
1670091363.217360; 142489; 18
1670091363.242359; 142514; 18
1670091363.267359; 142539; 18
1670091363.292364; 142564; 18
1670091363.317360; 142589; 18
1670091363.342359; 142614; 19
1670091363.367359; 142639; 19
1670091363.392366; 142664; 19
1670091363.417357; 142689; 19
1670091363.442359; 142714; 19
1670091363.467359; 142739; 19
1670091363.492359; 142764; 19
1670091363.517364; 142789; 19
1670091363.542360; 142814; 20
1670091363.567355; 142839; 20
1670091363.592359; 142864; 20
1670091363.617360; 142889; 20
1670091363.642360; 142914; 20
1670091363.667355; 142939; 21
1670091363.692359; 142964; 21
1670091363.717360; 142989; 21
1670091363.742360; 143014; 21
1670091363.767355; 143039; 19
1670091363.792359; 143064; 19
1670091363.817363; 143089; 19
1670091363.842360; 143114; 19
1670091363.867355; 143139; 18
1670091363.892355; 143164; 18
1670091363.917360; 143189; 18
1670091363.942360; 143214; 18
1670091363.967359; 143239; 16
1670091363.992359; 143264; 16
1670091364.017360; 143289; 16
1670091364.042361; 143314; 16
1670091364.067360; 143339; 17
1670091364.092356; 143364; 17
1670091364.117365; 143389; 17
1670091364.142356; 143414; 17
1670091364.167359; 143439; 15
1670091364.192359; 143464; 15
1670091364.217359; 143489; 15
1670091364.242367; 143514; 15
1670091364.267356; 143539; 12
1670091364.292359; 143564; 12
1670091364.317359; 143589; 12
1670091364.342364; 143614; 12
1670091364.367356; 143639; 8
1670091364.392355; 143664; 8
1670091364.417355; 143689; 8
1670091364.442360; 143714; 8
1670091364.467356; 143739; 4
1670091364.492355; 143764; 4
1670091364.517355; 143789; 4
1670091364.542360; 143814; 4
1670091364.567356; 143839; 4
1670091364.592359; 143864; 4
1670091364.617359; 143889; 4
1670091364.642363; 143914; 4
1670091364.667360; 143939; 4
1670091364.692359; 143964; 4
1670091364.717359; 143989; 4
1670091364.742359; 144014; 4
1670091364.767360; 144039; 4
1670091364.792360; 144064; 4
1670091364.817359; 144089; 4
1670091364.842359; 144114; 4
1670091364.867364; 144139; 4
1670091364.892360; 144164; 4
1670091364.917359; 144189; 4
1670091364.942359; 144214; 4
1670091364.967364; 144239; 4
1670091364.992360; 144264; 4
1670091365.017359; 144289; 4
1670091365.042356; 144314; 4
1670091365.067367; 144339; 4
1670091365.092359; 144364; 4
1670091365.117356; 144389; 4
1670091365.142355; 144414; 4
1670091365.167359; 144439; 4
1670091365.192364; 144464; 4
1670091365.217360; 144489; 4
1670091365.242359; 144514; 4
1670091365.267359; 144539; 4
1670091365.292364; 144564; 4
1670091365.317365; 144589; 4
1670091365.342359; 144614; 4
1670091365.367359; 144639; 4
1670091365.392364; 144664; 4
1670091365.417360; 144689; 4
1670091365.442359; 144714; 4
1670091365.467359; 144739; 4
1670091365.492359; 144764; 4
1670091365.517367; 144789; 4
1670091365.542360; 144814; 4
1670091365.567359; 144839; 4
1670091365.592359; 144864; 4
1670091365.617364; 144889; 4
1670091365.642360; 144914; 4
1670091365.667359; 144939; 4
1670091365.692359; 144964; 4
1670091365.717364; 144989; 4
1670091365.742360; 145014; 4
1670091365.767359; 145039; 4
1670091365.792355; 145064; 4
1670091365.817360; 145089; 4
1670091365.842356; 145114; 4
1670091365.867359; 145139; 4
1670091365.892359; 145164; 4
1670091365.917359; 145189; 4
1670091365.942363; 145214; 4
1670091365.967360; 145239; 4
1670091365.992359; 145264; 4
1670091366.017359; 145289; 4
1670091366.042361; 145314; 4
1670091366.067361; 145339; 4
1670091366.092356; 145364; 4
1670091366.117360; 145389; 4
1670091366.142379; 145414; 4
1670091366.167356; 145439; 4
1670091366.192355; 145464; 4
1670091366.217355; 145489; 4
1670091366.242360; 145514; 4
1670091366.267356; 145539; 4
1670091366.292359; 145564; 4
1670091366.317359; 145589; 4
1670091366.342372; 145614; 4
1670091366.367367; 145639; 4
1670091366.392360; 145664; 4
1670091366.417359; 145689; 4
1670091366.442359; 145714; 4
1670091366.467364; 145739; 4
1670091366.492360; 145764; 4
1670091366.517359; 145789; 4
1670091366.542359; 145814; 4
1670091366.567360; 145839; 4
1670091366.592356; 145864; 4
1670091366.617355; 145889; 4
1670091366.642355; 145914; 4
1670091366.667359; 145939; 4
1670091366.692357; 145964; 4
1670091366.717359; 145989; 4
1670091366.742359; 146014; 4
1670091366.767355; 146039; 4
1670091366.792363; 146064; 4
1670091366.817360; 146089; 4
1670091366.842359; 146114; 4
1670091366.867359; 146139; 4
1670091366.892364; 146164; 4
1670091366.917360; 146189; 4
1670091366.942359; 146214; 4
1670091366.967359; 146239; 4
1670091366.992364; 146264; 4
1670091367.017360; 146289; 4
1670091367.042356; 146314; 4
1670091367.067360; 146339; 4
1670091367.092356; 146364; 4
1670091367.117365; 146389; 4
1670091367.142360; 146414; 4
1670091367.167360; 146439; 4
1670091367.192359; 146464; 4
1670091367.217367; 146489; 4
1670091367.242360; 146514; 4
1670091367.267359; 146539; 4
1670091367.292359; 146564; 4
1670091367.317364; 146589; 4
1670091367.342360; 146614; 4
1670091367.367358; 146639; 4
1670091367.392359; 146664; 4
1670091367.417364; 146689; 4
1670091367.442360; 146714; 4
1670091367.467359; 146739; 4
1670091367.492359; 146764; 4
1670091367.517359; 146789; 4
1670091367.542364; 146814; 4
1670091367.567360; 146839; 4
1670091367.592359; 146864; 4
1670091367.617359; 146889; 4
1670091367.642363; 146914; 4
1670091367.667360; 146939; 4
1670091367.692359; 146964; 4
1670091367.717359; 146989; 4
1670091367.742364; 147014; 4
1670091367.767360; 147039; 4
1670091367.792355; 147064; 4
1670091367.817355; 147089; 4
1670091367.842360; 147114; 4
1670091367.867356; 147139; 4
1670091367.892359; 147164; 4
1670091367.917359; 147189; 4
1670091367.942359; 147214; 4
1670091367.967364; 147239; 4
1670091367.992356; 147264; 4
1670091368.017359; 147289; 4
1670091368.042360; 147314; 4
1670091368.067364; 147339; 4
1670091368.092361; 147364; 4
1670091368.117356; 147389; 4
1670091368.142355; 147414; 4
1670091368.167360; 147439; 4
1670091368.192357; 147464; 4
1670091368.217359; 147489; 4
1670091368.242359; 147514; 4
1670091368.267358; 147539; 4
1670091368.292361; 147564; 4
1670091368.317355; 147589; 4
1670091368.342355; 147614; 4
1670091368.367355; 147639; 4
1670091368.392359; 147664; 4
1670091368.417360; 147689; 4
1670091368.442362; 147714; 4
1670091368.467359; 147739; 4
1670091368.492363; 147764; 4
1670091368.517360; 147789; 4
1670091368.542359; 147814; 4
1670091368.567359; 147839; 4
1670091368.592364; 147864; 4
1670091368.617356; 147889; 4
1670091368.642355; 147914; 4
1670091368.667355; 147939; 4
1670091368.692355; 147964; 4
1670091368.717360; 147989; 4
1670091368.742356; 148014; 4
1670091368.767355; 148039; 4
1670091368.792359; 148064; 4
1670091368.817364; 148089; 4
1670091368.842360; 148114; 4
1670091368.867355; 148139; 4
1670091368.892355; 148164; 4
1670091368.917367; 148189; 4
1670091368.942360; 148214; 4
1670091368.967359; 148239; 4
1670091368.992359; 148264; 4
1670091369.017360; 148289; 4
1670091369.042361; 148314; 4
1670091369.067356; 148339; 4
1670091369.092360; 148364; 4
1670091369.117356; 148389; 4
1670091369.142364; 148414; 4
1670091369.167360; 148439; 4
1670091369.192359; 148464; 4
1670091369.217359; 148489; 4
1670091369.242364; 148514; 4
1670091369.267360; 148539; 4
1670091369.292359; 148564; 4
1670091369.317359; 148589; 4
1670091369.342363; 148614; 4
1670091369.367360; 148639; 4
1670091369.392359; 148664; 4
1670091369.417359; 148689; 4
1670091369.442364; 148714; 4
1670091369.467360; 148739; 4
1670091369.492359; 148764; 4
1670091369.517359; 148789; 4
1670091369.542359; 148814; 4
1670091369.567364; 148839; 4
1670091369.592360; 148864; 4
1670091369.617359; 148889; 4
1670091369.642359; 148914; 4
1670091369.667364; 148939; 4
1670091369.692356; 148964; 4
1670091369.717355; 148989; 4
1670091369.742355; 149014; 4
1670091369.767367; 149039; 4
1670091369.792356; 149064; 4
1670091369.817355; 149089; 4
1670091369.842359; 149114; 4
1670091369.867359; 149139; 4
1670091369.892357; 149164; 4
1670091369.917359; 149189; 4
1670091369.942359; 149214; 4
1670091369.967359; 149239; 4
1670091369.992364; 149264; 4
1670091370.017360; 149289; 4
1670091370.042356; 149314; 4
1670091370.067360; 149339; 4
1670091370.092361; 149364; 4
1670091370.117361; 149389; 4
1670091370.142359; 149414; 4
1670091370.167359; 149439; 4
1670091370.192363; 149464; 4
1670091370.217360; 149489; 4
1670091370.242355; 149514; 4
1670091370.267355; 149539; 4
1670091370.292355; 149564; 4
1670091370.317360; 149589; 4
1670091370.342356; 149614; 4
1670091370.367355; 149639; 4
1670091370.392355; 149664; 4
1670091370.417360; 149689; 4
1670091370.442360; 149714; 4
1670091370.467355; 149739; 4
1670091370.492355; 149764; 4
1670091370.517360; 149789; 4
1670091370.542356; 149814; 4
1670091370.567355; 149839; 4
1670091370.592355; 149864; 4
1670091370.617367; 149889; 4
1670091370.642370; 149914; 4
1670091370.667355; 149939; 4
1670091370.692355; 149964; 4
1670091370.717355; 149989; 4
1670091370.742360; 150014; 4
1670091370.767356; 150039; 4
1670091370.792359; 150064; 4
1670091370.817359; 150089; 4
1670091370.842364; 150114; 4
1670091370.867356; 150139; 4
1670091370.892359; 150164; 4
1670091370.917359; 150189; 4
1670091370.942364; 150214; 4
1670091370.967360; 150239; 4
1670091370.992359; 150264; 4
1670091371.017359; 150289; 4
1670091371.042364; 150314; 4
1670091371.067361; 150339; 4
1670091371.092356; 150364; 4
1670091371.117360; 150389; 4
1670091371.142359; 150414; 4
1670091371.167364; 150439; 4
1670091371.192360; 150464; 4
1670091371.217359; 150489; 4
1670091371.242359; 150514; 4
1670091371.267364; 150539; 4
1670091371.292360; 150564; 4
1670091371.317359; 150589; 4
1670091371.342359; 150614; 4
1670091371.367364; 150639; 4
1670091371.392360; 150664; 4
1670091371.417359; 150689; 4
1670091371.442359; 150714; 4
1670091371.467378; 150739; 4
1670091371.492357; 150764; 4
1670091371.517359; 150789; 4
1670091371.542359; 150814; 4
1670091371.567359; 150839; 4
1670091371.592364; 150864; 4
1670091371.617360; 150889; 4
1670091371.642359; 150914; 4
1670091371.667384; 150939; 4
1670091371.692364; 150964; 4
1670091371.717360; 150989; 4
1670091371.742355; 151014; 4
1670091371.767355; 151039; 4
1670091371.792364; 151064; 4
1670091371.817360; 151089; 4
1670091371.842359; 151114; 4
1670091371.867359; 151139; 4
1670091371.892359; 151164; 4
1670091371.917363; 151189; 4
1670091371.942360; 151214; 4
1670091371.967359; 151239; 4
1670091371.992359; 151264; 4
1670091372.017364; 151289; 4
1670091372.042357; 151314; 4
1670091372.067360; 151339; 4
1670091372.092356; 151364; 4
1670091372.117365; 151389; 4
1670091372.142360; 151414; 4
1670091372.167359; 151439; 4
1670091372.192359; 151464; 4
1670091372.217364; 151489; 4
1670091372.242360; 151514; 4
1670091372.267359; 151539; 4
1670091372.292355; 151564; 4
1670091372.317355; 151589; 4
1670091372.342363; 151614; 4
1670091372.367360; 151639; 4
1670091372.392355; 151664; 4
1670091372.417355; 151689; 4
1670091372.442360; 151714; 4
1670091372.467356; 151739; 4
1670091372.492361; 151764; 4
1670091372.517359; 151789; 4
1670091372.542364; 151814; 4
1670091372.567360; 151839; 4
1670091372.592359; 151864; 4
1670091372.617359; 151889; 4
1670091372.642364; 151914; 4
1670091372.667360; 151939; 4
1670091372.692358; 151964; 4
1670091372.717355; 151989; 4
1670091372.742369; 152014; 4
1670091372.767367; 152039; 4
1670091372.792360; 152064; 4
1670091372.817359; 152089; 4
1670091372.842359; 152114; 4
1670091372.867364; 152139; 4
1670091372.892360; 152164; 4
1670091372.917359; 152189; 4
1670091372.942359; 152214; 4
1670091372.967364; 152239; 4
1670091372.992360; 152264; 4
1670091373.017359; 152289; 4
1670091373.042356; 152314; 4
1670091373.067360; 152339; 4
1670091373.092363; 152364; 4
1670091373.117360; 152389; 4
1670091373.142359; 152414; 4
1670091373.167355; 152439; 4
1670091373.192363; 152464; 4
1670091373.217360; 152489; 4
1670091373.242359; 152514; 4
1670091373.267359; 152539; 4
1670091373.292364; 152564; 4
1670091373.317360; 152589; 4
1670091373.342359; 152614; 4
1670091373.367359; 152639; 4
1670091373.392364; 152664; 4
1670091373.417360; 152689; 4
1670091373.442359; 152714; 4
1670091373.467359; 152739; 4
1670091373.492359; 152764; 4
1670091373.517360; 152789; 4
1670091373.542356; 152814; 4
1670091373.567359; 152839; 4
1670091373.592359; 152864; 4
1670091373.617367; 152889; 4
1670091373.642360; 152914; 4
1670091373.667359; 152939; 4
1670091373.692359; 152964; 4
1670091373.717360; 152989; 4
1670091373.742356; 153014; 4
1670091373.767359; 153039; 4
1670091373.792355; 153064; 4
1670091373.817360; 153089; 4
1670091373.842356; 153114; 4
1670091373.867359; 153139; 4
1670091373.892359; 153164; 4
1670091373.917359; 153189; 4
1670091373.942364; 153214; 4
1670091373.967360; 153239; 4
1670091373.992359; 153264; 4
1670091374.017359; 153289; 4
1670091374.042364; 153314; 4
1670091374.067361; 153339; 4
1670091374.092360; 153364; 4
1670091374.117356; 153389; 4
1670091374.142364; 153414; 4
1670091374.167360; 153439; 4
1670091374.192359; 153464; 4
1670091374.217359; 153489; 4
1670091374.242364; 153514; 4
1670091374.267360; 153539; 4
1670091374.292359; 153564; 4
1670091374.317359; 153589; 4
1670091374.342359; 153614; 4
1670091374.367364; 153639; 4
1670091374.392360; 153664; 4
1670091374.417359; 153689; 4
1670091374.442359; 153714; 4
1670091374.467367; 153739; 4
1670091374.492360; 153764; 4
1670091374.517359; 153789; 4
1670091374.542359; 153814; 4
1670091374.567364; 153839; 4
1670091374.592360; 153864; 4
1670091374.617359; 153889; 4
1670091374.642359; 153914; 4
1670091374.667359; 153939; 4
1670091374.692357; 153964; 4
1670091374.717359; 153989; 4
1670091374.742355; 154014; 4
1670091374.767359; 154039; 4
1670091374.792363; 154064; 4
1670091374.817360; 154089; 4
1670091374.842359; 154114; 4
1670091374.867359; 154139; 4
1670091374.892363; 154164; 4
1670091374.917360; 154189; 4
1670091374.942359; 154214; 4
1670091374.967359; 154239; 4
1670091374.992364; 154264; 4
1670091375.017360; 154289; 4
1670091375.042356; 154314; 4
1670091375.067360; 154339; 4
1670091375.092356; 154364; 4
1670091375.117365; 154389; 4
1670091375.142360; 154414; 4
1670091375.167359; 154439; 4
1670091375.192359; 154464; 4
1670091375.217360; 154489; 4
1670091375.242356; 154514; 4
1670091375.267355; 154539; 4
1670091375.292355; 154564; 4
1670091375.317363; 154589; 4
1670091375.342360; 154614; 4
1670091375.367355; 154639; 4
1670091375.392355; 154664; 4
1670091375.417360; 154689; 4
1670091375.442356; 154714; 4
1670091375.467355; 154739; 4
1670091375.492355; 154764; 4
1670091375.517355; 154789; 4
1670091375.542360; 154814; 4
1670091375.567356; 154839; 4
1670091375.592355; 154864; 4
1670091375.617355; 154889; 4
1670091375.642360; 154914; 4
1670091375.667356; 154939; 4
1670091375.692359; 154964; 4
1670091375.717359; 154989; 4
1670091375.742363; 155014; 4
1670091375.767360; 155039; 4
1670091375.792355; 155064; 4
1670091375.817355; 155089; 4
1670091375.842360; 155114; 4
1670091375.867356; 155139; 4
1670091375.892355; 155164; 4
1670091375.917355; 155189; 4
1670091375.942355; 155214; 4
1670091375.967371; 155239; 4
1670091375.992360; 155264; 4
1670091376.017359; 155289; 4
1670091376.042356; 155314; 4
1670091376.067365; 155339; 4
1670091376.092357; 155364; 4
1670091376.117360; 155389; 4
1670091376.142359; 155414; 4
1670091376.167363; 155439; 4
1670091376.192360; 155464; 4
1670091376.217359; 155489; 4
1670091376.242359; 155514; 4
1670091376.267358; 155539; 4
1670091376.292361; 155564; 4
1670091376.317355; 155589; 4
1670091376.342355; 155614; 4
1670091376.367355; 155639; 4
1670091376.392360; 155664; 4
1670091376.417356; 155689; 4
1670091376.442355; 155714; 4
1670091376.467355; 155739; 4
1670091376.492360; 155764; 4
1670091376.517356; 155789; 4
1670091376.542355; 155814; 4
1670091376.567355; 155839; 4
1670091376.592363; 155864; 4
1670091376.617360; 155889; 4
1670091376.642359; 155914; 4
1670091376.667359; 155939; 4
1670091376.692359; 155964; 4
1670091376.717364; 155989; 4
1670091376.742360; 156014; 4
1670091376.767359; 156039; 4
1670091376.792387; 156064; 4
1670091376.817364; 156089; 4
1670091376.842356; 156114; 4
1670091376.867355; 156139; 4
1670091376.892355; 156164; 4
1670091376.917364; 156189; 4
1670091376.942360; 156214; 4
1670091376.967359; 156239; 4
1670091376.992398; 156264; 4
1670091377.017363; 156289; 4
1670091377.042361; 156314; 4
1670091377.067356; 156339; 4
1670091377.092360; 156364; 4
1670091377.117356; 156389; 4
1670091377.142360; 156414; 4
1670091377.167356; 156439; 4
1670091377.192355; 156464; 4
1670091377.217359; 156489; 4
1670091377.242364; 156514; 4
1670091377.267356; 156539; 4
1670091377.292359; 156564; 4
1670091377.317359; 156589; 4
1670091377.342364; 156614; 4
1670091377.367360; 156639; 4
1670091377.392359; 156664; 4
1670091377.417355; 156689; 4
1670091377.442363; 156714; 4
1670091377.467360; 156739; 4
1670091377.492359; 156764; 4
1670091377.517359; 156789; 4
1670091377.542359; 156814; 4
1670091377.567364; 156839; 4
1670091377.592360; 156864; 4
1670091377.617355; 156889; 4
1670091377.642355; 156914; 4
1670091377.667364; 156939; 4
1670091377.692360; 156964; 4
1670091377.717359; 156989; 4
1670091377.742359; 157014; 4
1670091377.767364; 157039; 4
1670091377.792356; 157064; 4
1670091377.817362; 157089; 4
1670091377.842359; 157114; 4
1670091377.867362; 157139; 4
1670091377.892361; 157164; 4
1670091377.917355; 157189; 4
1670091377.942355; 157214; 4
1670091377.967355; 157239; 4
1670091377.992360; 157264; 4
1670091378.017359; 157289; 4
1670091378.042360; 157314; 4
1670091378.067372; 157339; 4
1670091378.092365; 157364; 4
1670091378.117357; 157389; 4
1670091378.142359; 157414; 4
1670091378.167359; 157439; 4
1670091378.192364; 157464; 4
1670091378.217360; 157489; 4
1670091378.242359; 157514; 4
1670091378.267359; 157539; 5
1670091378.292359; 157564; 5
1670091378.317363; 157589; 5
1670091378.342360; 157614; 5
1670091378.367359; 157639; 5
1670091378.392359; 157664; 5
1670091378.417364; 157689; 5
1670091378.442356; 157714; 5
1670091378.467355; 157739; 5
1670091378.492355; 157764; 5
1670091378.517360; 157789; 5
1670091378.542356; 157814; 5
1670091378.567355; 157839; 5
1670091378.592355; 157864; 5
1670091378.617360; 157889; 5
1670091378.642356; 157914; 5
1670091378.667355; 157939; 5
1670091378.692355; 157964; 5
1670091378.717355; 157989; 5
1670091378.742363; 158014; 5
1670091378.767360; 158039; 5
1670091378.792355; 158064; 5
1670091378.817355; 158089; 5
1670091378.842364; 158114; 5
1670091378.867360; 158139; 5
1670091378.892359; 158164; 5
1670091378.917359; 158189; 5
1670091378.942364; 158214; 5
1670091378.967360; 158239; 5
1670091378.992359; 158264; 5
1670091379.017359; 158289; 5
1670091379.042365; 158314; 5
1670091379.067361; 158339; 5
1670091379.092356; 158364; 4
1670091379.117360; 158389; 4
1670091379.142359; 158414; 4
1670091379.167367; 158439; 4
1670091379.192360; 158464; 8
1670091379.217359; 158489; 8
1670091379.242359; 158514; 8
1670091379.267360; 158539; 8
1670091379.292356; 158564; 13
1670091379.317359; 158589; 13
1670091379.342359; 158614; 13
1670091379.367360; 158639; 13
1670091379.392360; 158664; 9
1670091379.417359; 158689; 9
1670091379.442359; 158714; 9
1670091379.467364; 158739; 9
1670091379.492360; 158764; 10
1670091379.517359; 158789; 10
1670091379.542359; 158814; 10
1670091379.567366; 158839; 10
1670091379.592357; 158864; 10
1670091379.617359; 158889; 10
1670091379.642359; 158914; 10
1670091379.667359; 158939; 10
1670091379.692364; 158964; 10
1670091379.717356; 158989; 10
1670091379.742359; 159014; 10
1670091379.767359; 159039; 10
1670091379.792360; 159064; 11
1670091379.817360; 159089; 11
1670091379.842355; 159114; 11
1670091379.867359; 159139; 11
1670091379.892360; 159164; 11
1670091379.917360; 159189; 10
1670091379.942355; 159214; 10
1670091379.967359; 159239; 10
1670091379.992363; 159264; 10
1670091380.017360; 159289; 9
1670091380.042356; 159314; 9
1670091380.067360; 159339; 9
1670091380.092365; 159364; 9
1670091380.117362; 159389; 9
1670091380.142359; 159414; 9
1670091380.167359; 159439; 9
1670091380.192359; 159464; 9
1670091380.217357; 159489; 9
1670091380.242359; 159514; 9
1670091380.267359; 159539; 9
1670091380.292355; 159564; 9
1670091380.317364; 159589; 10
1670091380.342360; 159614; 10
1670091380.367355; 159639; 10
1670091380.392359; 159664; 10
1670091380.417363; 159689; 10
1670091380.442360; 159714; 10
1670091380.467355; 159739; 10
1670091380.492355; 159764; 10
1670091380.517360; 159789; 9
1670091380.542360; 159814; 9
1670091380.567359; 159839; 9
1670091380.592359; 159864; 9
1670091380.617364; 159889; 9
1670091380.642360; 159914; 9
1670091380.667359; 159939; 9
1670091380.692359; 159964; 9
1670091380.717359; 159989; 9
1670091380.742364; 160014; 9
1670091380.767360; 160039; 9
1670091380.792355; 160064; 9
1670091380.817355; 160089; 9
1670091380.842367; 160114; 9
1670091380.867360; 160139; 9
1670091380.892359; 160164; 9
1670091380.917359; 160189; 9
1670091380.942364; 160214; 9
1670091380.967360; 160239; 9
1670091380.992359; 160264; 9
1670091381.017359; 160289; 9
1670091381.042361; 160314; 9
1670091381.067361; 160339; 9
1670091381.092360; 160364; 9
1670091381.117356; 160389; 9
1670091381.142355; 160414; 8
1670091381.167360; 160439; 8
1670091381.192356; 160464; 8
1670091381.217355; 160489; 8
1670091381.242355; 160514; 6
1670091381.267363; 160539; 6
1670091381.292371; 160564; 6
1670091381.317355; 160589; 6
1670091381.342355; 160614; 7
1670091381.367364; 160639; 7
1670091381.392360; 160664; 7
1670091381.417359; 160689; 7
1670091381.442359; 160714; 7
1670091381.467364; 160739; 7
1670091381.492360; 160764; 7
1670091381.517355; 160789; 7
1670091381.542355; 160814; 7
1670091381.567355; 160839; 7
1670091381.592360; 160864; 7
1670091381.617356; 160889; 7
1670091381.642355; 160914; 5
1670091381.667355; 160939; 5
1670091381.692367; 160964; 5
1670091381.717360; 160989; 5
1670091381.742359; 161014; 4
1670091381.767359; 161039; 4
1670091381.792360; 161064; 4
1670091381.817356; 161089; 4
1670091381.842359; 161114; 4
1670091381.867359; 161139; 4
1670091381.892358; 161164; 4
1670091381.917361; 161189; 4
1670091381.942355; 161214; 4
1670091381.967355; 161239; 4
1670091381.992355; 161264; 4
1670091382.017364; 161289; 4
1670091382.042357; 161314; 4
1670091382.067360; 161339; 4
1670091382.092356; 161364; 4
1670091382.117384; 161389; 4
1670091382.142360; 161414; 4
1670091382.167355; 161439; 4
1670091382.192355; 161464; 4
1670091382.217360; 161489; 4
1670091382.242356; 161514; 4
1670091382.267355; 161539; 4
1670091382.292359; 161564; 4
1670091382.317371; 161589; 4
1670091382.342364; 161614; 4
1670091382.367360; 161639; 4
1670091382.392359; 161664; 4
1670091382.417359; 161689; 4
1670091382.442364; 161714; 4
1670091382.467360; 161739; 4
1670091382.492359; 161764; 4
1670091382.517359; 161789; 4
1670091382.542367; 161814; 4
1670091382.567360; 161839; 4
1670091382.592359; 161864; 4
1670091382.617359; 161889; 4
1670091382.642364; 161914; 4
1670091382.667360; 161939; 4
1670091382.692359; 161964; 4
1670091382.717359; 161989; 4
1670091382.742359; 162014; 4
1670091382.767364; 162039; 4
1670091382.792356; 162064; 4
1670091382.817359; 162089; 4
1670091382.842359; 162114; 4
1670091382.867364; 162139; 4
1670091382.892360; 162164; 4
1670091382.917359; 162189; 4
1670091382.942359; 162214; 4
1670091382.967363; 162239; 4
1670091382.992360; 162264; 4
1670091383.017359; 162289; 4
1670091383.042356; 162314; 4
1670091383.067365; 162339; 4
1670091383.092357; 162364; 4
1670091383.117360; 162389; 4
1670091383.142357; 162414; 4
1670091383.167359; 162439; 4
1670091383.192364; 162464; 4
1670091383.217360; 162489; 4
1670091383.242359; 162514; 4
1670091383.267359; 162539; 4
1670091383.292364; 162564; 4
1670091383.317360; 162589; 4
1670091383.342360; 162614; 4
1670091383.367359; 162639; 4
1670091383.392363; 162664; 4
1670091383.417356; 162689; 4
1670091383.442355; 162714; 4
1670091383.467355; 162739; 4
1670091383.492362; 162764; 4
1670091383.517361; 162789; 4
1670091383.542355; 162814; 4
1670091383.567359; 162839; 4
1670091383.592359; 162864; 4
1670091383.617364; 162889; 4
1670091383.642360; 162914; 4
1670091383.667359; 162939; 4
1670091383.692359; 162964; 4
1670091383.717364; 162989; 4
1670091383.742360; 163014; 4
1670091383.767359; 163039; 4
1670091383.792355; 163064; 4
1670091383.817367; 163089; 4
1670091383.842360; 163114; 4
1670091383.867359; 163139; 4
1670091383.892359; 163164; 4
1670091383.917359; 163189; 4
1670091383.942364; 163214; 4
1670091383.967356; 163239; 4
1670091383.992359; 163264; 4
1670091384.017359; 163289; 4
1670091384.042361; 163314; 4
1670091384.067361; 163339; 4
1670091384.092356; 163364; 4
1670091384.117360; 163389; 4
1670091384.142364; 163414; 4
1670091384.167360; 163439; 4
1670091384.192359; 163464; 4
1670091384.217355; 163489; 4
1670091384.242363; 163514; 4
1670091384.267360; 163539; 4
1670091384.292359; 163564; 4
1670091384.317359; 163589; 4
1670091384.342359; 163614; 4
1670091384.367364; 163639; 4
1670091384.392356; 163664; 4
1670091384.417355; 163689; 4
1670091384.442355; 163714; 4
1670091384.467360; 163739; 4
1670091384.492356; 163764; 4
1670091384.517359; 163789; 4
1670091384.542359; 163814; 4
1670091384.567364; 163839; 4
1670091384.592360; 163864; 4
1670091384.617359; 163889; 4
1670091384.642359; 163914; 4
1670091384.667363; 163939; 4
1670091384.692360; 163964; 4
1670091384.717359; 163989; 4
1670091384.742359; 164014; 4
1670091384.767359; 164039; 4
1670091384.792364; 164064; 4
1670091384.817360; 164089; 4
1670091384.842359; 164114; 4
1670091384.867359; 164139; 4
1670091384.892364; 164164; 4
1670091384.917360; 164189; 4
1670091384.942359; 164214; 4
1670091384.967359; 164239; 4
1670091384.992364; 164264; 4
1670091385.017360; 164289; 4
1670091385.042356; 164314; 4
1670091385.067360; 164339; 4
1670091385.092367; 164364; 4
1670091385.117359; 164389; 3
1670091385.142359; 164414; 3
1670091385.167359; 164439; 3
1670091385.192359; 164464; 3
1670091385.217364; 164489; 4
1670091385.242360; 164514; 4
1670091385.267359; 164539; 4
1670091385.292359; 164564; 4
1670091385.317364; 164589; 4
1670091385.342360; 164614; 4
1670091385.367359; 164639; 4
1670091385.392359; 164664; 4
1670091385.417360; 164689; 4
1670091385.442356; 164714; 4
1670091385.467355; 164739; 4
1670091385.492355; 164764; 4
1670091385.517355; 164789; 4
1670091385.542367; 164814; 4
1670091385.567360; 164839; 4
1670091385.592359; 164864; 4
1670091385.617355; 164889; 4
1670091385.642360; 164914; 4
1670091385.667356; 164939; 4
1670091385.692359; 164964; 4
1670091385.717359; 164989; 4
1670091385.742364; 165014; 4
1670091385.767360; 165039; 4
1670091385.792355; 165064; 4
1670091385.817355; 165089; 4
1670091385.842360; 165114; 4
1670091385.867360; 165139; 4
1670091385.892359; 165164; 4
1670091385.917359; 165189; 4
1670091385.942359; 165214; 4
1670091385.967363; 165239; 4
1670091385.992360; 165264; 4
1670091386.017359; 165289; 4
1670091386.042356; 165314; 4
1670091386.067365; 165339; 4
1670091386.092357; 165364; 4
1670091386.117360; 165389; 4
1670091386.142359; 165414; 4
1670091386.167364; 165439; 4
1670091386.192360; 165464; 4
1670091386.217359; 165489; 4
1670091386.242359; 165514; 4
1670091386.267360; 165539; 4
1670091386.292356; 165564; 4
1670091386.317355; 165589; 4
1670091386.342355; 165614; 4
1670091386.367355; 165639; 4
1670091386.392363; 165664; 4
1670091386.417363; 165689; 4
1670091386.442355; 165714; 4
1670091386.467355; 165739; 4
1670091386.492360; 165764; 4
1670091386.517356; 165789; 4
1670091386.542355; 165814; 4
1670091386.567355; 165839; 4
1670091386.592360; 165864; 4
1670091386.617375; 165889; 4
1670091386.642359; 165914; 4
1670091386.667359; 165939; 4
1670091386.692363; 165964; 4
1670091386.717361; 165989; 4
1670091386.742355; 166014; 4
1670091386.767355; 166039; 4
1670091386.792359; 166064; 4
1670091386.817363; 166089; 4
1670091386.842360; 166114; 4
1670091386.867359; 166139; 4
1670091386.892359; 166164; 4
1670091386.917364; 166189; 4
1670091386.942360; 166214; 4
1670091386.967359; 166239; 4
1670091386.992359; 166264; 4
1670091387.017364; 166289; 4
1670091387.042357; 166314; 4
1670091387.067360; 166339; 4
1670091387.092356; 166364; 4
1670091387.117360; 166389; 4
1670091387.142364; 166414; 4
1670091387.167360; 166439; 4
1670091387.192359; 166464; 4
1670091387.217359; 166489; 4
1670091387.242363; 166514; 4
1670091387.267360; 166539; 4
1670091387.292359; 166564; 4
1670091387.317359; 166589; 4
1670091387.342364; 166614; 4
1670091387.367360; 166639; 4
1670091387.392359; 166664; 4
1670091387.417359; 166689; 4
1670091387.442382; 166714; 4
1670091387.467360; 166739; 4
1670091387.492359; 166764; 4
1670091387.517359; 166789; 4
1670091387.542359; 166814; 4
1670091387.567364; 166839; 4
1670091387.592360; 166864; 4
1670091387.617359; 166889; 4
1670091387.642366; 166914; 4
1670091387.667363; 166939; 4
1670091387.692360; 166964; 4
1670091387.717359; 166989; 4
1670091387.742359; 167014; 4
1670091387.767364; 167039; 4
1670091387.792356; 167064; 4
1670091387.817355; 167089; 4
1670091387.842355; 167114; 4
1670091387.867360; 167139; 4
1670091387.892356; 167164; 4
1670091387.917359; 167189; 4
1670091387.942359; 167214; 4
1670091387.967359; 167239; 4
1670091387.992364; 167264; 4
1670091388.017360; 167289; 4
1670091388.042356; 167314; 4
1670091388.067356; 167339; 4
1670091388.092364; 167364; 4
1670091388.117361; 167389; 4
1670091388.142359; 167414; 4
1670091388.167359; 167439; 4
1670091388.192364; 167464; 4
1670091388.217360; 167489; 4
1670091388.242359; 167514; 4
1670091388.267355; 167539; 4
1670091388.292363; 167564; 4
1670091388.317361; 167589; 4
1670091388.342355; 167614; 4
1670091388.367355; 167639; 4
1670091388.392355; 167664; 4
1670091388.417364; 167689; 4
1670091388.442360; 167714; 4
1670091388.467357; 167739; 4
1670091388.492359; 167764; 4
1670091388.517363; 167789; 4
1670091388.542360; 167814; 4
1670091388.567359; 167839; 4
1670091388.592359; 167864; 4
1670091388.617364; 167889; 4
1670091388.642360; 167914; 4
1670091388.667362; 167939; 4
1670091388.692355; 167964; 4
1670091388.717345; 167989; 4
1670091388.742360; 168014; 4
1670091388.767356; 168039; 4
1670091388.792359; 168064; 4
1670091388.817359; 168089; 4
1670091388.842364; 168114; 4
1670091388.867360; 168139; 4
1670091388.892359; 168164; 4
1670091388.917359; 168189; 4
1670091388.942367; 168214; 4
1670091388.967360; 168239; 4
1670091388.992359; 168264; 4
1670091389.017359; 168289; 4
1670091389.042361; 168314; 4
1670091389.067361; 168339; 4
1670091389.092360; 168364; 4
1670091389.117356; 168389; 4
1670091389.142355; 168414; 4
1670091389.167360; 168439; 4
1670091389.192356; 168464; 4
1670091389.217355; 168489; 4
1670091389.242355; 168514; 4
1670091389.267360; 168539; 4
1670091389.292360; 168564; 4
1670091389.317359; 168589; 4
1670091389.342359; 168614; 4
1670091389.367367; 168639; 4
1670091389.392360; 168664; 4
1670091389.417359; 168689; 4
1670091389.442359; 168714; 4
1670091389.467364; 168739; 4
1670091389.492360; 168764; 4
1670091389.517359; 168789; 4
1670091389.542359; 168814; 4
1670091389.567359; 168839; 4
1670091389.592364; 168864; 4
1670091389.617360; 168889; 4
1670091389.642359; 168914; 4
1670091389.667359; 168939; 4
1670091389.692363; 168964; 4
1670091389.717356; 168989; 4
1670091389.742359; 169014; 4
1670091389.767359; 169039; 4
1670091389.792363; 169064; 4
1670091389.817360; 169089; 4
1670091389.842359; 169114; 4
1670091389.867359; 169139; 4
1670091389.892359; 169164; 4
1670091389.917357; 169189; 4
1670091389.942359; 169214; 4
1670091389.967359; 169239; 4
1670091389.992359; 169264; 4
1670091390.017364; 169289; 4
1670091390.042357; 169314; 4
1670091390.067360; 169339; 4
1670091390.092356; 169364; 4
1670091390.117365; 169389; 4
1670091390.142360; 169414; 4
1670091390.167359; 169439; 4
1670091390.192359; 169464; 4
1670091390.217363; 169489; 4
1670091390.242360; 169514; 4
1670091390.267359; 169539; 4
1670091390.292359; 169564; 4
1670091390.317359; 169589; 4
1670091390.342364; 169614; 4
1670091390.367360; 169639; 4
1670091390.392359; 169664; 4
1670091390.417359; 169689; 4
1670091390.442364; 169714; 4
1670091390.467360; 169739; 4
1670091390.492359; 169764; 4
1670091390.517359; 169789; 4
1670091390.542364; 169814; 4
1670091390.567360; 169839; 4
1670091390.592359; 169864; 4
1670091390.617359; 169889; 4
1670091390.642367; 169914; 4
1670091390.667360; 169939; 4
1670091390.692359; 169964; 4
1670091390.717359; 169989; 4
1670091390.742359; 170014; 4
1670091390.767360; 170039; 4
1670091390.792360; 170064; 4
1670091390.817359; 170089; 4
1670091390.842359; 170114; 4
1670091390.867364; 170139; 4
1670091390.892360; 170164; 4
1670091390.917359; 170189; 4
1670091390.942359; 170214; 4
1670091390.967364; 170239; 4
1670091390.992360; 170264; 4
1670091391.017359; 170289; 4
1670091391.042356; 170314; 4
1670091391.067364; 170339; 4
1670091391.092361; 170364; 4
1670091391.117356; 170389; 4
1670091391.142355; 170414; 4
1670091391.167355; 170439; 4
1670091391.192360; 170464; 4
1670091391.217356; 170489; 4
1670091391.242355; 170514; 4
1670091391.267355; 170539; 4
1670091391.292360; 170564; 4
1670091391.317356; 170589; 4
1670091391.342359; 170614; 4
1670091391.367359; 170639; 4
1670091391.392364; 170664; 4
1670091391.417360; 170689; 4
1670091391.442359; 170714; 4
1670091391.467359; 170739; 4
1670091391.492362; 170764; 4
1670091391.517361; 170789; 4
1670091391.542359; 170814; 4
1670091391.567359; 170839; 4
1670091391.592359; 170864; 4
1670091391.617364; 170889; 4
1670091391.642360; 170914; 4
1670091391.667359; 170939; 4
1670091391.692359; 170964; 4
1670091391.717364; 170989; 4
1670091391.742374; 171014; 4
1670091391.767359; 171039; 4
1670091391.792355; 171064; 4
1670091391.817360; 171089; 4
1670091391.842356; 171114; 4
1670091391.867359; 171139; 4
1670091391.892359; 171164; 4
1670091391.917359; 171189; 4
1670091391.942400; 171214; 4
1670091391.967360; 171239; 4
1670091391.992359; 171264; 4
1670091392.017359; 171289; 4
1670091392.042361; 171314; 4
1670091392.067361; 171339; 4
1670091392.092356; 171364; 4
1670091392.117360; 171389; 4
1670091392.142364; 171414; 4
1670091392.167356; 171439; 4
1670091392.192355; 171464; 4
1670091392.217355; 171489; 4
1670091392.242360; 171514; 4
1670091392.267356; 171539; 4
1670091392.292355; 171564; 4
1670091392.317355; 171589; 4
1670091392.342355; 171614; 4
1670091392.367363; 171639; 4
1670091392.392360; 171664; 4
1670091392.417355; 171689; 4
1670091392.442355; 171714; 4
1670091392.467360; 171739; 4
1670091392.492356; 171764; 4
1670091392.517355; 171789; 4
1670091392.542355; 171814; 4
1670091392.567360; 171839; 4
1670091392.592356; 171864; 4
1670091392.617355; 171889; 4
1670091392.642355; 171914; 4
1670091392.667360; 171939; 4
1670091392.692356; 171964; 4
1670091392.717355; 171989; 4
1670091392.742355; 172014; 4
1670091392.767410; 172039; 4
1670091392.792367; 172064; 4
1670091392.817356; 172089; 4
1670091392.842355; 172114; 4
1670091392.867355; 172139; 4
1670091392.892360; 172164; 4
1670091392.917356; 172189; 4
1670091392.942355; 172214; 4
1670091392.967376; 172239; 4
1670091392.992360; 172264; 4
1670091393.017356; 172289; 4
1670091393.042360; 172314; 4
1670091393.067356; 172339; 4
1670091393.092364; 172364; 4
1670091393.117358; 172389; 4
1670091393.142359; 172414; 4
1670091393.167359; 172439; 4
1670091393.192359; 172464; 4
1670091393.217367; 172489; 4
1670091393.242356; 172514; 4
1670091393.267355; 172539; 4
1670091393.292359; 172564; 4
1670091393.317364; 172589; 4
1670091393.342360; 172614; 4
1670091393.367359; 172639; 4
1670091393.392359; 172664; 4
1670091393.417364; 172689; 4
1670091393.442360; 172714; 4
1670091393.467359; 172739; 4
1670091393.492359; 172764; 4
1670091393.517359; 172789; 4
1670091393.542364; 172814; 4
1670091393.567360; 172839; 4
1670091393.592359; 172864; 4
1670091393.617359; 172889; 4
1670091393.642367; 172914; 4
1670091393.667360; 172939; 4
1670091393.692359; 172964; 4
1670091393.717359; 172989; 4
1670091393.742364; 173014; 4
1670091393.767360; 173039; 4
1670091393.792356; 173064; 4
1670091393.817355; 173089; 4
1670091393.842360; 173114; 4
1670091393.867356; 173139; 4
1670091393.892355; 173164; 4
1670091393.917355; 173189; 4
1670091393.942355; 173214; 4
1670091393.967360; 173239; 4
1670091393.992360; 173264; 4
1670091394.017359; 173289; 4
1670091394.042358; 173314; 4
1670091394.067364; 173339; 4
1670091394.092357; 173364; 4
1670091394.117360; 173389; 4
1670091394.142359; 173414; 4
1670091394.167364; 173439; 4
1670091394.192360; 173464; 4
1670091394.217355; 173489; 4
1670091394.242355; 173514; 4
1670091394.267360; 173539; 4
1670091394.292356; 173564; 4
1670091394.317355; 173589; 4
1670091394.342355; 173614; 4
1670091394.367355; 173639; 4
1670091394.392360; 173664; 4
1670091394.417360; 173689; 4
1670091394.442359; 173714; 4
1670091394.467359; 173739; 4
1670091394.492363; 173764; 4
1670091394.517360; 173789; 4
1670091394.542359; 173814; 4
1670091394.567359; 173839; 4
1670091394.592364; 173864; 4
1670091394.617356; 173889; 4
1670091394.642355; 173914; 4
1670091394.667355; 173939; 4
1670091394.692358; 173964; 4
1670091394.717357; 173989; 4
1670091394.742359; 174014; 4
1670091394.767359; 174039; 4
1670091394.792355; 174064; 4
1670091394.817363; 174089; 4
1670091394.842360; 174114; 4
1670091394.867359; 174139; 4
1670091394.892359; 174164; 4
1670091394.917363; 174189; 4
1670091394.942360; 174214; 4
1670091394.967359; 174239; 4
1670091394.992359; 174264; 4
1670091395.017363; 174289; 4
1670091395.042357; 174314; 4
1670091395.067360; 174339; 4
1670091395.092356; 174364; 4
1670091395.117360; 174389; 4
1670091395.142364; 174414; 4
1670091395.167360; 174439; 4
1670091395.192359; 174464; 4
1670091395.217359; 174489; 4
1670091395.242360; 174514; 4
1670091395.267356; 174539; 4
1670091395.292355; 174564; 4
1670091395.317355; 174589; 4
1670091395.342367; 174614; 4
1670091395.367360; 174639; 4
1670091395.392359; 174664; 4
1670091395.417359; 174689; 4
1670091395.442364; 174714; 4
1670091395.467360; 174739; 4
1670091395.492359; 174764; 4
1670091395.517359; 174789; 4
1670091395.542359; 174814; 4
1670091395.567364; 174839; 4
1670091395.592360; 174864; 4
1670091395.617359; 174889; 4
1670091395.642359; 174914; 4
1670091395.667364; 174939; 4
1670091395.692360; 174964; 4
1670091395.717359; 174989; 4
1670091395.742359; 175014; 4
1670091395.767367; 175039; 4
1670091395.792356; 175064; 4
1670091395.817355; 175089; 4
1670091395.842359; 175114; 4
1670091395.867364; 175139; 4
1670091395.892360; 175164; 4
1670091395.917359; 175189; 4
1670091395.942359; 175214; 4
1670091395.967359; 175239; 4
1670091395.992364; 175264; 4
1670091396.017360; 175289; 4
1670091396.042360; 175314; 4
1670091396.067360; 175339; 4
1670091396.092361; 175364; 4
1670091396.117361; 175389; 4
1670091396.142359; 175414; 4
1670091396.167359; 175439; 4
1670091396.192363; 175464; 4
1670091396.217360; 175489; 4
1670091396.242359; 175514; 4
1670091396.267359; 175539; 4
1670091396.292359; 175564; 4
1670091396.317357; 175589; 4
1670091396.342359; 175614; 4
1670091396.367359; 175639; 4
1670091396.392359; 175664; 4
1670091396.417364; 175689; 4
1670091396.442360; 175714; 4
1670091396.467359; 175739; 4
1670091396.492359; 175764; 4
1670091396.517364; 175789; 4
1670091396.542360; 175814; 4
1670091396.567359; 175839; 4
1670091396.592359; 175864; 4
1670091396.617367; 175889; 4
1670091396.642360; 175914; 4
1670091396.667355; 175939; 4
1670091396.692355; 175964; 4
1670091396.717355; 175989; 4
1670091396.742360; 176014; 4
1670091396.767356; 176039; 4
1670091396.792359; 176064; 4
1670091396.817359; 176089; 4
1670091396.842364; 176114; 4
1670091396.867356; 176139; 4
1670091396.892359; 176164; 4
1670091396.917355; 176189; 4
1670091396.942360; 176214; 4
1670091396.967356; 176239; 4
1670091396.992355; 176264; 4
1670091397.017355; 176289; 4
1670091397.042364; 176314; 4
1670091397.067370; 176339; 4
1670091397.092356; 176364; 4
1670091397.117360; 176389; 4
1670091397.142359; 176414; 4
1670091397.167364; 176439; 4
1670091397.192360; 176464; 4
1670091397.217359; 176489; 4
1670091397.242359; 176514; 4
1670091397.267388; 176539; 4
1670091397.292360; 176564; 4
1670091397.317359; 176589; 4
1670091397.342359; 176614; 4
1670091397.367364; 176639; 4
1670091397.392360; 176664; 4
1670091397.417359; 176689; 4
1670091397.442359; 176714; 4
1670091397.467363; 176739; 4
1670091397.492356; 176764; 4
1670091397.517355; 176789; 4
1670091397.542355; 176814; 4
1670091397.567355; 176839; 4
1670091397.592360; 176864; 4
1670091397.617356; 176889; 4
1670091397.642355; 176914; 4
1670091397.667355; 176939; 4
1670091397.692364; 176964; 4
1670091397.717360; 176989; 4
1670091397.742359; 177014; 4
1670091397.767359; 177039; 4
1670091397.792360; 177064; 4
1670091397.817356; 177089; 4
1670091397.842359; 177114; 4
1670091397.867359; 177139; 4
1670091397.892362; 177164; 4
1670091397.917361; 177189; 4
1670091397.942355; 177214; 4
1670091397.967355; 177239; 4
1670091397.992355; 177264; 4
1670091398.017360; 177289; 4
1670091398.042361; 177314; 4
1670091398.067356; 177339; 4
1670091398.092374; 177364; 4
1670091398.117365; 177389; 4
1670091398.142360; 177414; 4
1670091398.167359; 177439; 4
1670091398.192359; 177464; 4
1670091398.217364; 177489; 4
1670091398.242360; 177514; 4
1670091398.267359; 177539; 4
1670091398.292372; 177564; 4
1670091398.317359; 177589; 4
1670091398.342363; 177614; 4
1670091398.367360; 177639; 4
1670091398.392359; 177664; 4
1670091398.417359; 177689; 4
1670091398.442364; 177714; 4
1670091398.467360; 177739; 4
1670091398.492359; 177764; 4
1670091398.517359; 177789; 4
1670091398.542364; 177814; 4
1670091398.567360; 177839; 4
1670091398.592359; 177864; 4
1670091398.617359; 177889; 4
1670091398.642364; 177914; 4
1670091398.667360; 177939; 4
1670091398.692359; 177964; 4
1670091398.717359; 177989; 4
1670091398.742359; 178014; 4
1670091398.767363; 178039; 4
1670091398.792360; 178064; 4
1670091398.817359; 178089; 4
1670091398.842359; 178114; 4
1670091398.867364; 178139; 4
1670091398.892360; 178164; 4
1670091398.917359; 178189; 4
1670091398.942359; 178214; 4
1670091398.967364; 178239; 4
1670091398.992360; 178264; 4
1670091399.017359; 178289; 4
1670091399.042356; 178314; 4
1670091399.067365; 178339; 4
1670091399.092357; 178364; 4
1670091399.117358; 178389; 4
1670091399.142359; 178414; 4
1670091399.167359; 178439; 4
1670091399.192363; 178464; 4
1670091399.217360; 178489; 4
1670091399.242359; 178514; 4
1670091399.267359; 178539; 4
1670091399.292364; 178564; 4
1670091399.317357; 178589; 4
1670091399.342355; 178614; 4
1670091399.367373; 178639; 4
1670091399.392360; 178664; 4
1670091399.417356; 178689; 4
1670091399.442355; 178714; 4
1670091399.467355; 178739; 4
1670091399.492359; 178764; 4
1670091399.517357; 178789; 4
1670091399.542355; 178814; 4
1670091399.567355; 178839; 4
1670091399.592355; 178864; 4
1670091399.617367; 178889; 4
1670091399.642360; 178914; 4
1670091399.667359; 178939; 4
1670091399.692359; 178964; 4
1670091399.717364; 178989; 4
1670091399.742356; 179014; 4
1670091399.767355; 179039; 4
1670091399.792359; 179064; 4
1670091399.817364; 179089; 4
1670091399.842360; 179114; 4
1670091399.867359; 179139; 4
1670091399.892359; 179164; 4
1670091399.917359; 179189; 4
1670091399.942360; 179214; 4
1670091399.967356; 179239; 4
1670091399.992359; 179264; 4
1670091400.017359; 179289; 4
1670091400.042364; 179314; 4
1670091400.067361; 179339; 4
1670091400.092360; 179364; 4
1670091400.117356; 179389; 4
1670091400.142364; 179414; 4
1670091400.167360; 179439; 4
1670091400.192359; 179464; 4
1670091400.217359; 179489; 4
1670091400.242364; 179514; 4
1670091400.267360; 179539; 4
1670091400.292359; 179564; 4
1670091400.317359; 179589; 4
1670091400.342355; 179614; 4
1670091400.367360; 179639; 4
1670091400.392356; 179664; 4
1670091400.417355; 179689; 4
1670091400.442355; 179714; 4
1670091400.467367; 179739; 4
1670091400.492360; 179764; 4
1670091400.517359; 179789; 4
1670091400.542359; 179814; 4
1670091400.567360; 179839; 4
1670091400.592356; 179864; 4
1670091400.617359; 179889; 4
1670091400.642359; 179914; 4
1670091400.667364; 179939; 4
1670091400.692360; 179964; 4
1670091400.717359; 179989; 4
1670091400.742359; 180014; 4
1670091400.767355; 180039; 4
1670091400.792364; 180064; 4
1670091400.817360; 180089; 4
1670091400.842359; 180114; 4
1670091400.867359; 180139; 4
1670091400.892367; 180164; 4
1670091400.917360; 180189; 4
1670091400.942359; 180214; 4
1670091400.967355; 180239; 4
1670091400.992360; 180264; 4
1670091401.017356; 180289; 4
1670091401.042360; 180314; 4
1670091401.067356; 180339; 4
1670091401.092364; 180364; 4
1670091401.117359; 180389; 4
1670091401.142359; 180414; 4
1670091401.167359; 180439; 4
1670091401.192359; 180464; 4
1670091401.217364; 180489; 4
1670091401.242360; 180514; 4
1670091401.267359; 180539; 4
1670091401.292355; 180564; 4
1670091401.317363; 180589; 4
1670091401.342360; 180614; 4
1670091401.367359; 180639; 4
1670091401.392355; 180664; 4
1670091401.417364; 180689; 4
1670091401.442360; 180714; 4
1670091401.467359; 180739; 4
1670091401.492359; 180764; 4
1670091401.517359; 180789; 4
1670091401.542364; 180814; 4
1670091401.567360; 180839; 4
1670091401.592355; 180864; 4
1670091401.617355; 180889; 4
1670091401.642360; 180914; 4
1670091401.667356; 180939; 4
1670091401.692359; 180964; 4
1670091401.717359; 180989; 4
1670091401.742367; 181014; 4
1670091401.767360; 181039; 4
1670091401.792359; 181064; 4
1670091401.817359; 181089; 4
1670091401.842364; 181114; 4
1670091401.867360; 181139; 4
1670091401.892359; 181164; 4
1670091401.917359; 181189; 4
1670091401.942359; 181214; 4
1670091401.967364; 181239; 4
1670091401.992360; 181264; 4
1670091402.017359; 181289; 4
1670091402.042356; 181314; 4
1670091402.067365; 181339; 4
1670091402.092357; 181364; 4
1670091402.117360; 181389; 4
1670091402.142359; 181414; 4
1670091402.167363; 181439; 4
1670091402.192356; 181464; 4
1670091402.217355; 181489; 4
1670091402.242355; 181514; 4
1670091402.267360; 181539; 4
1670091402.292356; 181564; 4
1670091402.317355; 181589; 4
1670091402.342355; 181614; 4
1670091402.367355; 181639; 4
1670091402.392372; 181664; 4
1670091402.417360; 181689; 4
1670091402.442359; 181714; 4
1670091402.467359; 181739; 4
1670091402.492364; 181764; 4
1670091402.517360; 181789; 4
1670091402.542359; 181814; 4
1670091402.567359; 181839; 4
1670091402.592372; 181864; 4
1670091402.617356; 181889; 4
1670091402.642355; 181914; 4
1670091402.667359; 181939; 4
1670091402.692359; 181964; 4
1670091402.717357; 181989; 4
1670091402.742359; 182014; 4
1670091402.767359; 182039; 4
1670091402.792355; 182064; 4
1670091402.817360; 182089; 4
1670091402.842356; 182114; 4
1670091402.867359; 182139; 4
1670091402.892359; 182164; 4
1670091402.917364; 182189; 4
1670091402.942360; 182214; 4
1670091402.967359; 182239; 4
1670091402.992359; 182264; 4
1670091403.017367; 182289; 4
1670091403.042357; 182314; 4
1670091403.067356; 182339; 4
1670091403.092360; 182364; 4
1670091403.117356; 182389; 4
1670091403.142360; 182414; 4
1670091403.167356; 182439; 4
1670091403.192355; 182464; 4
1670091403.217355; 182489; 4
1670091403.242360; 182514; 4
1670091403.267356; 182539; 4
1670091403.292355; 182564; 4
1670091403.317355; 182589; 4
1670091403.342360; 182614; 4
1670091403.367356; 182639; 4
1670091403.392355; 182664; 4
1670091403.417381; 182689; 4
1670091403.442367; 182714; 4
1670091403.467356; 182739; 4
1670091403.492355; 182764; 4
1670091403.517355; 182789; 4
1670091403.542355; 182814; 4
1670091403.567360; 182839; 4
1670091403.592356; 182864; 4
1670091403.617370; 182889; 4
1670091403.642359; 182914; 4
1670091403.667364; 182939; 4
1670091403.692360; 182964; 4
1670091403.717359; 182989; 4
1670091403.742359; 183014; 4
1670091403.767364; 183039; 4
1670091403.792356; 183064; 4
1670091403.817355; 183089; 4
1670091403.842355; 183114; 4
1670091403.867363; 183139; 4
1670091403.892360; 183164; 4
1670091403.917359; 183189; 4
1670091403.942359; 183214; 4
1670091403.967359; 183239; 4
1670091403.992364; 183264; 4
1670091404.017360; 183289; 4
1670091404.042356; 183314; 4
1670091404.067360; 183339; 4
1670091404.092361; 183364; 4
1670091404.117361; 183389; 4
1670091404.142359; 183414; 4
1670091404.167359; 183439; 4
1670091404.192364; 183464; 4
1670091404.217360; 183489; 4
1670091404.242359; 183514; 4
1670091404.267359; 183539; 4
1670091404.292366; 183564; 4
1670091404.317361; 183589; 4
1670091404.342355; 183614; 4
1670091404.367355; 183639; 4
1670091404.392355; 183664; 4
1670091404.417360; 183689; 4
1670091404.442362; 183714; 4
1670091404.467355; 183739; 4
1670091404.492355; 183764; 4
1670091404.517360; 183789; 4
1670091404.542356; 183814; 4
1670091404.567355; 183839; 4
1670091404.592355; 183864; 4
1670091404.617360; 183889; 4
1670091404.642360; 183914; 4
1670091404.667359; 183939; 4
1670091404.692358; 183964; 4
1670091404.717359; 183989; 4
1670091404.742367; 184014; 4
1670091404.767360; 184039; 4
1670091404.792355; 184064; 4
1670091404.817355; 184089; 4
1670091404.842360; 184114; 4
1670091404.867356; 184139; 4
1670091404.892355; 184164; 4
1670091404.917355; 184189; 4
1670091404.942360; 184214; 4
1670091404.967356; 184239; 4
1670091404.992359; 184264; 4
1670091405.017359; 184289; 4
1670091405.042361; 184314; 4
1670091405.067361; 184339; 4
1670091405.092356; 184364; 4
1670091405.117360; 184389; 4
1670091405.142359; 184414; 4
1670091405.167363; 184439; 4
1670091405.192360; 184464; 4
1670091405.217359; 184489; 4
1670091405.242359; 184514; 4
1670091405.267364; 184539; 4
1670091405.292360; 184564; 4
1670091405.317359; 184589; 4
1670091405.342359; 184614; 4
1670091405.367364; 184639; 4
1670091405.392360; 184664; 4
1670091405.417359; 184689; 4
1670091405.442359; 184714; 4
1670091405.467364; 184739; 4
1670091405.492360; 184764; 4
1670091405.517359; 184789; 4
1670091405.542359; 184814; 4
1670091405.567359; 184839; 4
1670091405.592363; 184864; 4
1670091405.617360; 184889; 4
1670091405.642359; 184914; 4
1670091405.667359; 184939; 4
1670091405.692364; 184964; 4
1670091405.717360; 184989; 4
1670091405.742359; 185014; 4
1670091405.767359; 185039; 4
1670091405.792360; 185064; 4
1670091405.817356; 185089; 4
1670091405.842355; 185114; 4
1670091405.867355; 185139; 4
1670091405.892362; 185164; 4
1670091405.917361; 185189; 4
1670091405.942359; 185214; 4
1670091405.967359; 185239; 4
1670091405.992359; 185264; 4
1670091406.017363; 185289; 4
1670091406.042361; 185314; 4
