1670090445.344659; 854017; 20
1670090445.368678; 854042; 20
1670090445.393675; 854067; 20
1670090445.418680; 854092; 20
1670090445.443669; 854117; 20
1670090445.468684; 854142; 20
1670090445.493671; 854167; 20
1670090445.518670; 854192; 20
1670090445.543669; 854217; 21
1670090445.568674; 854242; 21
1670090445.593671; 854267; 21
1670090445.618669; 854292; 21
1670090445.643675; 854317; 21
1670090445.668674; 854342; 21
1670090445.693671; 854367; 21
1670090445.718670; 854392; 21
1670090445.743670; 854417; 21
1670090445.768674; 854442; 21
1670090445.793671; 854467; 21
1670090445.818670; 854492; 21
1670090445.843670; 854517; 21
1670090445.999159; 854672; 21
1670090446.023671; 854697; 21
1670090446.048671; 854722; 21
1670090446.073676; 854747; 21
1670090446.098675; 854772; 21
1670090446.123672; 854797; 21
1670090446.148675; 854822; 21
1670090446.173675; 854847; 21
1670090446.198680; 854872; 21
1670090446.223676; 854897; 21
1670090446.248675; 854922; 21
1670090446.273675; 854947; 21
1670090446.298675; 854972; 21
1670090446.323680; 854997; 21
1670090446.348676; 855022; 21
1670090446.373669; 855047; 21
1670090446.398669; 855072; 21
1670090446.423683; 855097; 21
1670090446.448671; 855122; 21
1670090446.473669; 855147; 21
1670090446.498669; 855172; 21
1670090446.523674; 855197; 21
1670090446.548671; 855222; 21
1670090446.573670; 855247; 22
1670090446.598670; 855272; 22
1670090446.623674; 855297; 22
1670090446.648671; 855322; 22
1670090446.673669; 855347; 22
1670090446.698669; 855372; 22
1670090446.723674; 855397; 22
1670090446.748671; 855422; 22
1670090446.773675; 855447; 22
1670090446.798675; 855472; 22
1670090446.823678; 855497; 22
1670090446.848671; 855522; 22
1670090446.873669; 855547; 21
1670090446.898669; 855572; 21
1670090446.923674; 855597; 21
1670090446.948671; 855622; 21
1670090446.973669; 855647; 23
1670090446.998669; 855672; 23
1670090447.023674; 855697; 23
1670090447.048672; 855722; 23
1670090447.073676; 855747; 22
1670090447.098676; 855772; 22
1670090447.123676; 855797; 22
1670090447.148674; 855822; 22
1670090447.173671; 855847; 22
1670090447.198670; 855872; 22
1670090447.223669; 855897; 22
1670090447.248678; 855922; 22
1670090447.273671; 855947; 21
1670090447.298669; 855972; 21
1670090447.323670; 855997; 21
1670090447.348674; 856022; 21
1670090447.373676; 856047; 21
1670090447.398675; 856072; 21
1670090447.423675; 856097; 21
1670090447.448680; 856122; 21
1670090447.473676; 856147; 21
1670090447.498675; 856172; 21
1670090447.523669; 856197; 21
1670090447.548674; 856222; 21
1670090447.573671; 856247; 21
1670090447.598670; 856272; 22
1670090447.623669; 856297; 22
1670090447.648678; 856322; 22
1670090447.673676; 856347; 22
1670090447.698675; 856372; 22
1670090447.723675; 856397; 22
1670090447.748680; 856422; 22
1670090447.773676; 856447; 22
1670090447.798669; 856472; 22
1670090447.823669; 856497; 22
1670090447.848673; 856522; 22
1670090447.873677; 856547; 22
1670090447.898669; 856572; 22
1670090447.923669; 856597; 22
1670090447.948669; 856622; 22
1670090447.973674; 856647; 22
1670090447.998671; 856672; 22
1670090448.023669; 856697; 22
1670090448.048676; 856722; 22
1670090448.073684; 856747; 22
1670090448.098672; 856772; 23
1670090448.123671; 856797; 23
1670090448.148669; 856822; 23
1670090448.173674; 856847; 23
1670090448.198671; 856872; 23
1670090448.223669; 856897; 23
1670090448.248669; 856922; 23
1670090448.273674; 856947; 23
1670090448.298676; 856972; 23
1670090448.323675; 856997; 23
1670090448.348675; 857022; 23
1670090448.373674; 857047; 23
1670090448.398671; 857072; 23
1670090448.423669; 857097; 23
1670090448.448669; 857122; 23
1670090448.473683; 857147; 23
1670090448.498676; 857172; 23
1670090448.523675; 857197; 23
1670090448.548675; 857222; 23
1670090448.573680; 857247; 23
1670090448.598671; 857272; 23
1670090448.623669; 857297; 23
1670090448.648670; 857322; 23
1670090448.673673; 857347; 23
1670090448.698672; 857372; 23
1670090448.723675; 857397; 24
1670090448.748675; 857422; 24
1670090448.773675; 857447; 24
1670090448.798674; 857472; 24
1670090448.823671; 857497; 24
1670090448.848688; 857522; 24
1670090448.873670; 857547; 24
1670090448.898683; 857572; 24
1670090448.923676; 857597; 25
1670090448.948675; 857622; 25
1670090448.973675; 857647; 25
1670090448.998680; 857672; 25
1670090449.023676; 857697; 25
1670090449.048671; 857722; 25
1670090449.073676; 857747; 25
1670090449.098681; 857772; 25
1670090449.123672; 857797; 26
1670090449.148675; 857822; 26
1670090449.173675; 857847; 26
1670090449.198679; 857872; 26
1670090449.223676; 857897; 26
1670090449.248675; 857922; 26
1670090449.273675; 857947; 26
1670090449.298678; 857972; 26
1670090449.323676; 857997; 26
1670090449.348675; 858022; 26
1670090449.373675; 858047; 26
1670090449.398680; 858072; 26
1670090449.423676; 858097; 27
1670090449.448675; 858122; 27
1670090449.473675; 858147; 27
1670090449.498675; 858172; 27
1670090449.523674; 858197; 25
1670090449.548671; 858222; 25
1670090449.573669; 858247; 25
1670090449.598669; 858272; 25
1670090449.623674; 858297; 25
1670090449.648671; 858322; 25
1670090449.673670; 858347; 25
1670090449.698669; 858372; 25
1670090449.723683; 858397; 25
1670090449.748676; 858422; 26
1670090449.773675; 858447; 26
1670090449.798675; 858472; 26
1670090449.823679; 858497; 26
1670090449.848676; 858522; 26
1670090449.873690; 858547; 26
1670090449.898669; 858572; 26
1670090449.923699; 858597; 26
1670090449.948671; 858622; 28
1670090449.973670; 858647; 28
1670090449.998669; 858672; 28
1670090450.023674; 858697; 28
1670090450.048677; 858722; 28
1670090450.073676; 858747; 28
1670090450.098676; 858772; 28
1670090450.123684; 858797; 28
1670090450.148676; 858822; 27
1670090450.173675; 858847; 27
1670090450.198675; 858872; 27
1670090450.223680; 858897; 27
1670090450.248671; 858922; 20
1670090450.273670; 858947; 20
1670090450.298669; 858972; 20
1670090450.323669; 858997; 20
1670090450.348674; 859022; 16
1670090450.373676; 859047; 16
1670090450.398669; 859072; 16
1670090450.423670; 859097; 16
1670090450.448674; 859122; 24
1670090450.473671; 859147; 24
1670090450.498669; 859172; 24
1670090450.523669; 859197; 24
1670090450.548683; 859222; 26
1670090450.573676; 859247; 26
1670090450.598675; 859272; 26
1670090450.623675; 859297; 26
1670090450.648680; 859322; 27
1670090450.673676; 859347; 27
1670090450.698675; 859372; 27
1670090450.723675; 859397; 27
1670090450.748714; 859422; 28
1670090450.773676; 859447; 28
1670090450.798675; 859472; 28
1670090450.823675; 859497; 28
1670090450.848680; 859522; 28
1670090450.873671; 859547; 30
1670090450.898678; 859572; 30
1670090450.923670; 859597; 30
1670090450.948687; 859622; 30
1670090450.973671; 859647; 32
1670090450.998669; 859672; 32
1670090451.023670; 859697; 32
1670090451.048674; 859722; 32
1670090451.073673; 859747; 36
1670090451.098671; 859772; 36
1670090451.123676; 859797; 36
1670090451.148670; 859822; 36
1670090451.173680; 859847; 38
1670090451.198676; 859872; 38
1670090451.223669; 859897; 38
1670090451.248670; 859922; 38
1670090451.273674; 859947; 40
1670090451.298671; 859972; 40
1670090451.323669; 859997; 40
1670090451.348670; 860022; 40
1670090451.373683; 860047; 41
1670090451.398676; 860072; 41
1670090451.423675; 860097; 41
1670090451.448675; 860122; 41
1670090451.473674; 860147; 41
1670090451.498671; 860172; 41
1670090451.523669; 860197; 41
1670090451.548669; 860222; 41
1670090451.573680; 860247; 38
1670090451.598676; 860272; 38
1670090451.623675; 860297; 38
1670090451.648675; 860322; 38
1670090451.673680; 860347; 37
1670090451.698676; 860372; 37
1670090451.723675; 860397; 37
1670090451.748675; 860422; 37
1670090451.773683; 860447; 40
1670090451.798676; 860472; 40
1670090451.823675; 860497; 40
1670090451.848675; 860522; 40
1670090451.873673; 860547; 42
1670090451.898672; 860572; 42
1670090451.923675; 860597; 42
1670090451.948675; 860622; 42
1670090451.973676; 860647; 43
1670090451.998674; 860672; 43
1670090452.023671; 860697; 43
1670090452.048676; 860722; 43
1670090452.073676; 860747; 43
1670090452.098681; 860772; 42
1670090452.123677; 860797; 42
1670090452.148669; 860822; 42
1670090452.173670; 860847; 42
1670090452.198678; 860872; 39
1670090452.223671; 860897; 39
1670090452.248675; 860922; 39
1670090452.273675; 860947; 39
1670090452.298680; 860972; 42
1670090452.323676; 860997; 42
1670090452.348675; 861022; 42
1670090452.373669; 861047; 42
1670090452.398674; 861072; 42
1670090452.423671; 861097; 42
1670090452.448670; 861122; 42
1670090452.473670; 861147; 42
1670090452.498674; 861172; 42
1670090452.523671; 861197; 42
1670090452.548670; 861222; 42
1670090452.573669; 861247; 42
1670090452.598678; 861272; 41
1670090452.623671; 861297; 41
1670090452.648669; 861322; 41
1670090452.673669; 861347; 41
1670090452.698670; 861372; 44
1670090452.723674; 861397; 44
1670090452.748671; 861422; 44
1670090452.773669; 861447; 44
1670090452.798670; 861472; 50
1670090452.823674; 861497; 50
1670090452.848671; 861522; 50
1670090452.873675; 861547; 50
1670090452.898675; 861572; 45
1670090452.923680; 861597; 45
1670090452.948676; 861622; 45
1670090452.973675; 861647; 45
1670090452.998670; 861672; 35
1670090453.023678; 861697; 35
1670090453.048677; 861722; 35
1670090453.073676; 861747; 35
1670090453.098676; 861772; 35
1670090453.123675; 861797; 35
1670090453.148676; 861822; 35
1670090453.173675; 861847; 35
1670090453.198675; 861872; 35
1670090453.223680; 861897; 33
1670090453.248676; 861922; 33
1670090453.273675; 861947; 33
1670090453.298675; 861972; 33
1670090453.323680; 861997; 34
1670090453.348676; 862022; 34
1670090453.373670; 862047; 34
1670090453.398669; 862072; 34
1670090453.423683; 862097; 34
1670090453.448676; 862122; 34
1670090453.473675; 862147; 34
1670090453.498675; 862172; 34
1670090453.523675; 862197; 33
1670090453.548680; 862222; 33
1670090453.573676; 862247; 33
1670090453.598675; 862272; 33
1670090453.623675; 862297; 32
1670090453.648680; 862322; 32
1670090453.673676; 862347; 32
1670090453.698675; 862372; 32
1670090453.723675; 862397; 17
1670090453.748680; 862422; 17
1670090453.773676; 862447; 17
1670090453.798675; 862472; 17
1670090453.823670; 862497; 33
1670090453.848683; 862522; 33
1670090453.873671; 862547; 33
1670090453.898670; 862572; 33
1670090453.923670; 862597; 35
1670090453.948674; 862622; 35
1670090453.973671; 862647; 35
1670090453.998669; 862672; 35
1670090454.023675; 862697; 36
1670090454.048675; 862722; 36
1670090454.073672; 862747; 36
1670090454.098671; 862772; 36
1670090454.123671; 862797; 36
1670090454.148680; 862822; 36
1670090454.173672; 862847; 36
1670090454.198675; 862872; 36
1670090454.223675; 862897; 35
1670090454.248677; 862922; 35
1670090454.273672; 862947; 35
1670090454.298675; 862972; 35
1670090454.323675; 862997; 34
1670090454.348675; 863022; 34
1670090454.373674; 863047; 34
1670090454.398671; 863072; 34
1670090454.423670; 863097; 34
1670090454.448675; 863122; 33
1670090454.473680; 863147; 33
1670090454.498676; 863172; 33
1670090454.523675; 863197; 33
1670090454.548675; 863222; 32
1670090454.573680; 863247; 32
1670090454.598676; 863272; 32
1670090454.623675; 863297; 32
1670090454.648675; 863322; 32
1670090454.673678; 863347; 32
1670090454.698671; 863372; 32
1670090454.723670; 863397; 32
1670090454.748670; 863422; 32
1670090454.773674; 863447; 32
1670090454.798671; 863472; 32
1670090454.823669; 863497; 32
1670090454.848675; 863522; 32
1670090454.873680; 863547; 32
1670090454.898676; 863572; 32
1670090454.923675; 863597; 32
1670090454.948675; 863622; 32
1670090454.973680; 863647; 32
1670090454.998676; 863672; 32
1670090455.023675; 863697; 32
1670090455.048671; 863722; 31
1670090455.073683; 863747; 31
1670090455.098678; 863772; 31
1670090455.123676; 863797; 31
1670090455.148670; 863822; 32
1670090455.173669; 863847; 32
1670090455.198696; 863872; 32
1670090455.223671; 863897; 32
1670090455.248670; 863922; 32
1670090455.273670; 863947; 32
1670090455.298674; 863972; 32
1670090455.323671; 863997; 32
1670090455.348670; 864022; 32
1670090455.373675; 864047; 32
1670090455.398680; 864072; 32
1670090455.423676; 864097; 32
1670090455.448675; 864122; 31
1670090455.473670; 864147; 31
1670090455.498683; 864172; 31
1670090455.523676; 864197; 31
1670090455.548675; 864222; 31
1670090455.573675; 864247; 32
1670090455.598680; 864272; 32
1670090455.623676; 864297; 32
1670090455.648675; 864322; 32
1670090455.673670; 864347; 33
1670090455.698674; 864372; 33
1670090455.723671; 864397; 33
1670090455.748670; 864422; 33
1670090455.773670; 864447; 34
1670090455.798674; 864472; 34
1670090455.823671; 864497; 34
1670090455.848675; 864522; 34
1670090455.873669; 864547; 33
1670090455.898670; 864572; 33
1670090455.923678; 864597; 33
1670090455.948671; 864622; 33
1670090455.973670; 864647; 32
1670090455.998669; 864672; 32
1670090456.023674; 864697; 32
1670090456.048677; 864722; 32
1670090456.073676; 864747; 32
1670090456.098676; 864772; 32
1670090456.123681; 864797; 32
1670090456.148671; 864822; 32
1670090456.173669; 864847; 32
1670090456.198670; 864872; 32
1670090456.223675; 864897; 32
1670090456.248671; 864922; 32
1670090456.273671; 864947; 30
1670090456.298669; 864972; 30
1670090456.323678; 864997; 30
1670090456.348671; 865022; 30
1670090456.373675; 865047; 29
1670090456.398675; 865072; 29
1670090456.423680; 865097; 29
1670090456.448676; 865122; 29
1670090456.473675; 865147; 31
1670090456.498670; 865172; 31
1670090456.523674; 865197; 31
1670090456.548676; 865222; 31
1670090456.573675; 865247; 31
1670090456.598675; 865272; 31
1670090456.623680; 865297; 31
1670090456.648676; 865322; 31
1670090456.673675; 865347; 31
1670090456.698675; 865372; 27
1670090456.723675; 865397; 27
1670090456.748683; 865422; 27
1670090456.773676; 865447; 27
1670090456.798675; 865472; 29
1670090456.823675; 865497; 29
1670090456.848679; 865522; 29
1670090456.873676; 865547; 29
1670090456.898675; 865572; 28
1670090456.923675; 865597; 28
1670090456.948680; 865622; 28
1670090456.973676; 865647; 28
1670090456.998675; 865672; 27
1670090457.023675; 865697; 27
1670090457.048675; 865722; 27
1670090457.073672; 865747; 27
1670090457.098676; 865772; 27
1670090457.123676; 865797; 27
1670090457.148683; 865822; 27
1670090457.173676; 865847; 27
1670090457.198675; 865872; 24
1670090457.223675; 865897; 24
1670090457.248680; 865922; 24
1670090457.273676; 865947; 24
1670090457.298675; 865972; 19
1670090457.323675; 865997; 19
1670090457.348680; 866022; 19
1670090457.373671; 866047; 19
1670090457.398669; 866072; 17
1670090457.423670; 866097; 17
1670090457.448673; 866122; 17
1670090457.473672; 866147; 17
1670090457.498675; 866172; 17
1670090457.523675; 866197; 17
1670090457.548675; 866222; 17
1670090457.573678; 866247; 17
1670090457.598671; 866272; 17
1670090457.623670; 866297; 17
1670090457.648669; 866322; 17
1670090457.673674; 866347; 17
1670090457.698671; 866372; 17
1670090457.723669; 866397; 17
1670090457.748670; 866422; 17
1670090457.773674; 866447; 17
1670090457.798671; 866472; 16
1670090457.823669; 866497; 16
1670090457.848670; 866522; 16
1670090457.873674; 866547; 16
1670090457.898671; 866572; 16
1670090457.923669; 866597; 16
1670090457.948670; 866622; 16
1670090457.973683; 866647; 16
1670090457.998676; 866672; 16
1670090458.023675; 866697; 16
1670090458.048671; 866722; 16
1670090458.073681; 866747; 16
1670090458.098672; 866772; 16
1670090458.123679; 866797; 17
1670090458.148670; 866822; 17
1670090458.173674; 866847; 17
1670090458.198671; 866872; 17
1670090458.223670; 866897; 16
1670090458.248670; 866922; 16
1670090458.273673; 866947; 16
1670090458.298672; 866972; 16
1670090458.323669; 866997; 16
1670090458.348669; 867022; 16
1670090458.373676; 867047; 16
1670090458.398678; 867072; 16
1670090458.423671; 867097; 16
1670090458.448670; 867122; 16
1670090458.473669; 867147; 16
1670090458.498674; 867172; 16
1670090458.523671; 867197; 16
1670090458.548670; 867222; 16
1670090458.573670; 867247; 16
1670090458.598674; 867272; 16
1670090458.623671; 867297; 16
1670090458.648669; 867322; 16
1670090458.673669; 867347; 16
1670090458.698674; 867372; 16
1670090458.723671; 867397; 16
1670090458.748669; 867422; 16
1670090458.773670; 867447; 16
1670090458.798683; 867472; 16
1670090458.823676; 867497; 16
1670090458.848675; 867522; 16
1670090458.873669; 867547; 16
1670090458.898674; 867572; 16
1670090458.923671; 867597; 16
1670090458.948675; 867622; 16
1670090458.973675; 867647; 16
1670090458.998680; 867672; 16
1670090459.023676; 867697; 16
1670090459.048671; 867722; 16
1670090459.073671; 867747; 16
1670090459.098671; 867772; 16
1670090459.123675; 867797; 16
1670090459.148671; 867822; 16
1670090459.173670; 867847; 16
1670090459.198669; 867872; 16
1670090459.223678; 867897; 16
1670090459.248671; 867922; 16
1670090459.273670; 867947; 16
1670090459.298670; 867972; 16
1670090459.323674; 867997; 16
1670090459.348676; 868022; 16
1670090459.373675; 868047; 16
1670090459.398675; 868072; 16
1670090459.423680; 868097; 16
1670090459.448676; 868122; 16
1670090459.473675; 868147; 16
1670090459.498675; 868172; 16
1670090459.523680; 868197; 16
1670090459.548676; 868222; 16
1670090459.573675; 868247; 16
1670090459.598675; 868272; 16
1670090459.623683; 868297; 16
1670090459.648676; 868322; 16
1670090459.673675; 868347; 16
1670090459.698675; 868372; 16
1670090459.723680; 868397; 16
1670090459.748676; 868422; 16
1670090459.773670; 868447; 16
1670090459.798670; 868472; 16
1670090459.823674; 868497; 16
1670090459.848671; 868522; 16
1670090459.873669; 868547; 16
1670090459.898669; 868572; 16
1670090459.923669; 868597; 16
1670090459.948674; 868622; 16
1670090459.973676; 868647; 16
1670090459.998675; 868672; 16
1670090460.023675; 868697; 16
1670090460.048679; 868722; 16
1670090460.073672; 868747; 16
1670090460.098671; 868772; 16
1670090460.123676; 868797; 16
1670090460.148680; 868822; 16
1670090460.173671; 868847; 16
1670090460.198669; 868872; 16
1670090460.223669; 868897; 16
1670090460.248674; 868922; 16
1670090460.273671; 868947; 16
1670090460.298669; 868972; 16
1670090460.323670; 868997; 16
1670090460.348674; 869022; 16
1670090460.373685; 869047; 16
1670090460.398670; 869072; 16
1670090460.423669; 869097; 16
1670090460.448683; 869122; 16
1670090460.473676; 869147; 16
1670090460.498675; 869172; 16
1670090460.523675; 869197; 16
1670090460.548680; 869222; 16
1670090460.573696; 869247; 16
1670090460.598669; 869272; 16
1670090460.623670; 869297; 16
1670090460.648673; 869322; 16
1670090460.673672; 869347; 16
1670090460.698675; 869372; 16
1670090460.723675; 869397; 16
1670090460.748675; 869422; 16
1670090460.773674; 869447; 16
1670090460.798671; 869472; 16
1670090460.823669; 869497; 16
1670090460.848669; 869522; 16
1670090460.873678; 869547; 16
1670090460.898671; 869572; 16
1670090460.923670; 869597; 16
1670090460.948669; 869622; 16
1670090460.973674; 869647; 16
1670090460.998676; 869672; 16
1670090461.023675; 869697; 16
1670090461.048671; 869722; 16
1670090461.073675; 869747; 16
1670090461.098672; 869772; 16
1670090461.123671; 869797; 16
1670090461.148669; 869822; 16
1670090461.173674; 869847; 16
1670090461.198676; 869872; 16
1670090461.223675; 869897; 16
1670090461.248675; 869922; 16
1670090461.273683; 869947; 16
1670090461.298676; 869972; 16
1670090461.323675; 869997; 16
1670090461.348675; 870022; 16
1670090461.373674; 870047; 16
1670090461.398697; 870072; 16
1670090461.423670; 870097; 16
1670090461.448669; 870122; 16
1670090461.473673; 870147; 16
1670090461.498672; 870172; 16
1670090461.523675; 870197; 16
1670090461.548675; 870222; 16
1670090461.573675; 870247; 16
1670090461.598692; 870272; 16
1670090461.623676; 870297; 16
1670090461.648675; 870322; 16
1670090461.673675; 870347; 16
1670090461.698678; 870372; 16
1670090461.723671; 870397; 16
1670090461.748670; 870422; 16
1670090461.773670; 870447; 16
1670090461.798674; 870472; 16
1670090461.823671; 870497; 16
1670090461.848669; 870522; 16
1670090461.873669; 870547; 16
1670090461.898674; 870572; 16
1670090461.923671; 870597; 16
1670090461.948669; 870622; 16
1670090461.973670; 870647; 16
1670090461.998674; 870672; 16
1670090462.023671; 870697; 16
1670090462.048676; 870722; 16
1670090462.073676; 870747; 16
1670090462.098684; 870772; 16
1670090462.123677; 870797; 16
1670090462.148670; 870822; 16
1670090462.173669; 870847; 16
1670090462.198674; 870872; 16
1670090462.223671; 870897; 16
1670090462.248670; 870922; 16
1670090462.273669; 870947; 16
1670090462.298670; 870972; 16
1670090462.323674; 870997; 16
1670090462.348671; 871022; 16
1670090462.373675; 871047; 16
1670090462.398675; 871072; 16
1670090462.423674; 871097; 16
1670090462.448671; 871122; 16
1670090462.473675; 871147; 16
1670090462.498675; 871172; 16
1670090462.523683; 871197; 16
1670090462.548676; 871222; 16
1670090462.573675; 871247; 16
1670090462.598675; 871272; 16
1670090462.623680; 871297; 16
1670090462.648676; 871322; 16
1670090462.673675; 871347; 16
1670090462.698675; 871372; 16
1670090462.723680; 871397; 16
1670090462.748676; 871422; 16
1670090462.773675; 871447; 16
1670090462.798675; 871472; 16
1670090462.823680; 871497; 16
1670090462.848671; 871522; 16
1670090462.873669; 871547; 16
1670090462.898675; 871572; 16
1670090462.923683; 871597; 16
1670090462.948676; 871622; 16
1670090462.973675; 871647; 16
1670090462.998675; 871672; 16
1670090463.023680; 871697; 16
1670090463.048677; 871722; 16
1670090463.073676; 871747; 16
1670090463.098676; 871772; 16
1670090463.123676; 871797; 16
1670090463.148674; 871822; 16
1670090463.173671; 871847; 16
1670090463.198669; 871872; 16
1670090463.223670; 871897; 16
1670090463.248680; 871922; 16
1670090463.273676; 871947; 16
1670090463.298670; 871972; 16
1670090463.323670; 871997; 16
1670090463.348683; 872022; 16
1670090463.373671; 872047; 16
1670090463.398670; 872072; 16
1670090463.423670; 872097; 16
1670090463.448675; 872122; 16
1670090463.473671; 872147; 16
1670090463.498670; 872172; 16
1670090463.523670; 872197; 16
1670090463.548674; 872222; 16
1670090463.573671; 872247; 16
1670090463.598669; 872272; 16
1670090463.623669; 872297; 16
1670090463.648680; 872322; 16
1670090463.673671; 872347; 16
1670090463.698670; 872372; 16
1670090463.723670; 872397; 16
1670090463.748683; 872422; 16
1670090463.773676; 872447; 16
1670090463.798675; 872472; 16
1670090463.823675; 872497; 16
1670090463.848673; 872522; 16
1670090463.873672; 872547; 16
1670090463.898675; 872572; 16
1670090463.923675; 872597; 16
1670090463.948675; 872622; 16
1670090463.973674; 872647; 16
1670090463.998671; 872672; 16
1670090464.023670; 872697; 16
1670090464.048676; 872722; 16
1670090464.073675; 872747; 16
1670090464.098672; 872772; 16
1670090464.123671; 872797; 16
1670090464.148675; 872822; 16
1670090464.173683; 872847; 16
1670090464.198676; 872872; 16
1670090464.223675; 872897; 16
1670090464.248675; 872922; 16
1670090464.273674; 872947; 16
1670090464.298671; 872972; 16
1670090464.323669; 872997; 16
1670090464.348669; 873022; 16
1670090464.373680; 873047; 16
1670090464.398676; 873072; 16
1670090464.423675; 873097; 16
1670090464.448675; 873122; 16
1670090464.473675; 873147; 16
1670090464.498671; 873172; 16
1670090464.523675; 873197; 16
1670090464.548675; 873222; 16
1670090464.573683; 873247; 16
1670090464.598676; 873272; 16
1670090464.623675; 873297; 16
1670090464.648675; 873322; 16
1670090464.673673; 873347; 16
1670090464.698677; 873372; 16
1670090464.723670; 873397; 16
1670090464.748669; 873422; 16
1670090464.773670; 873447; 16
1670090464.798674; 873472; 16
1670090464.823671; 873497; 16
1670090464.848670; 873522; 16
1670090464.873669; 873547; 16
1670090464.898674; 873572; 16
1670090464.923671; 873597; 16
1670090464.948675; 873622; 16
1670090464.973675; 873647; 16
1670090464.998678; 873672; 16
1670090465.023671; 873697; 16
1670090465.048676; 873722; 16
1670090465.073676; 873747; 16
1670090465.098675; 873772; 16
1670090465.123672; 873797; 16
1670090465.148675; 873822; 16
1670090465.173675; 873847; 16
1670090465.198680; 873872; 16
1670090465.223676; 873897; 16
1670090465.248675; 873922; 16
1670090465.273675; 873947; 16
1670090465.298679; 873972; 16
1670090465.323676; 873997; 16
1670090465.348669; 874022; 16
1670090465.373675; 874047; 16
1670090465.398683; 874072; 16
1670090465.423676; 874097; 16
1670090465.448675; 874122; 16
1670090465.473675; 874147; 16
1670090465.498675; 874172; 16
1670090465.523680; 874197; 16
1670090465.548676; 874222; 16
1670090465.573675; 874247; 16
1670090465.598675; 874272; 16
1670090465.623680; 874297; 16
1670090465.648676; 874322; 16
1670090465.673675; 874347; 16
1670090465.698683; 874372; 16
1670090465.723674; 874397; 16
1670090465.748671; 874422; 16
1670090465.773669; 874447; 16
1670090465.798669; 874472; 16
1670090465.823683; 874497; 16
1670090465.848676; 874522; 16
1670090465.873669; 874547; 16
1670090465.898680; 874572; 16
1670090465.923674; 874597; 16
1670090465.948671; 874622; 16
1670090465.973670; 874647; 16
1670090465.998669; 874672; 16
1670090466.023674; 874697; 16
1670090466.048677; 874722; 16
1670090466.073676; 874747; 16
1670090466.098676; 874772; 16
1670090466.123675; 874797; 16
1670090466.148676; 874822; 16
1670090466.173670; 874847; 16
1670090466.198670; 874872; 16
1670090466.223678; 874897; 16
1670090466.248671; 874922; 16
1670090466.273670; 874947; 16
1670090466.298669; 874972; 16
1670090466.323675; 874997; 16
1670090466.348680; 875022; 16
1670090466.373671; 875047; 16
1670090466.398669; 875072; 16
1670090466.423670; 875097; 16
1670090466.448674; 875122; 16
1670090466.473671; 875147; 16
1670090466.498670; 875172; 16
1670090466.523675; 875197; 16
1670090466.548680; 875222; 16
1670090466.573671; 875247; 16
1670090466.598669; 875272; 16
1670090466.623670; 875297; 16
1670090466.648683; 875322; 16
1670090466.673676; 875347; 16
1670090466.698675; 875372; 16
1670090466.723724; 875397; 16
1670090466.748680; 875422; 16
1670090466.773676; 875447; 16
1670090466.798675; 875472; 16
1670090466.823675; 875497; 16
1670090466.848680; 875522; 16
1670090466.873676; 875547; 16
1670090466.898675; 875572; 16
1670090466.923678; 875597; 16
1670090466.948674; 875622; 16
1670090466.973671; 875647; 16
1670090466.998669; 875672; 16
1670090467.023670; 875697; 16
1670090467.048683; 875722; 16
1670090467.073678; 875747; 16
1670090467.098676; 875772; 16
1670090467.123676; 875797; 16
1670090467.148675; 875822; 16
1670090467.173680; 875847; 16
1670090467.198676; 875872; 16
1670090467.223675; 875897; 16
1670090467.248675; 875922; 16
1670090467.273680; 875947; 16
1670090467.298676; 875972; 16
1670090467.323675; 875997; 16
1670090467.348675; 876022; 16
1670090467.373674; 876047; 16
1670090467.398676; 876072; 16
1670090467.423675; 876097; 16
1670090467.448675; 876122; 16
1670090467.473683; 876147; 16
1670090467.498676; 876172; 16
1670090467.523675; 876197; 16
1670090467.548675; 876222; 16
1670090467.573680; 876247; 16
1670090467.598676; 876272; 16
1670090467.623675; 876297; 16
1670090467.648675; 876322; 16
1670090467.673680; 876347; 16
1670090467.698676; 876372; 16
1670090467.723675; 876397; 16
1670090467.748674; 876422; 16
1670090467.773680; 876447; 16
1670090467.798671; 876472; 16
1670090467.823670; 876497; 16
1670090467.848670; 876522; 16
1670090467.873676; 876547; 16
1670090467.898672; 876572; 16
1670090467.923675; 876597; 16
1670090467.948670; 876622; 16
1670090467.973675; 876647; 16
1670090467.998680; 876672; 16
1670090468.023676; 876697; 16
1670090468.048671; 876722; 16
1670090468.073676; 876747; 16
1670090468.098681; 876772; 16
1670090468.123672; 876797; 16
1670090468.148675; 876822; 16
1670090468.173675; 876847; 16
1670090468.198680; 876872; 16
1670090468.223676; 876897; 16
1670090468.248675; 876922; 16
1670090468.273675; 876947; 16
1670090468.298678; 876972; 16
1670090468.323671; 876997; 16
1670090468.348669; 877022; 16
1670090468.373675; 877047; 16
1670090468.398680; 877072; 16
1670090468.423676; 877097; 16
1670090468.448675; 877122; 16
1670090468.473675; 877147; 16
1670090468.498680; 877172; 16
1670090468.523676; 877197; 16
1670090468.548675; 877222; 16
1670090468.573669; 877247; 16
1670090468.598674; 877272; 16
1670090468.623676; 877297; 16
1670090468.648675; 877322; 16
1670090468.673675; 877347; 16
1670090468.698675; 877372; 16
1670090468.723683; 877397; 16
1670090468.748676; 877422; 16
1670090468.773669; 877447; 16
1670090468.798670; 877472; 16
1670090468.823674; 877497; 16
1670090468.848671; 877522; 16
1670090468.873669; 877547; 16
1670090468.898669; 877572; 16
1670090468.923674; 877597; 16
1670090468.948671; 877622; 16
1670090468.973669; 877647; 16
1670090468.998670; 877672; 16
1670090469.023676; 877697; 16
1670090469.048672; 877722; 16
1670090469.073671; 877747; 16
1670090469.098676; 877772; 16
1670090469.123684; 877797; 16
1670090469.148671; 877822; 16
1670090469.173669; 877847; 16
1670090469.198675; 877872; 16
1670090469.223680; 877897; 16
1670090469.248676; 877922; 16
1670090469.273675; 877947; 16
1670090469.298675; 877972; 16
1670090469.323680; 877997; 16
1670090469.348676; 878022; 16
1670090469.373669; 878047; 16
1670090469.398670; 878072; 16
1670090469.423674; 878097; 16
1670090469.448676; 878122; 16
1670090469.473675; 878147; 16
1670090469.498675; 878172; 16
1670090469.523675; 878197; 16
1670090469.548683; 878222; 16
1670090469.573676; 878247; 17
1670090469.598669; 878272; 17
1670090469.623669; 878297; 17
1670090469.648674; 878322; 17
1670090469.673671; 878347; 16
1670090469.698669; 878372; 16
1670090469.723670; 878397; 16
1670090469.748674; 878422; 16
1670090469.773671; 878447; 16
1670090469.798675; 878472; 16
1670090469.823675; 878497; 16
1670090469.848674; 878522; 16
1670090469.873671; 878547; 16
1670090469.898669; 878572; 16
1670090469.923669; 878597; 16
1670090469.948683; 878622; 16
1670090469.973676; 878647; 17
1670090469.998675; 878672; 17
1670090470.023675; 878697; 17
1670090470.048675; 878722; 17
1670090470.073672; 878747; 17
1670090470.098671; 878772; 17
1670090470.123671; 878797; 17
1670090470.148680; 878822; 17
1670090470.173676; 878847; 17
1670090470.198675; 878872; 17
1670090470.223675; 878897; 17
1670090470.248678; 878922; 17
1670090470.273672; 878947; 17
1670090470.298675; 878972; 17
1670090470.323675; 878997; 17
1670090470.348675; 879022; 17
1670090470.373678; 879047; 17
1670090470.398671; 879072; 17
1670090470.423675; 879097; 17
1670090470.448675; 879122; 17
1670090470.473680; 879147; 17
1670090470.498676; 879172; 17
1670090470.523675; 879197; 17
1670090470.548675; 879222; 17
1670090470.573680; 879247; 17
1670090470.598676; 879272; 17
1670090470.623675; 879297; 17
1670090470.648675; 879322; 17
1670090470.673674; 879347; 17
1670090470.698671; 879372; 17
1670090470.723669; 879397; 17
1670090470.748669; 879422; 17
1670090470.773678; 879447; 17
1670090470.798671; 879472; 17
1670090470.823669; 879497; 17
1670090470.848669; 879522; 17
1670090470.873674; 879547; 17
1670090470.898671; 879572; 17
1670090470.923669; 879597; 17
1670090470.948669; 879622; 17
1670090470.973674; 879647; 17
1670090470.998671; 879672; 17
1670090471.023687; 879697; 17
1670090471.048671; 879722; 17
1670090471.073674; 879747; 17
1670090471.098673; 879772; 17
1670090471.123671; 879797; 17
1670090471.148675; 879822; 17
1670090471.173675; 879847; 17
1670090471.198683; 879872; 16
1670090471.223695; 879897; 16
1670090471.248675; 879922; 16
1670090471.273675; 879947; 16
1670090471.298680; 879972; 16
1670090471.323676; 879997; 16
1670090471.348675; 880022; 16
1670090471.373670; 880047; 16
1670090471.398674; 880072; 17
1670090471.423671; 880097; 17
1670090471.448669; 880122; 17
1670090471.473670; 880147; 17
1670090471.498680; 880172; 17
1670090471.523676; 880197; 17
1670090471.548675; 880222; 17
1670090471.573675; 880247; 17
1670090471.598678; 880272; 16
1670090471.623671; 880297; 16
1670090471.648669; 880322; 16
1670090471.673670; 880347; 16
1670090471.698674; 880372; 16
1670090471.723671; 880397; 16
1670090471.748670; 880422; 16
1670090471.773669; 880447; 16
1670090471.798674; 880472; 17
1670090471.823671; 880497; 17
1670090471.848675; 880522; 17
1670090471.873670; 880547; 17
1670090471.898675; 880572; 17
1670090471.923680; 880597; 17
1670090471.948676; 880622; 17
1670090471.973675; 880647; 17
1670090471.998675; 880672; 17
1670090472.023683; 880697; 17
1670090472.048691; 880722; 17
1670090472.073671; 880747; 17
1670090472.098676; 880772; 17
1670090472.123681; 880797; 17
1670090472.148671; 880822; 17
1670090472.173669; 880847; 17
1670090472.198669; 880872; 17
1670090472.223674; 880897; 17
1670090472.248677; 880922; 17
1670090472.273670; 880947; 17
1670090472.298670; 880972; 17
1670090472.323680; 880997; 18
1670090472.348676; 881022; 18
1670090472.373670; 881047; 18
1670090472.398670; 881072; 18
1670090472.423683; 881097; 18
1670090472.448676; 881122; 18
1670090472.473669; 881147; 18
1670090472.498670; 881172; 18
1670090472.523674; 881197; 17
1670090472.548671; 881222; 17
1670090472.573670; 881247; 17
1670090472.598669; 881272; 17
1670090472.623674; 881297; 17
1670090472.648671; 881322; 17
1670090472.673669; 881347; 17
1670090472.698669; 881372; 17
1670090472.723669; 881397; 17
1670090472.748674; 881422; 17
1670090472.773671; 881447; 17
1670090472.798669; 881472; 17
1670090472.823670; 881497; 17
1670090472.848683; 881522; 17
1670090472.873671; 881547; 17
1670090472.898670; 881572; 17
1670090472.923670; 881597; 17
1670090472.948674; 881622; 17
1670090472.973671; 881647; 17
1670090472.998669; 881672; 17
1670090473.023670; 881697; 17
1670090473.048681; 881722; 17
1670090473.073673; 881747; 17
1670090473.098671; 881772; 17
1670090473.123671; 881797; 17
1670090473.148680; 881822; 17
1670090473.173676; 881847; 17
1670090473.198675; 881872; 17
1670090473.223675; 881897; 17
1670090473.248683; 881922; 17
1670090473.273676; 881947; 17
1670090473.298675; 881972; 17
1670090473.323675; 881997; 17
1670090473.348680; 882022; 17
1670090473.373671; 882047; 17
1670090473.398669; 882072; 17
1670090473.423669; 882097; 17
1670090473.448673; 882122; 17
1670090473.473672; 882147; 17
1670090473.498675; 882172; 17
1670090473.523675; 882197; 17
1670090473.548675; 882222; 17
1670090473.573674; 882247; 17
1670090473.598671; 882272; 17
1670090473.623670; 882297; 17
1670090473.648669; 882322; 17
1670090473.673683; 882347; 17
1670090473.698671; 882372; 17
1670090473.723670; 882397; 17
1670090473.748670; 882422; 17
1670090473.773674; 882447; 17
1670090473.798671; 882472; 17
1670090473.823669; 882497; 17
1670090473.848669; 882522; 17
1670090473.873674; 882547; 17
1670090473.898676; 882572; 17
1670090473.923675; 882597; 17
1670090473.948670; 882622; 17
1670090473.973674; 882647; 17
1670090473.998671; 882672; 17
1670090474.023669; 882697; 17
1670090474.048676; 882722; 17
1670090474.073684; 882747; 17
1670090474.098672; 882772; 17
1670090474.123671; 882797; 17
1670090474.148675; 882822; 17
1670090474.173680; 882847; 17
1670090474.198676; 882872; 17
1670090474.223675; 882897; 17
1670090474.248675; 882922; 17
1670090474.273673; 882947; 17
1670090474.298672; 882972; 17
1670090474.323669; 882997; 17
1670090474.348670; 883022; 17
1670090474.373675; 883047; 17
1670090474.398674; 883072; 17
1670090474.423671; 883097; 17
1670090474.448669; 883122; 17
1670090474.473669; 883147; 17
1670090474.498683; 883172; 17
1670090474.523676; 883197; 17
1670090474.548675; 883222; 17
1670090474.573675; 883247; 17
1670090474.598680; 883272; 17
1670090474.623676; 883297; 17
1670090474.648675; 883322; 17
1670090474.673675; 883347; 17
1670090474.698680; 883372; 17
1670090474.723676; 883397; 17
1670090474.748675; 883422; 17
1670090474.773675; 883447; 17
1670090474.798680; 883472; 17
1670090474.823676; 883497; 17
1670090474.848675; 883522; 17
1670090474.873669; 883547; 17
1670090474.898683; 883572; 17
1670090474.923671; 883597; 17
1670090474.948669; 883622; 17
1670090474.973669; 883647; 17
1670090474.998674; 883672; 17
1670090475.023671; 883697; 17
1670090475.048676; 883722; 17
1670090475.073676; 883747; 17
1670090475.098676; 883772; 17
1670090475.123675; 883797; 17
1670090475.148676; 883822; 17
1670090475.173675; 883847; 17
1670090475.198675; 883872; 17
1670090475.223674; 883897; 17
1670090475.248671; 883922; 17
1670090475.273669; 883947; 17
1670090475.298669; 883972; 17
1670090475.323678; 883997; 17
1670090475.348676; 884022; 17
1670090475.373670; 884047; 17
1670090475.398669; 884072; 16
1670090475.423674; 884097; 16
1670090475.448671; 884122; 16
1670090475.473669; 884147; 16
1670090475.498669; 884172; 16
1670090475.523674; 884197; 16
1670090475.548671; 884222; 16
1670090475.573670; 884247; 16
1670090475.598675; 884272; 16
1670090475.623680; 884297; 16
1670090475.648676; 884322; 16
1670090475.673675; 884347; 16
1670090475.698675; 884372; 17
1670090475.723678; 884397; 17
1670090475.748671; 884422; 17
1670090475.773669; 884447; 17
1670090475.798670; 884472; 17
1670090475.823674; 884497; 17
1670090475.848671; 884522; 17
1670090475.873669; 884547; 17
1670090475.898670; 884572; 16
1670090475.923669; 884597; 16
1670090475.948680; 884622; 16
1670090475.973676; 884647; 16
1670090475.998669; 884672; 16
1670090476.023670; 884697; 16
1670090476.048681; 884722; 16
1670090476.073672; 884747; 16
1670090476.098671; 884772; 17
1670090476.123671; 884797; 17
1670090476.148678; 884822; 17
1670090476.173671; 884847; 17
1670090476.198670; 884872; 17
1670090476.223669; 884897; 17
1670090476.248674; 884922; 17
1670090476.273671; 884947; 17
1670090476.298669; 884972; 17
1670090476.323670; 884997; 17
1670090476.348676; 885022; 17
1670090476.373671; 885047; 17
1670090476.398675; 885072; 16
1670090476.423675; 885097; 16
1670090476.448680; 885122; 16
1670090476.473676; 885147; 16
1670090476.498675; 885172; 16
1670090476.523675; 885197; 17
1670090476.548718; 885222; 17
1670090476.573671; 885247; 17
1670090476.598669; 885272; 17
1670090476.623669; 885297; 17
1670090476.648678; 885322; 17
1670090476.673677; 885347; 17
1670090476.698669; 885372; 17
1670090476.723670; 885397; 17
1670090476.748669; 885422; 17
1670090476.773680; 885447; 17
1670090476.798676; 885472; 17
1670090476.823675; 885497; 17
1670090476.848675; 885522; 17
1670090476.873674; 885547; 17
1670090476.898671; 885572; 17
1670090476.923670; 885597; 17
1670090476.948670; 885622; 17
1670090476.973683; 885647; 17
1670090476.998676; 885672; 17
1670090477.023675; 885697; 18
1670090477.048671; 885722; 18
1670090477.073681; 885747; 18
1670090477.098672; 885772; 18
1670090477.123671; 885797; 18
1670090477.148675; 885822; 18
1670090477.173674; 885847; 18
1670090477.198671; 885872; 18
1670090477.223669; 885897; 17
1670090477.248669; 885922; 17
1670090477.273674; 885947; 17
1670090477.298671; 885972; 17
1670090477.323670; 885997; 17
1670090477.348669; 886022; 17
1670090477.373722; 886047; 17
1670090477.398671; 886072; 17
1670090477.423669; 886097; 17
1670090477.448670; 886122; 17
1670090477.473678; 886147; 17
1670090477.498677; 886172; 17
1670090477.523670; 886197; 17
1670090477.548670; 886222; 17
1670090477.573676; 886247; 17
1670090477.598674; 886272; 17
1670090477.623673; 886297; 18
1670090477.648675; 886322; 18
1670090477.673675; 886347; 18
1670090477.698680; 886372; 18
1670090477.723676; 886397; 18
1670090477.748675; 886422; 17
1670090477.773675; 886447; 17
1670090477.798678; 886472; 17
1670090477.823671; 886497; 17
1670090477.848670; 886522; 17
1670090477.873669; 886547; 17
1670090477.898674; 886572; 17
1670090477.923671; 886597; 17
1670090477.948669; 886622; 17
1670090477.973669; 886647; 17
1670090477.998680; 886672; 17
1670090478.023676; 886697; 17
1670090478.048676; 886722; 18
1670090478.073676; 886747; 18
1670090478.098681; 886772; 18
1670090478.123672; 886797; 18
1670090478.148675; 886822; 18
1670090478.173675; 886847; 18
1670090478.198683; 886872; 18
1670090478.223676; 886897; 18
1670090478.248675; 886922; 19
1670090478.273675; 886947; 19
1670090478.298675; 886972; 19
1670090478.323679; 886997; 19
1670090478.348676; 887022; 19
1670090478.373669; 887047; 19
1670090478.398674; 887072; 19
1670090478.423680; 887097; 19
1670090478.448671; 887122; 20
1670090478.473669; 887147; 20
1670090478.498670; 887172; 20
1670090478.523674; 887197; 20
1670090478.548671; 887222; 22
1670090478.573669; 887247; 22
1670090478.598670; 887272; 22
1670090478.623683; 887297; 22
1670090478.648676; 887322; 20
1670090478.673675; 887347; 20
1670090478.698675; 887372; 20
1670090478.723680; 887397; 20
1670090478.748676; 887422; 19
1670090478.773675; 887447; 19
1670090478.798675; 887472; 19
1670090478.823680; 887497; 19
1670090478.848676; 887522; 19
1670090478.873669; 887547; 21
1670090478.898670; 887572; 21
1670090478.923674; 887597; 21
1670090478.948671; 887622; 21
1670090478.973669; 887647; 21
1670090478.998669; 887672; 21
1670090479.023678; 887697; 21
1670090479.048677; 887722; 21
1670090479.073676; 887747; 21
1670090479.098676; 887772; 21
1670090479.123676; 887797; 21
1670090479.148679; 887822; 21
1670090479.173676; 887847; 21
1670090479.198675; 887872; 21
1670090479.223675; 887897; 21
1670090479.248680; 887922; 21
1670090479.273676; 887947; 20
1670090479.298675; 887972; 20
1670090479.323675; 887997; 20
1670090479.348680; 888022; 20
1670090479.373671; 888047; 20
1670090479.398670; 888072; 20
1670090479.423678; 888097; 20
1670090479.448678; 888122; 20
1670090479.473671; 888147; 20
1670090479.498670; 888172; 20
1670090479.523669; 888197; 20
1670090479.548674; 888222; 20
1670090479.573671; 888247; 20
1670090479.598670; 888272; 20
1670090479.623675; 888297; 20
1670090479.648674; 888322; 20
1670090479.673679; 888347; 20
1670090479.698669; 888372; 20
1670090479.723669; 888397; 20
1670090479.748674; 888422; 20
1670090479.773671; 888447; 21
1670090479.798669; 888472; 21
1670090479.823669; 888497; 21
1670090479.848682; 888522; 21
1670090479.873672; 888547; 21
1670090479.898675; 888572; 21
1670090479.923675; 888597; 21
1670090479.948675; 888622; 21
1670090479.973680; 888647; 22
1670090479.998676; 888672; 22
1670090480.023675; 888697; 22
1670090480.048676; 888722; 22
1670090480.073681; 888747; 22
1670090480.098677; 888772; 23
1670090480.123676; 888797; 23
1670090480.148669; 888822; 23
1670090480.173674; 888847; 23
1670090480.198671; 888872; 24
1670090480.223670; 888897; 24
1670090480.248675; 888922; 24
1670090480.273683; 888947; 24
1670090480.298676; 888972; 24
1670090480.323675; 888997; 24
1670090480.348675; 889022; 24
1670090480.373674; 889047; 24
1670090480.398671; 889072; 26
1670090480.423669; 889097; 26
1670090480.448669; 889122; 26
1670090480.473674; 889147; 26
1670090480.498676; 889172; 27
1670090480.523675; 889197; 27
1670090480.548675; 889222; 27
1670090480.573680; 889247; 27
1670090480.598676; 889272; 27
1670090480.623675; 889297; 27
1670090480.648669; 889322; 27
1670090480.673682; 889347; 27
1670090480.698672; 889372; 26
1670090480.723675; 889397; 26
1670090480.748675; 889422; 26
1670090480.773675; 889447; 26
1670090480.798680; 889472; 26
1670090480.823676; 889497; 26
1670090480.848675; 889522; 26
1670090480.873669; 889547; 26
1670090480.898674; 889572; 27
1670090480.923676; 889597; 27
1670090480.948675; 889622; 27
1670090480.973675; 889647; 27
1670090480.998680; 889672; 25
1670090481.023676; 889697; 25
1670090481.048671; 889722; 25
1670090481.073671; 889747; 25
1670090481.098679; 889772; 24
1670090481.123672; 889797; 24
1670090481.148675; 889822; 24
1670090481.173675; 889847; 24
1670090481.198680; 889872; 24
1670090481.223676; 889897; 23
1670090481.248675; 889922; 23
1670090481.273675; 889947; 23
1670090481.298679; 889972; 23
1670090481.323671; 889997; 23
1670090481.348669; 890022; 23
1670090481.373675; 890047; 23
1670090481.398680; 890072; 23
1670090481.423676; 890097; 23
1670090481.448675; 890122; 23
1670090481.473669; 890147; 23
1670090481.498669; 890172; 23
1670090481.523683; 890197; 23
1670090481.548676; 890222; 23
1670090481.573675; 890247; 23
1670090481.598675; 890272; 23
1670090481.623679; 890297; 23
1670090481.648676; 890322; 23
1670090481.673686; 890347; 23
1670090481.698675; 890372; 23
1670090481.723674; 890397; 23
1670090481.748671; 890422; 23
1670090481.773670; 890447; 23
1670090481.798670; 890472; 23
1670090481.823674; 890497; 23
1670090481.848671; 890522; 23
1670090481.873702; 890547; 23
1670090481.898669; 890572; 23
1670090481.923683; 890597; 23
1670090481.948676; 890622; 23
1670090481.973675; 890647; 23
1670090481.998675; 890672; 23
1670090482.023680; 890697; 22
1670090482.048672; 890722; 22
1670090482.073671; 890747; 22
1670090482.098676; 890772; 22
1670090482.123681; 890797; 22
1670090482.148676; 890822; 22
1670090482.173675; 890847; 22
1670090482.198675; 890872; 22
1670090482.223680; 890897; 23
1670090482.248676; 890922; 23
1670090482.273675; 890947; 23
1670090482.298675; 890972; 23
1670090482.323675; 890997; 24
1670090482.348678; 891022; 24
1670090482.373676; 891047; 24
1670090482.398675; 891072; 24
1670090482.423675; 891097; 24
1670090482.448680; 891122; 24
1670090482.473676; 891147; 24
1670090482.498669; 891172; 24
1670090482.523669; 891197; 24
1670090482.548680; 891222; 25
1670090482.573676; 891247; 25
1670090482.598675; 891272; 25
1670090482.623675; 891297; 25
1670090482.648680; 891322; 26
1670090482.673676; 891347; 26
1670090482.698686; 891372; 26
1670090482.723670; 891397; 26
1670090482.748678; 891422; 25
1670090482.773671; 891447; 25
1670090482.798670; 891472; 25
1670090482.823669; 891497; 25
1670090482.848674; 891522; 24
1670090482.873671; 891547; 24
1670090482.898669; 891572; 24
1670090482.923670; 891597; 24
1670090482.948694; 891622; 26
1670090482.973671; 891647; 26
1670090482.998669; 891672; 26
1670090483.023670; 891697; 26
1670090483.048674; 891722; 26
1670090483.073673; 891747; 26
1670090483.098671; 891772; 26
1670090483.123676; 891797; 26
1670090483.148670; 891822; 27
1670090483.173683; 891847; 27
1670090483.198676; 891872; 27
1670090483.223675; 891897; 27
1670090483.248675; 891922; 29
1670090483.273680; 891947; 29
1670090483.298676; 891972; 29
1670090483.323675; 891997; 29
1670090483.348675; 892022; 29
1670090483.373679; 892047; 29
1670090483.398676; 892072; 29
1670090483.423675; 892097; 29
1670090483.448675; 892122; 24
1670090483.473680; 892147; 24
1670090483.498676; 892172; 24
1670090483.523669; 892197; 24
1670090483.548670; 892222; 24
1670090483.573683; 892247; 21
1670090483.598676; 892272; 21
1670090483.623675; 892297; 21
1670090483.648675; 892322; 21
1670090483.673680; 892347; 18
1670090483.698676; 892372; 18
1670090483.723673; 892397; 18
1670090483.748675; 892422; 18
1670090483.773679; 892447; 18
1670090483.798676; 892472; 18
1670090483.823675; 892497; 18
1670090483.848675; 892522; 18
1670090483.873673; 892547; 17
1670090483.898672; 892572; 17
1670090483.923670; 892597; 17
1670090483.948669; 892622; 17
1670090483.973670; 892647; 17
1670090483.998678; 892672; 17
1670090484.023671; 892697; 17
1670090484.048676; 892722; 17
1670090484.073676; 892747; 16
1670090484.098675; 892772; 16
1670090484.123672; 892797; 16
1670090484.148669; 892822; 16
1670090484.173670; 892847; 17
1670090484.198680; 892872; 17
1670090484.223676; 892897; 17
1670090484.248675; 892922; 17
1670090484.273675; 892947; 17
1670090484.298680; 892972; 17
1670090484.323676; 892997; 17
1670090484.348670; 893022; 17
1670090484.373675; 893047; 16
1670090484.398683; 893072; 16
1670090484.423676; 893097; 16
1670090484.448675; 893122; 16
1670090484.473675; 893147; 16
1670090484.498680; 893172; 16
1670090484.523676; 893197; 16
1670090484.548670; 893222; 16
1670090484.573669; 893247; 17
1670090484.598674; 893272; 17
1670090484.623671; 893297; 17
1670090484.648669; 893322; 17
1670090484.673670; 893347; 17
1670090484.698670; 893372; 17
1670090484.723674; 893397; 17
1670090484.748671; 893422; 17
1670090484.773670; 893447; 17
1670090484.798670; 893472; 17
1670090484.823678; 893497; 17
1670090484.848671; 893522; 17
1670090484.873669; 893547; 17
1670090484.898670; 893572; 16
1670090484.923674; 893597; 16
1670090484.948671; 893622; 16
1670090484.973670; 893647; 16
1670090484.998678; 893672; 16
1670090485.023674; 893697; 16
1670090485.048677; 893722; 16
1670090485.073676; 893747; 16
1670090485.098676; 893772; 17
1670090485.123681; 893797; 17
1670090485.148671; 893822; 17
1670090485.173675; 893847; 17
1670090485.198675; 893872; 17
1670090485.223683; 893897; 17
1670090485.248676; 893922; 17
1670090485.273675; 893947; 17
1670090485.298675; 893972; 17
1670090485.323680; 893997; 17
1670090485.348676; 894022; 17
1670090485.373669; 894047; 17
1670090485.398669; 894072; 16
1670090485.423680; 894097; 16
1670090485.448676; 894122; 16
1670090485.473675; 894147; 16
1670090485.498675; 894172; 16
1670090485.523675; 894197; 16
1670090485.548680; 894222; 16
1670090485.573671; 894247; 16
1670090485.598670; 894272; 17
1670090485.623670; 894297; 17
1670090485.648683; 894322; 17
1670090485.673676; 894347; 17
1670090485.698675; 894372; 17
1670090485.723675; 894397; 17
1670090485.748680; 894422; 17
1670090485.773671; 894447; 17
1670090485.798670; 894472; 17
1670090485.823675; 894497; 17
1670090485.848674; 894522; 17
1670090485.873671; 894547; 17
1670090485.898669; 894572; 17
1670090485.923669; 894597; 17
1670090485.948674; 894622; 17
1670090485.973671; 894647; 17
1670090485.998675; 894672; 17
1670090486.023675; 894697; 17
1670090486.048679; 894722; 17
1670090486.073672; 894747; 17
1670090486.098671; 894772; 17
1670090486.123676; 894797; 17
1670090486.148680; 894822; 17
1670090486.173676; 894847; 17
1670090486.198669; 894872; 17
1670090486.223670; 894897; 17
1670090486.248673; 894922; 17
1670090486.273672; 894947; 17
1670090486.298675; 894972; 17
1670090486.323675; 894997; 17
1670090486.348675; 895022; 17
1670090486.373679; 895047; 17
1670090486.398676; 895072; 17
1670090486.423675; 895097; 17
1670090486.448675; 895122; 17
1670090486.473678; 895147; 17
1670090486.498671; 895172; 17
1670090486.523670; 895197; 17
1670090486.548670; 895222; 17
1670090486.573674; 895247; 17
1670090486.598676; 895272; 17
1670090486.623675; 895297; 17
1670090486.648675; 895322; 17
1670090486.673679; 895347; 17
1670090486.698676; 895372; 17
1670090486.723675; 895397; 17
1670090486.748675; 895422; 17
1670090486.773680; 895447; 17
1670090486.798671; 895472; 17
1670090486.823670; 895497; 17
1670090486.848669; 895522; 17
1670090486.873678; 895547; 17
1670090486.898676; 895572; 17
1670090486.923675; 895597; 17
1670090486.948675; 895622; 17
1670090486.973680; 895647; 17
1670090486.998676; 895672; 17
1670090487.023675; 895697; 17
1670090487.048671; 895722; 17
1670090487.073680; 895747; 17
1670090487.098678; 895772; 17
1670090487.123676; 895797; 17
1670090487.148670; 895822; 17
1670090487.173669; 895847; 17
1670090487.198674; 895872; 17
1670090487.223671; 895897; 17
1670090487.248694; 895922; 17
1670090487.273675; 895947; 17
1670090487.298683; 895972; 17
1670090487.323676; 895997; 17
1670090487.348675; 896022; 16
1670090487.373669; 896047; 16
1670090487.398674; 896072; 16
1670090487.423671; 896097; 16
1670090487.448670; 896122; 17
1670090487.473669; 896147; 17
1670090487.498674; 896172; 17
1670090487.523671; 896197; 17
1670090487.548669; 896222; 17
1670090487.573669; 896247; 17
1670090487.598680; 896272; 17
1670090487.623676; 896297; 17
1670090487.648675; 896322; 17
1670090487.673675; 896347; 17
1670090487.698678; 896372; 17
1670090487.723671; 896397; 17
1670090487.748669; 896422; 17
1670090487.773670; 896447; 17
1670090487.798674; 896472; 17
1670090487.823676; 896497; 17
1670090487.848675; 896522; 16
1670090487.873669; 896547; 16
1670090487.898670; 896572; 16
1670090487.923674; 896597; 16
1670090487.948671; 896622; 17
1670090487.973669; 896647; 17
1670090487.998670; 896672; 17
1670090488.023680; 896697; 17
1670090488.048672; 896722; 17
1670090488.073671; 896747; 17
1670090488.098676; 896772; 17
1670090488.123684; 896797; 17
1670090488.148671; 896822; 17
1670090488.173678; 896847; 17
1670090488.198670; 896872; 17
1670090488.223677; 896897; 17
1670090488.248676; 896922; 17
1670090488.273675; 896947; 16
1670090488.298675; 896972; 16
1670090488.323680; 896997; 16
1670090488.348676; 897022; 16
1670090488.373670; 897047; 16
1670090488.398669; 897072; 16
1670090488.423674; 897097; 16
1670090488.448676; 897122; 16
1670090488.473675; 897147; 17
1670090488.498675; 897172; 17
1670090488.523683; 897197; 17
1670090488.548676; 897222; 17
1670090488.573675; 897247; 17
1670090488.598675; 897272; 17
1670090488.623680; 897297; 17
1670090488.648671; 897322; 17
1670090488.673669; 897347; 16
1670090488.698675; 897372; 16
1670090488.723675; 897397; 16
1670090488.748680; 897422; 16
1670090488.773676; 897447; 16
1670090488.798675; 897472; 16
1670090488.823675; 897497; 16
1670090488.848680; 897522; 16
1670090488.873671; 897547; 16
1670090488.898670; 897572; 16
1670090488.923670; 897597; 16
1670090488.948678; 897622; 16
1670090488.973671; 897647; 16
1670090488.998670; 897672; 16
1670090489.023669; 897697; 16
1670090489.048675; 897722; 16
1670090489.073672; 897747; 16
1670090489.098671; 897772; 16
1670090489.123676; 897797; 16
1670090489.148674; 897822; 16
1670090489.173671; 897847; 16
1670090489.198669; 897872; 16
1670090489.223670; 897897; 16
1670090489.248674; 897922; 16
1670090489.273671; 897947; 16
1670090489.298670; 897972; 16
1670090489.323669; 897997; 16
1670090489.348678; 898022; 16
1670090489.373676; 898047; 16
1670090489.398675; 898072; 16
1670090489.423675; 898097; 16
1670090489.448673; 898122; 16
1670090489.473677; 898147; 16
1670090489.498669; 898172; 16
1670090489.523670; 898197; 16
1670090489.548669; 898222; 16
1670090489.573674; 898247; 16
1670090489.598671; 898272; 16
1670090489.623670; 898297; 16
1670090489.648670; 898322; 16
1670090489.673680; 898347; 16
1670090489.698676; 898372; 16
1670090489.723675; 898397; 16
1670090489.748675; 898422; 16
1670090489.773683; 898447; 16
1670090489.798676; 898472; 16
1670090489.823675; 898497; 16
1670090489.848675; 898522; 16
1670090489.873674; 898547; 16
1670090489.898671; 898572; 16
1670090489.923670; 898597; 16
1670090489.948670; 898622; 16
1670090489.973674; 898647; 16
1670090489.998671; 898672; 16
1670090490.023669; 898697; 16
1670090490.048676; 898722; 16
1670090490.073675; 898747; 16
1670090490.098672; 898772; 16
1670090490.123671; 898797; 16
1670090490.148669; 898822; 16
1670090490.173683; 898847; 16
1670090490.198676; 898872; 16
1670090490.223675; 898897; 16
1670090490.248675; 898922; 16
1670090490.273673; 898947; 16
1670090490.298672; 898972; 16
1670090490.323675; 898997; 16
1670090490.348675; 899022; 16
1670090490.373675; 899047; 16
1670090490.398674; 899072; 16
1670090490.423671; 899097; 16
1670090490.448669; 899122; 16
1670090490.473670; 899147; 16
1670090490.498680; 899172; 16
1670090490.523676; 899197; 16
1670090490.548675; 899222; 16
1670090490.573675; 899247; 16
1670090490.598683; 899272; 16
1670090490.623676; 899297; 16
1670090490.648675; 899322; 16
1670090490.673675; 899347; 16
1670090490.698674; 899372; 16
1670090490.723671; 899397; 16
1670090490.748669; 899422; 16
1670090490.773670; 899447; 16
1670090490.798674; 899472; 16
1670090490.823671; 899497; 16
1670090490.848669; 899522; 16
1670090490.873675; 899547; 16
1670090490.898680; 899572; 16
1670090490.923676; 899597; 16
1670090490.948675; 899622; 16
1670090490.973675; 899647; 16
1670090490.998678; 899672; 16
1670090491.023671; 899697; 16
1670090491.048676; 899722; 16
1670090491.073676; 899747; 16
1670090491.098671; 899772; 16
1670090491.123681; 899797; 16
1670090491.148671; 899822; 16
1670090491.173669; 899847; 16
1670090491.198670; 899872; 16
1670090491.223674; 899897; 16
1670090491.248671; 899922; 16
1670090491.273670; 899947; 16
1670090491.298670; 899972; 16
1670090491.323674; 899997; 16
1670090491.348671; 900022; 16
1670090491.373675; 900047; 16
1670090491.398675; 900072; 16
1670090491.423678; 900097; 16
1670090491.448671; 900122; 16
1670090491.473669; 900147; 16
1670090491.498670; 900172; 16
1670090491.523674; 900197; 16
1670090491.548671; 900222; 16
1670090491.573669; 900247; 16
1670090491.598669; 900272; 16
1670090491.623674; 900297; 16
1670090491.648671; 900322; 16
1670090491.673670; 900347; 16
1670090491.698670; 900372; 16
1670090491.723674; 900397; 16
1670090491.748671; 900422; 16
1670090491.773670; 900447; 16
1670090491.798670; 900472; 16
1670090491.823678; 900497; 16
1670090491.848671; 900522; 16
1670090491.873662; 900547; 16
1670090491.898675; 900572; 16
1670090491.923675; 900597; 16
1670090491.948680; 900622; 16
1670090491.973676; 900647; 16
1670090491.998676; 900672; 16
1670090492.023670; 900697; 16
1670090492.048675; 900722; 16
1670090492.073672; 900747; 16
1670090492.098671; 900772; 16
1670090492.123671; 900797; 16
1670090492.148680; 900822; 16
1670090492.173676; 900847; 16
1670090492.198675; 900872; 16
1670090492.223675; 900897; 16
1670090492.248678; 900922; 16
1670090492.273671; 900947; 16
1670090492.298670; 900972; 16
1670090492.323669; 900997; 16
1670090492.348674; 901022; 16
1670090492.373676; 901047; 16
1670090492.398675; 901072; 16
1670090492.423675; 901097; 16
1670090492.448674; 901122; 16
1670090492.473671; 901147; 16
1670090492.498670; 901172; 16
1670090492.523671; 901197; 16
1670090492.548674; 901222; 16
1670090492.573671; 901247; 16
1670090492.598670; 901272; 16
1670090492.623669; 901297; 16
1670090492.648677; 901322; 16
1670090492.673672; 901347; 16
1670090492.698675; 901372; 16
1670090492.723675; 901397; 16
1670090492.748670; 901422; 16
1670090492.773674; 901447; 16
1670090492.798676; 901472; 16
1670090492.823675; 901497; 16
1670090492.848675; 901522; 16
1670090492.873674; 901547; 16
1670090492.898671; 901572; 16
1670090492.923669; 901597; 16
1670090492.948670; 901622; 16
1670090492.973674; 901647; 16
1670090492.998671; 901672; 16
1670090493.023670; 901697; 16
1670090493.048676; 901722; 16
1670090493.073684; 901747; 16
1670090493.098677; 901772; 16
1670090493.123676; 901797; 16
1670090493.148675; 901822; 16
1670090493.173680; 901847; 16
1670090493.198676; 901872; 16
1670090493.223675; 901897; 16
1670090493.248675; 901922; 16
1670090493.273680; 901947; 17
1670090493.298676; 901972; 17
1670090493.323675; 901997; 17
1670090493.348675; 902022; 17
1670090493.373674; 902047; 16
1670090493.398676; 902072; 16
1670090493.423675; 902097; 16
1670090493.448675; 902122; 16
1670090493.473682; 902147; 16
1670090493.498672; 902172; 16
1670090493.523675; 902197; 16
1670090493.548675; 902222; 16
1670090493.573675; 902247; 16
1670090493.598680; 902272; 16
1670090493.623676; 902297; 16
1670090493.648675; 902322; 16
1670090493.673675; 902347; 16
1670090493.698680; 902372; 16
1670090493.723676; 902397; 16
1670090493.748675; 902422; 16
1670090493.773675; 902447; 17
1670090493.798680; 902472; 17
1670090493.823676; 902497; 17
1670090493.848675; 902522; 17
1670090493.873670; 902547; 16
1670090493.898683; 902572; 16
1670090493.923671; 902597; 16
1670090493.948670; 902622; 16
1670090493.973670; 902647; 16
1670090493.998674; 902672; 16
1670090494.023671; 902697; 16
1670090494.048676; 902722; 16
1670090494.073676; 902747; 16
1670090494.098681; 902772; 16
1670090494.123672; 902797; 16
1670090494.148675; 902822; 16
1670090494.173675; 902847; 16
1670090494.198680; 902872; 16
1670090494.223676; 902897; 16
1670090494.248675; 902922; 16
1670090494.273675; 902947; 16
1670090494.298675; 902972; 16
1670090494.323678; 902997; 16
1670090494.348671; 903022; 16
1670090494.373675; 903047; 16
1670090494.398675; 903072; 16
1670090494.423679; 903097; 16
1670090494.448676; 903122; 16
1670090494.473675; 903147; 16
1670090494.498675; 903172; 16
1670090494.523680; 903197; 16
1670090494.548676; 903222; 16
1670090494.573675; 903247; 16
1670090494.598675; 903272; 16
1670090494.623680; 903297; 16
1670090494.648676; 903322; 16
1670090494.673675; 903347; 16
1670090494.698670; 903372; 16
1670090494.723683; 903397; 16
1670090494.748676; 903422; 16
1670090494.773675; 903447; 16
1670090494.798675; 903472; 16
1670090494.823680; 903497; 16
1670090494.848676; 903522; 16
1670090494.873675; 903547; 16
1670090494.898675; 903572; 16
1670090494.923680; 903597; 16
1670090494.948676; 903622; 16
1670090494.973675; 903647; 16
1670090494.998675; 903672; 16
1670090495.023680; 903697; 16
1670090495.048672; 903722; 16
1670090495.073671; 903747; 16
1670090495.098676; 903772; 16
1670090495.123676; 903797; 16
1670090495.148683; 903822; 16
1670090495.173676; 903847; 16
1670090495.198669; 903872; 16
1670090495.223669; 903897; 16
1670090495.248674; 903922; 16
1670090495.273671; 903947; 16
1670090495.298669; 903972; 16
1670090495.323669; 903997; 16
1670090495.348674; 904022; 16
1670090495.373671; 904047; 16
1670090495.398675; 904072; 16
1670090495.423675; 904097; 16
1670090495.448680; 904122; 16
1670090495.473676; 904147; 16
1670090495.498675; 904172; 16
1670090495.523675; 904197; 16
1670090495.548678; 904222; 16
1670090495.573671; 904247; 16
1670090495.598675; 904272; 16
1670090495.623675; 904297; 16
1670090495.648680; 904322; 16
1670090495.673676; 904347; 16
1670090495.698687; 904372; 16
1670090495.723670; 904397; 16
1670090495.748674; 904422; 16
1670090495.773671; 904447; 16
1670090495.798670; 904472; 16
1670090495.823675; 904497; 16
1670090495.848678; 904522; 16
1670090495.873677; 904547; 16
1670090495.898669; 904572; 16
1670090495.923670; 904597; 16
1670090495.948670; 904622; 16
1670090495.973678; 904647; 16
1670090495.998671; 904672; 16
1670090496.023675; 904697; 16
1670090496.048671; 904722; 16
1670090496.073681; 904747; 16
1670090496.098677; 904772; 16
1670090496.123676; 904797; 16
1670090496.148669; 904822; 16
1670090496.173674; 904847; 16
1670090496.198671; 904872; 16
1670090496.223669; 904897; 16
1670090496.248670; 904922; 16
1670090496.273674; 904947; 16
1670090496.298671; 904972; 16
1670090496.323669; 904997; 16
1670090496.348670; 905022; 16
1670090496.373678; 905047; 16
1670090496.398671; 905072; 16
1670090496.423675; 905097; 16
1670090496.448675; 905122; 16
1670090496.473679; 905147; 16
1670090496.498676; 905172; 16
1670090496.523675; 905197; 16
1670090496.548675; 905222; 16
1670090496.573680; 905247; 16
1670090496.598676; 905272; 16
1670090496.623669; 905297; 16
1670090496.648670; 905322; 16
1670090496.673673; 905347; 16
1670090496.698672; 905372; 16
1670090496.723679; 905397; 16
1670090496.748670; 905422; 16
1670090496.773670; 905447; 16
1670090496.798683; 905472; 16
1670090496.823676; 905497; 16
1670090496.848669; 905522; 16
1670090496.873675; 905547; 16
1670090496.898680; 905572; 16
1670090496.923676; 905597; 16
1670090496.948675; 905622; 16
1670090496.973675; 905647; 16
1670090496.998680; 905672; 16
1670090497.023676; 905697; 16
1670090497.048671; 905722; 17
1670090497.073676; 905747; 17
1670090497.098675; 905772; 17
1670090497.123672; 905797; 17
1670090497.148675; 905822; 16
1670090497.173675; 905847; 16
1670090497.198678; 905872; 16
1670090497.223671; 905897; 16
1670090497.248675; 905922; 16
1670090497.273675; 905947; 16
1670090497.298680; 905972; 16
1670090497.323671; 905997; 16
1670090497.348670; 906022; 16
1670090497.373675; 906047; 16
1670090497.398680; 906072; 16
1670090497.423676; 906097; 16
1670090497.448675; 906122; 16
1670090497.473675; 906147; 16
1670090497.498675; 906172; 16
1670090497.523680; 906197; 16
1670090497.548676; 906222; 16
1670090497.573675; 906247; 17
1670090497.598669; 906272; 17
1670090497.623678; 906297; 17
1670090497.648688; 906322; 17
1670090497.673670; 906347; 16
1670090497.698670; 906372; 16
1670090497.723674; 906397; 16
1670090497.748671; 906422; 16
1670090497.773669; 906447; 16
1670090497.798669; 906472; 16
1670090497.823674; 906497; 16
1670090497.848712; 906522; 16
1670090497.873669; 906547; 16
1670090497.898669; 906572; 16
1670090497.923674; 906597; 16
1670090497.948671; 906622; 16
1670090497.973669; 906647; 16
1670090497.998670; 906672; 16
1670090498.023678; 906697; 16
1670090498.048677; 906722; 16
1670090498.073676; 906747; 17
1670090498.098676; 906772; 17
1670090498.123681; 906797; 17
1670090498.148671; 906822; 17
1670090498.173670; 906847; 17
1670090498.198669; 906872; 17
1670090498.223674; 906897; 17
1670090498.248671; 906922; 17
1670090498.273675; 906947; 17
1670090498.298669; 906972; 17
1670090498.323669; 906997; 17
1670090498.348674; 907022; 17
1670090498.373671; 907047; 17
1670090498.398669; 907072; 17
1670090498.423669; 907097; 17
1670090498.448683; 907122; 17
1670090498.473676; 907147; 17
1670090498.498675; 907172; 17
1670090498.523675; 907197; 17
1670090498.548680; 907222; 17
1670090498.573676; 907247; 17
1670090498.598675; 907272; 17
1670090498.623675; 907297; 17
1670090498.648680; 907322; 17
1670090498.673671; 907347; 17
1670090498.698670; 907372; 17
1670090498.723669; 907397; 17
1670090498.748674; 907422; 17
1670090498.773671; 907447; 17
1670090498.798669; 907472; 17
1670090498.823670; 907497; 17
1670090498.848678; 907522; 17
1670090498.873677; 907547; 17
1670090498.898675; 907572; 17
1670090498.923675; 907597; 17
1670090498.948680; 907622; 17
1670090498.973676; 907647; 17
1670090498.998675; 907672; 17
1670090499.023675; 907697; 17
1670090499.048680; 907722; 17
1670090499.073678; 907747; 17
1670090499.098676; 907772; 17
1670090499.123676; 907797; 17
1670090499.148675; 907822; 17
1670090499.173674; 907847; 17
1670090499.198671; 907872; 17
1670090499.223669; 907897; 17
1670090499.248669; 907922; 17
1670090499.273678; 907947; 17
1670090499.298676; 907972; 16
1670090499.323675; 907997; 16
1670090499.348675; 908022; 16
1670090499.373674; 908047; 16
1670090499.398671; 908072; 16
1670090499.423670; 908097; 16
1670090499.448670; 908122; 16
1670090499.473674; 908147; 16
1670090499.498676; 908172; 17
1670090499.523675; 908197; 17
1670090499.548670; 908222; 17
1670090499.573674; 908247; 17
1670090499.598671; 908272; 16
1670090499.623670; 908297; 16
1670090499.648670; 908322; 16
1670090499.673683; 908347; 16
1670090499.698676; 908372; 16
1670090499.723675; 908397; 16
1670090499.748675; 908422; 16
1670090499.773680; 908447; 16
1670090499.798676; 908472; 16
1670090499.823675; 908497; 16
1670090499.848675; 908522; 16
1670090499.873673; 908547; 16
1670090499.898673; 908572; 16
1670090499.923675; 908597; 17
1670090499.948675; 908622; 17
1670090499.973675; 908647; 17
1670090499.998674; 908672; 17
1670090500.023671; 908697; 17
1670090500.048676; 908722; 17
1670090500.073676; 908747; 17
1670090500.098684; 908772; 17
1670090500.123677; 908797; 16
1670090500.148670; 908822; 16
1670090500.173669; 908847; 16
1670090500.198674; 908872; 16
1670090500.223671; 908897; 16
1670090500.248670; 908922; 16
1670090500.273670; 908947; 16
1670090500.298674; 908972; 16
1670090500.323671; 908997; 16
1670090500.348670; 909022; 16
1670090500.373675; 909047; 16
1670090500.398680; 909072; 16
1670090500.423676; 909097; 17
1670090500.448675; 909122; 17
1670090500.473675; 909147; 17
1670090500.498683; 909172; 17
1670090500.523676; 909197; 17
1670090500.548675; 909222; 17
1670090500.573675; 909247; 17
1670090500.598680; 909272; 17
1670090500.623676; 909297; 17
1670090500.648675; 909322; 17
1670090500.673675; 909347; 17
1670090500.698675; 909372; 17
1670090500.723680; 909397; 17
1670090500.748676; 909422; 17
1670090500.773675; 909447; 17
1670090500.798675; 909472; 17
1670090500.823680; 909497; 18
1670090500.848676; 909522; 18
1670090500.873669; 909547; 18
1670090500.898669; 909572; 18
1670090500.923678; 909597; 18
1670090500.948671; 909622; 18
1670090500.973669; 909647; 18
1670090500.998669; 909672; 18
1670090501.023674; 909697; 18
1670090501.048677; 909722; 18
1670090501.073676; 909747; 18
1670090501.098676; 909772; 18
1670090501.123681; 909797; 18
1670090501.148676; 909822; 18
1670090501.173675; 909847; 18
1670090501.198675; 909872; 18
1670090501.223680; 909897; 18
1670090501.248676; 909922; 18
1670090501.273675; 909947; 18
1670090501.298675; 909972; 18
1670090501.323678; 909997; 18
1670090501.348676; 910022; 18
1670090501.373675; 910047; 18
1670090501.398675; 910072; 18
1670090501.423680; 910097; 18
1670090501.448676; 910122; 18
1670090501.473675; 910147; 18
1670090501.498675; 910172; 18
1670090501.523675; 910197; 18
1670090501.548674; 910222; 18
1670090501.573671; 910247; 18
1670090501.598669; 910272; 18
1670090501.623675; 910297; 18
1670090501.648674; 910322; 18
1670090501.673676; 910347; 18
1670090501.698669; 910372; 18
1670090501.723669; 910397; 18
1670090501.748678; 910422; 18
1670090501.773671; 910447; 18
1670090501.798670; 910472; 18
1670090501.823670; 910497; 18
1670090501.848675; 910522; 18
1670090501.873676; 910547; 18
1670090501.898675; 910572; 18
1670090501.923675; 910597; 18
1670090501.948679; 910622; 19
1670090501.973676; 910647; 19
1670090501.998675; 910672; 19
1670090502.023675; 910697; 19
1670090502.048675; 910722; 19
1670090502.073672; 910747; 19
1670090502.098671; 910772; 19
1670090502.123671; 910797; 19
1670090502.148678; 910822; 18
1670090502.173676; 910847; 18
1670090502.198675; 910872; 18
1670090502.223669; 910897; 18
1670090502.248678; 910922; 18
1670090502.273677; 910947; 19
1670090502.298669; 910972; 19
1670090502.323670; 910997; 19
1670090502.348669; 911022; 19
1670090502.373674; 911047; 18
1670090502.398671; 911072; 18
1670090502.423669; 911097; 18
1670090502.448670; 911122; 18
1670090502.473674; 911147; 18
1670090502.498671; 911172; 18
1670090502.523669; 911197; 18
1670090502.548669; 911222; 18
1670090502.573683; 911247; 18
1670090502.598676; 911272; 18
1670090502.623675; 911297; 18
1670090502.648675; 911322; 18
1670090502.673680; 911347; 18
1670090502.698676; 911372; 18
1670090502.723675; 911397; 18
1670090502.748675; 911422; 18
1670090502.773674; 911447; 19
1670090502.798671; 911472; 19
1670090502.823675; 911497; 19
1670090502.848675; 911522; 19
1670090502.873680; 911547; 19
1670090502.898676; 911572; 19
1670090502.923675; 911597; 19
1670090502.948675; 911622; 19
1670090502.973678; 911647; 19
1670090502.998671; 911672; 19
1670090503.023669; 911697; 19
1670090503.048676; 911722; 19
1670090503.073675; 911747; 18
1670090503.098678; 911772; 18
1670090503.123676; 911797; 18
1670090503.148678; 911822; 18
1670090503.173701; 911847; 19
1670090503.198679; 911872; 19
1670090503.223676; 911897; 19
1670090503.248675; 911922; 19
1670090503.273675; 911947; 19
1670090503.298680; 911972; 19
1670090503.323676; 911997; 19
1670090503.348670; 912022; 19
1670090503.373675; 912047; 19
1670090503.398683; 912072; 19
1670090503.423676; 912097; 19
1670090503.448675; 912122; 19
1670090503.473675; 912147; 19
1670090503.498680; 912172; 19
1670090503.523676; 912197; 19
1670090503.548675; 912222; 19
1670090503.573675; 912247; 19
1670090503.598674; 912272; 19
1670090503.623671; 912297; 19
1670090503.648669; 912322; 19
1670090503.673669; 912347; 19
1670090503.698674; 912372; 20
1670090503.723671; 912397; 20
1670090503.748670; 912422; 20
1670090503.773670; 912447; 20
1670090503.798683; 912472; 20
1670090503.823676; 912497; 20
1670090503.848675; 912522; 20
1670090503.873669; 912547; 20
1670090503.898670; 912572; 20
1670090503.923674; 912597; 20
1670090503.948671; 912622; 20
1670090503.973669; 912647; 20
1670090503.998669; 912672; 20
1670090504.023674; 912697; 20
1670090504.048677; 912722; 20
1670090504.073676; 912747; 20
1670090504.098676; 912772; 20
1670090504.123681; 912797; 20
1670090504.148671; 912822; 20
1670090504.173669; 912847; 20
1670090504.198670; 912872; 19
1670090504.223683; 912897; 19
1670090504.248676; 912922; 19
1670090504.273675; 912947; 19
1670090504.298675; 912972; 18
1670090504.323680; 912997; 18
1670090504.348676; 913022; 18
1670090504.373675; 913047; 18
1670090504.398675; 913072; 18
1670090504.423680; 913097; 18
1670090504.448676; 913122; 18
1670090504.473675; 913147; 18
1670090504.498675; 913172; 18
1670090504.523680; 913197; 18
1670090504.548676; 913222; 18
1670090504.573675; 913247; 18
1670090504.598675; 913272; 18
1670090504.623683; 913297; 18
1670090504.648676; 913322; 18
1670090504.673675; 913347; 18
1670090504.698675; 913372; 18
1670090504.723675; 913397; 18
1670090504.748680; 913422; 18
1670090504.773676; 913447; 18
1670090504.798675; 913472; 18
1670090504.823669; 913497; 19
1670090504.848674; 913522; 19
1670090504.873671; 913547; 19
1670090504.898669; 913572; 19
1670090504.923669; 913597; 19
1670090504.948674; 913622; 19
1670090504.973671; 913647; 19
1670090504.998670; 913672; 19
1670090505.023670; 913697; 18
1670090505.048679; 913722; 18
1670090505.073672; 913747; 18
1670090505.098671; 913772; 18
1670090505.123676; 913797; 19
1670090505.148680; 913822; 19
1670090505.173676; 913847; 19
1670090505.198675; 913872; 19
1670090505.223675; 913897; 19
1670090505.248680; 913922; 19
1670090505.273676; 913947; 19
1670090505.298675; 913972; 19
1670090505.323675; 913997; 19
