1670089959.512897; 368186; 17
1670089959.537672; 368211; 17
1670089959.562675; 368236; 17
1670089959.587675; 368261; 17
1670089959.612675; 368286; 17
1670089959.637684; 368311; 17
1670089959.662676; 368336; 17
1670089959.687675; 368361; 17
1670089959.712675; 368386; 17
1670089959.737680; 368411; 17
1670089959.762676; 368436; 17
1670089959.787675; 368461; 17
1670089959.812675; 368486; 17
1670089959.837680; 368511; 17
1670089959.862676; 368536; 17
1670089959.887670; 368561; 17
1670089959.912669; 368586; 17
1670089959.937674; 368611; 17
1670089959.962671; 368636; 17
1670089959.987670; 368661; 17
1670089960.012669; 368686; 17
1670089960.169324; 368842; 17
1670089960.193671; 368867; 17
1670089960.218669; 368892; 17
1670089960.243670; 368917; 17
1670089960.268674; 368942; 17
1670089960.293671; 368967; 17
1670089960.318669; 368992; 17
1670089960.343670; 369017; 17
1670089960.368680; 369042; 17
1670089960.393676; 369067; 17
1670089960.418675; 369092; 17
1670089960.443670; 369117; 17
1670089960.468669; 369142; 17
1670089960.493674; 369167; 17
1670089960.518671; 369192; 17
1670089960.543676; 369217; 17
1670089960.568675; 369242; 17
1670089960.593683; 369267; 17
1670089960.618676; 369292; 17
1670089960.643664; 369317; 17
1670089960.668669; 369342; 17
1670089960.693674; 369367; 17
1670089960.718671; 369392; 17
1670089960.743669; 369417; 17
1670089960.768670; 369442; 17
1670089960.793674; 369467; 17
1670089960.818676; 369492; 17
1670089960.843675; 369517; 17
1670089960.868676; 369542; 17
1670089960.893674; 369567; 17
1670089960.918671; 369592; 17
1670089960.943670; 369617; 17
1670089960.968669; 369642; 17
1670089960.993683; 369667; 17
1670089961.018676; 369692; 17
1670089961.043676; 369717; 17
1670089961.068676; 369742; 17
1670089961.093675; 369767; 17
1670089961.118677; 369792; 17
1670089961.143670; 369817; 17
1670089961.168669; 369842; 17
1670089961.193674; 369867; 17
1670089961.218671; 369892; 17
1670089961.243670; 369917; 17
1670089961.268670; 369942; 17
1670089961.293670; 369967; 17
1670089961.318674; 369992; 17
1670089961.343671; 370017; 17
1670089961.368671; 370042; 17
1670089961.393670; 370067; 17
1670089961.418683; 370092; 17
1670089961.443676; 370117; 16
1670089961.468669; 370142; 16
1670089961.493669; 370167; 16
1670089961.518674; 370192; 16
1670089961.543671; 370217; 16
1670089961.568670; 370242; 17
1670089961.593669; 370267; 17
1670089961.618675; 370292; 17
1670089961.643671; 370317; 17
1670089961.668674; 370342; 17
1670089961.693675; 370367; 17
1670089961.718679; 370392; 17
1670089961.743676; 370417; 17
1670089961.768675; 370442; 17
1670089961.793670; 370467; 17
1670089961.818683; 370492; 17
1670089961.843676; 370517; 17
1670089961.868675; 370542; 17
1670089961.893675; 370567; 17
1670089961.918680; 370592; 17
1670089961.943676; 370617; 17
1670089961.968675; 370642; 17
1670089961.993675; 370667; 17
1670089962.018678; 370692; 17
1670089962.043673; 370717; 17
1670089962.068671; 370742; 17
1670089962.093676; 370767; 17
1670089962.118676; 370792; 17
1670089962.143674; 370817; 17
1670089962.168671; 370842; 17
1670089962.193670; 370867; 17
1670089962.218669; 370892; 17
1670089962.243683; 370917; 17
1670089962.268676; 370942; 17
1670089962.293675; 370967; 17
1670089962.318675; 370992; 17
1670089962.343679; 371017; 17
1670089962.368679; 371042; 16
1670089962.393670; 371067; 16
1670089962.418670; 371092; 16
1670089962.443674; 371117; 16
1670089962.468671; 371142; 17
1670089962.493675; 371167; 17
1670089962.518675; 371192; 17
1670089962.543680; 371217; 17
1670089962.568676; 371242; 17
1670089962.593675; 371267; 17
1670089962.618675; 371292; 17
1670089962.643683; 371317; 17
1670089962.668676; 371342; 17
1670089962.693669; 371367; 17
1670089962.718670; 371392; 17
1670089962.743674; 371417; 17
1670089962.768671; 371442; 17
1670089962.793669; 371467; 17
1670089962.818669; 371492; 17
1670089962.843673; 371517; 17
1670089962.868675; 371542; 17
1670089962.893675; 371567; 17
1670089962.918675; 371592; 17
1670089962.943675; 371617; 17
1670089962.968674; 371642; 17
1670089962.993671; 371667; 17
1670089963.018669; 371692; 17
1670089963.043676; 371717; 17
1670089963.068684; 371742; 17
1670089963.093677; 371767; 17
1670089963.118676; 371792; 17
1670089963.143675; 371817; 17
1670089963.168678; 371842; 17
1670089963.193677; 371867; 17
1670089963.218669; 371892; 17
1670089963.243669; 371917; 17
1670089963.268674; 371942; 17
1670089963.293671; 371967; 16
1670089963.318669; 371992; 16
1670089963.343669; 372017; 16
1670089963.368679; 372042; 16
1670089963.393676; 372067; 17
1670089963.418675; 372092; 17
1670089963.443675; 372117; 17
1670089963.468678; 372142; 17
1670089963.493671; 372167; 17
1670089963.518669; 372192; 17
1670089963.543670; 372217; 17
1670089963.568674; 372242; 17
1670089963.593671; 372267; 17
1670089963.618698; 372292; 17
1670089963.643669; 372317; 17
1670089963.668670; 372342; 17
1670089963.693674; 372367; 17
1670089963.718671; 372392; 17
1670089963.743669; 372417; 17
1670089963.768670; 372442; 17
1670089963.793674; 372467; 17
1670089963.818671; 372492; 17
1670089963.843669; 372517; 17
1670089963.868671; 372542; 17
1670089963.893683; 372567; 17
1670089963.918676; 372592; 17
1670089963.943675; 372617; 17
1670089963.968675; 372642; 17
1670089963.993680; 372667; 17
1670089964.018676; 372692; 17
1670089964.043676; 372717; 17
1670089964.068676; 372742; 17
1670089964.093681; 372767; 17
1670089964.118672; 372792; 17
1670089964.143675; 372817; 17
1670089964.168675; 372842; 17
1670089964.193680; 372867; 17
1670089964.218676; 372892; 17
1670089964.243670; 372917; 17
1670089964.268670; 372942; 17
1670089964.293683; 372967; 17
1670089964.318676; 372992; 17
1670089964.343675; 373017; 17
1670089964.368671; 373042; 17
1670089964.393674; 373067; 17
1670089964.418671; 373092; 17
1670089964.443670; 373117; 17
1670089964.468669; 373142; 17
1670089964.493669; 373167; 17
1670089964.518674; 373192; 17
1670089964.543676; 373217; 17
1670089964.568675; 373242; 17
1670089964.593675; 373267; 17
1670089964.618680; 373292; 17
1670089964.643674; 373317; 17
1670089964.668675; 373342; 17
1670089964.693675; 373367; 17
1670089964.718683; 373392; 17
1670089964.743671; 373417; 17
1670089964.768670; 373442; 17
1670089964.793669; 373467; 17
1670089964.818674; 373492; 17
1670089964.843671; 373517; 17
1670089964.868673; 373542; 17
1670089964.893675; 373567; 17
1670089964.918680; 373592; 17
1670089964.943676; 373617; 17
1670089964.968670; 373642; 17
1670089964.993670; 373667; 17
1670089965.018680; 373692; 17
1670089965.043672; 373717; 17
1670089965.068671; 373742; 17
1670089965.093671; 373767; 17
1670089965.118679; 373792; 17
1670089965.143676; 373817; 17
1670089965.168669; 373842; 17
1670089965.193670; 373867; 17
1670089965.218678; 373892; 17
1670089965.243677; 373917; 17
1670089965.268669; 373942; 17
1670089965.293669; 373967; 17
1670089965.318669; 373992; 17
1670089965.343674; 374017; 17
1670089965.368679; 374042; 17
1670089965.393669; 374067; 17
1670089965.418670; 374092; 17
1670089965.443674; 374117; 17
1670089965.468671; 374142; 17
1670089965.493669; 374167; 17
1670089965.518670; 374192; 17
1670089965.543683; 374217; 17
1670089965.568676; 374242; 17
1670089965.593675; 374267; 17
1670089965.618675; 374292; 17
1670089965.643680; 374317; 17
1670089965.668676; 374342; 17
1670089965.693675; 374367; 17
1670089965.718675; 374392; 17
1670089965.743680; 374417; 17
1670089965.768676; 374442; 17
1670089965.793675; 374467; 17
1670089965.818670; 374492; 17
1670089965.843674; 374517; 17
1670089965.868679; 374542; 17
1670089965.893669; 374567; 17
1670089965.918670; 374592; 17
1670089965.943678; 374617; 17
1670089965.968671; 374642; 17
1670089965.993670; 374667; 17
1670089966.018669; 374692; 17
1670089966.043680; 374717; 17
1670089966.068678; 374742; 17
1670089966.093676; 374767; 17
1670089966.118676; 374792; 17
1670089966.143675; 374817; 17
1670089966.168674; 374842; 17
1670089966.193676; 374867; 17
1670089966.218675; 374892; 17
1670089966.243675; 374917; 17
1670089966.268680; 374942; 17
1670089966.293676; 374967; 17
1670089966.318675; 374992; 17
1670089966.343675; 375017; 17
1670089966.368681; 375042; 17
1670089966.393671; 375067; 17
1670089966.418669; 375092; 17
1670089966.443669; 375117; 17
1670089966.468674; 375142; 17
1670089966.493671; 375167; 17
1670089966.518670; 375192; 17
1670089966.543670; 375217; 17
1670089966.568674; 375242; 17
1670089966.593671; 375267; 17
1670089966.618670; 375292; 17
1670089966.643670; 375317; 17
1670089966.668674; 375342; 17
1670089966.693671; 375367; 17
1670089966.718669; 375392; 17
1670089966.743669; 375417; 17
1670089966.768678; 375442; 17
1670089966.793676; 375467; 17
1670089966.818675; 375492; 17
1670089966.843675; 375517; 17
1670089966.868671; 375542; 17
1670089966.893674; 375567; 17
1670089966.918671; 375592; 17
1670089966.943670; 375617; 17
1670089966.968669; 375642; 17
1670089966.993677; 375667; 17
1670089967.018671; 375692; 17
1670089967.043676; 375717; 17
1670089967.068671; 375742; 17
1670089967.093675; 375767; 17
1670089967.118672; 375792; 17
1670089967.143669; 375817; 17
1670089967.168669; 375842; 17
1670089967.193683; 375867; 17
1670089967.218671; 375892; 17
1670089967.243670; 375917; 17
1670089967.268670; 375942; 17
1670089967.293674; 375967; 17
1670089967.318676; 375992; 17
1670089967.343669; 376017; 17
1670089967.368672; 376042; 17
1670089967.393680; 376067; 17
1670089967.418676; 376092; 17
1670089967.443675; 376117; 17
1670089967.468675; 376142; 17
1670089967.493680; 376167; 17
1670089967.518676; 376192; 17
1670089967.543675; 376217; 17
1670089967.568669; 376242; 17
1670089967.593683; 376267; 17
1670089967.618676; 376292; 17
1670089967.643675; 376317; 17
1670089967.668675; 376342; 17
1670089967.693675; 376367; 17
1670089967.718680; 376392; 17
1670089967.743676; 376417; 17
1670089967.768675; 376442; 17
1670089967.793675; 376467; 17
1670089967.818680; 376492; 17
1670089967.843676; 376517; 17
1670089967.868670; 376542; 17
1670089967.893670; 376567; 17
1670089967.918674; 376592; 17
1670089967.943671; 376617; 17
1670089967.968669; 376642; 17
1670089967.993669; 376667; 17
1670089968.018678; 376692; 17
1670089968.043672; 376717; 17
1670089968.068673; 376742; 17
1670089968.093671; 376767; 17
1670089968.118681; 376792; 17
1670089968.143671; 376817; 17
1670089968.168669; 376842; 17
1670089968.193670; 376867; 17
1670089968.218674; 376892; 17
1670089968.243676; 376917; 17
1670089968.268675; 376942; 17
1670089968.293675; 376967; 17
1670089968.318680; 376992; 17
1670089968.343671; 377017; 17
1670089968.368676; 377042; 17
1670089968.393675; 377067; 17
1670089968.418677; 377092; 17
1670089968.443672; 377117; 17
1670089968.468675; 377142; 17
1670089968.493675; 377167; 17
1670089968.518675; 377192; 17
1670089968.543680; 377217; 17
1670089968.568676; 377242; 17
1670089968.593669; 377267; 17
1670089968.618670; 377292; 17
1670089968.643680; 377317; 17
1670089968.668676; 377342; 17
1670089968.693675; 377367; 17
1670089968.718675; 377392; 17
1670089968.743680; 377417; 17
1670089968.768676; 377442; 17
1670089968.793675; 377467; 17
1670089968.818675; 377492; 17
1670089968.843678; 377517; 17
1670089968.868678; 377542; 17
1670089968.893669; 377567; 17
1670089968.918669; 377592; 17
1670089968.943674; 377617; 17
1670089968.968671; 377642; 17
1670089968.993670; 377667; 17
1670089969.018670; 377692; 17
1670089969.043681; 377717; 17
1670089969.068677; 377742; 17
1670089969.093715; 377767; 17
1670089969.118676; 377792; 17
1670089969.143674; 377817; 17
1670089969.168671; 377842; 17
1670089969.193670; 377867; 17
1670089969.218669; 377892; 17
1670089969.243677; 377917; 17
1670089969.268677; 377942; 17
1670089969.293669; 377967; 17
1670089969.318670; 377992; 17
1670089969.343669; 378017; 17
1670089969.368683; 378042; 17
1670089969.393671; 378067; 17
1670089969.418670; 378092; 17
1670089969.443670; 378117; 17
1670089969.468680; 378142; 17
1670089969.493676; 378167; 17
1670089969.518675; 378192; 17
1670089969.543669; 378217; 17
1670089969.568680; 378242; 17
1670089969.593676; 378267; 17
1670089969.618669; 378292; 17
1670089969.643669; 378317; 17
1670089969.668683; 378342; 17
1670089969.693676; 378367; 17
1670089969.718675; 378392; 17
1670089969.743675; 378417; 17
1670089969.768680; 378442; 17
1670089969.793676; 378467; 17
1670089969.818675; 378492; 17
1670089969.843675; 378517; 17
1670089969.868679; 378542; 17
1670089969.893676; 378567; 17
1670089969.918669; 378592; 17
1670089969.943670; 378617; 17
1670089969.968674; 378642; 17
1670089969.993671; 378667; 17
1670089970.018670; 378692; 17
1670089970.043676; 378717; 17
1670089970.068676; 378742; 17
1670089970.093684; 378767; 17
1670089970.118677; 378792; 17
1670089970.143670; 378817; 17
1670089970.168671; 378842; 17
1670089970.193674; 378867; 17
1670089970.218671; 378892; 17
1670089970.243669; 378917; 17
1670089970.268669; 378942; 17
1670089970.293674; 378967; 17
1670089970.318671; 378992; 17
1670089970.343669; 379017; 18
1670089970.368674; 379042; 18
1670089970.393680; 379067; 18
1670089970.418676; 379092; 18
1670089970.443675; 379117; 18
1670089970.468675; 379142; 18
1670089970.493683; 379167; 18
1670089970.518671; 379192; 18
1670089970.543670; 379217; 17
1670089970.568670; 379242; 17
1670089970.593674; 379267; 17
1670089970.618671; 379292; 17
1670089970.643670; 379317; 17
1670089970.668670; 379342; 17
1670089970.693674; 379367; 17
1670089970.718671; 379392; 17
1670089970.743669; 379417; 18
1670089970.768669; 379442; 18
1670089970.793674; 379467; 18
1670089970.818671; 379492; 18
1670089970.843669; 379517; 18
1670089970.868675; 379542; 18
1670089970.893675; 379567; 18
1670089970.918678; 379592; 18
1670089970.943671; 379617; 18
1670089970.968670; 379642; 18
1670089970.993670; 379667; 18
1670089971.018674; 379692; 18
1670089971.043677; 379717; 18
1670089971.068676; 379742; 18
1670089971.093676; 379767; 18
1670089971.118681; 379792; 18
1670089971.143676; 379817; 18
1670089971.168669; 379842; 18
1670089971.193669; 379867; 18
1670089971.218674; 379892; 18
1670089971.243671; 379917; 18
1670089971.268670; 379942; 18
1670089971.293690; 379967; 18
1670089971.318678; 379992; 18
1670089971.343671; 380017; 18
1670089971.368674; 380042; 18
1670089971.393675; 380067; 18
1670089971.418680; 380092; 18
1670089971.443676; 380117; 18
1670089971.468670; 380142; 18
1670089971.493669; 380167; 18
1670089971.518680; 380192; 18
1670089971.543676; 380217; 18
1670089971.568675; 380242; 18
1670089971.593675; 380267; 18
1670089971.618678; 380292; 18
1670089971.643677; 380317; 18
1670089971.668670; 380342; 17
1670089971.693670; 380367; 17
1670089971.718669; 380392; 17
1670089971.743678; 380417; 17
1670089971.768671; 380442; 18
1670089971.793669; 380467; 18
1670089971.818675; 380492; 18
1670089971.843680; 380517; 18
1670089971.868675; 380542; 18
1670089971.893675; 380567; 18
1670089971.918675; 380592; 18
1670089971.943680; 380617; 18
1670089971.968676; 380642; 17
1670089971.993675; 380667; 17
1670089972.018675; 380692; 17
1670089972.043681; 380717; 17
1670089972.068677; 380742; 17
1670089972.093677; 380767; 17
1670089972.118671; 380792; 17
1670089972.143683; 380817; 17
1670089972.168676; 380842; 17
1670089972.193675; 380867; 17
1670089972.218675; 380892; 17
1670089972.243679; 380917; 17
1670089972.268677; 380942; 17
1670089972.293669; 380967; 18
1670089972.318670; 380992; 18
1670089972.343674; 381017; 18
1670089972.368675; 381042; 18
1670089972.393675; 381067; 18
1670089972.418675; 381092; 18
1670089972.443673; 381117; 18
1670089972.468672; 381142; 18
1670089972.493675; 381167; 17
1670089972.518675; 381192; 17
1670089972.543675; 381217; 17
1670089972.568678; 381242; 17
1670089972.593671; 381267; 17
1670089972.618670; 381292; 17
1670089972.643669; 381317; 17
1670089972.668674; 381342; 17
1670089972.693671; 381367; 18
1670089972.718669; 381392; 18
1670089972.743675; 381417; 18
1670089972.768680; 381442; 18
1670089972.793676; 381467; 18
1670089972.818675; 381492; 18
1670089972.843675; 381517; 18
1670089972.868675; 381542; 18
1670089972.893671; 381567; 18
1670089972.918670; 381592; 18
1670089972.943669; 381617; 18
1670089972.968678; 381642; 18
1670089972.993671; 381667; 17
1670089973.018669; 381692; 17
1670089973.043671; 381717; 17
1670089973.068681; 381742; 17
1670089973.093677; 381767; 18
1670089973.118676; 381792; 18
1670089973.143675; 381817; 18
1670089973.168674; 381842; 18
1670089973.193671; 381867; 18
1670089973.218669; 381892; 18
1670089973.243669; 381917; 18
1670089973.268669; 381942; 18
1670089973.293674; 381967; 18
1670089973.318671; 381992; 18
1670089973.343669; 382017; 18
1670089973.368675; 382042; 18
1670089973.393678; 382067; 18
1670089973.418671; 382092; 18
1670089973.443669; 382117; 18
1670089973.468669; 382142; 18
1670089973.493674; 382167; 18
1670089973.518671; 382192; 18
1670089973.543670; 382217; 18
1670089973.568675; 382242; 18
1670089973.593679; 382267; 18
1670089973.618676; 382292; 18
1670089973.643675; 382317; 18
1670089973.668675; 382342; 18
1670089973.693680; 382367; 18
1670089973.718676; 382392; 18
1670089973.743675; 382417; 18
1670089973.768670; 382442; 18
1670089973.793678; 382467; 18
1670089973.818671; 382492; 18
1670089973.843669; 382517; 18
1670089973.868674; 382542; 18
1670089973.893680; 382567; 18
1670089973.918676; 382592; 18
1670089973.943675; 382617; 18
1670089973.968675; 382642; 18
1670089973.993680; 382667; 18
1670089974.018676; 382692; 19
1670089974.043676; 382717; 19
1670089974.068671; 382742; 19
1670089974.093676; 382767; 19
1670089974.118681; 382792; 20
1670089974.143671; 382817; 20
1670089974.168669; 382842; 20
1670089974.193669; 382867; 20
1670089974.218678; 382892; 20
1670089974.243671; 382917; 20
1670089974.268669; 382942; 20
1670089974.293670; 382967; 20
1670089974.318674; 382992; 20
1670089974.343671; 383017; 19
1670089974.368676; 383042; 19
1670089974.393675; 383067; 19
1670089974.418680; 383092; 19
1670089974.443676; 383117; 19
1670089974.468675; 383142; 19
1670089974.493675; 383167; 19
1670089974.518680; 383192; 19
1670089974.543676; 383217; 19
1670089974.568675; 383242; 19
1670089974.593669; 383267; 19
1670089974.618683; 383292; 19
1670089974.643676; 383317; 19
1670089974.668675; 383342; 19
1670089974.693675; 383367; 19
1670089974.718680; 383392; 19
1670089974.743676; 383417; 19
1670089974.768675; 383442; 19
1670089974.793675; 383467; 19
1670089974.818678; 383492; 19
1670089974.843677; 383517; 19
1670089974.868674; 383542; 19
1670089974.893675; 383567; 19
1670089974.918675; 383592; 19
1670089974.943674; 383617; 19
1670089974.968671; 383642; 19
1670089974.993669; 383667; 19
1670089975.018669; 383692; 19
1670089975.043684; 383717; 19
1670089975.068677; 383742; 19
1670089975.093676; 383767; 19
1670089975.118676; 383792; 19
1670089975.143680; 383817; 19
1670089975.168676; 383842; 19
1670089975.193675; 383867; 19
1670089975.218675; 383892; 19
1670089975.243679; 383917; 19
1670089975.268676; 383942; 19
1670089975.293675; 383967; 19
1670089975.318675; 383992; 19
1670089975.343674; 384017; 19
1670089975.368673; 384042; 19
1670089975.393669; 384067; 19
1670089975.418670; 384092; 19
1670089975.443678; 384117; 20
1670089975.468671; 384142; 20
1670089975.493669; 384167; 20
1670089975.518710; 384192; 20
1670089975.543680; 384217; 20
1670089975.568676; 384242; 20
1670089975.593675; 384267; 20
1670089975.618659; 384292; 20
1670089975.643683; 384317; 20
1670089975.668677; 384342; 20
1670089975.693670; 384367; 20
1670089975.718670; 384392; 20
1670089975.743670; 384417; 20
1670089975.768674; 384442; 20
1670089975.793671; 384467; 20
1670089975.818670; 384492; 20
1670089975.843698; 384517; 20
1670089975.868682; 384542; 20
1670089975.893671; 384567; 20
1670089975.918669; 384592; 20
1670089975.943670; 384617; 20
1670089975.968674; 384642; 20
1670089975.993671; 384667; 20
1670089976.018675; 384692; 20
1670089976.043671; 384717; 20
1670089976.068675; 384742; 20
1670089976.093672; 384767; 20
1670089976.118676; 384792; 20
1670089976.143675; 384817; 20
1670089976.168680; 384842; 20
1670089976.193676; 384867; 20
1670089976.218675; 384892; 20
1670089976.243675; 384917; 20
1670089976.268678; 384942; 20
1670089976.293671; 384967; 20
1670089976.318670; 384992; 20
1670089976.343670; 385017; 20
1670089976.368679; 385042; 20
1670089976.393676; 385067; 20
1670089976.418675; 385092; 20
1670089976.443675; 385117; 20
1670089976.468675; 385142; 20
1670089976.493680; 385167; 20
1670089976.518676; 385192; 20
1670089976.543675; 385217; 20
1670089976.568675; 385242; 20
1670089976.593680; 385267; 20
1670089976.618677; 385292; 20
1670089976.643670; 385317; 20
1670089976.668669; 385342; 20
1670089976.693678; 385367; 20
1670089976.718671; 385392; 20
1670089976.743669; 385417; 20
1670089976.768675; 385442; 20
1670089976.793680; 385467; 21
1670089976.818671; 385492; 21
1670089976.843675; 385517; 21
1670089976.868671; 385542; 21
1670089976.893674; 385567; 22
1670089976.918671; 385592; 22
1670089976.943670; 385617; 22
1670089976.968669; 385642; 22
1670089976.993674; 385667; 23
1670089977.018671; 385692; 23
1670089977.043671; 385717; 23
1670089977.068676; 385742; 23
1670089977.093684; 385767; 22
1670089977.118677; 385792; 22
1670089977.143669; 385817; 22
1670089977.168669; 385842; 22
1670089977.193680; 385867; 21
1670089977.218676; 385892; 21
1670089977.243669; 385917; 21
1670089977.268669; 385942; 21
1670089977.293669; 385967; 21
1670089977.318674; 385992; 21
1670089977.343671; 386017; 21
1670089977.368674; 386042; 21
1670089977.393675; 386067; 22
1670089977.418680; 386092; 22
1670089977.443671; 386117; 22
1670089977.468670; 386142; 22
1670089977.493669; 386167; 23
1670089977.518683; 386192; 23
1670089977.543676; 386217; 23
1670089977.568675; 386242; 23
1670089977.593675; 386267; 21
1670089977.618680; 386292; 21
1670089977.643678; 386317; 21
1670089977.668669; 386342; 21
1670089977.693670; 386367; 21
1670089977.718674; 386392; 21
1670089977.743671; 386417; 21
1670089977.768669; 386442; 21
1670089977.793670; 386467; 21
1670089977.818674; 386492; 21
1670089977.843671; 386517; 21
1670089977.868675; 386542; 21
1670089977.893675; 386567; 21
1670089977.918678; 386592; 21
1670089977.943671; 386617; 21
1670089977.968669; 386642; 21
1670089977.993669; 386667; 21
1670089978.018678; 386692; 22
1670089978.043673; 386717; 22
1670089978.068676; 386742; 22
1670089978.093676; 386767; 22
1670089978.118676; 386792; 23
1670089978.143674; 386817; 23
1670089978.168676; 386842; 23
1670089978.193675; 386867; 23
1670089978.218675; 386892; 22
1670089978.243680; 386917; 22
1670089978.268676; 386942; 22
1670089978.293675; 386967; 22
1670089978.318675; 386992; 23
1670089978.343678; 387017; 23
1670089978.368672; 387042; 23
1670089978.393675; 387067; 23
1670089978.418675; 387092; 24
1670089978.443680; 387117; 24
1670089978.468676; 387142; 24
1670089978.493675; 387167; 24
1670089978.518675; 387192; 24
1670089978.543680; 387217; 24
1670089978.568676; 387242; 24
1670089978.593675; 387267; 24
1670089978.618675; 387292; 26
1670089978.643680; 387317; 26
1670089978.668684; 387342; 26
1670089978.693675; 387367; 26
1670089978.718675; 387392; 26
1670089978.743683; 387417; 26
1670089978.768676; 387442; 26
1670089978.793675; 387467; 26
1670089978.818675; 387492; 26
1670089978.843673; 387517; 26
1670089978.868676; 387542; 26
1670089978.893669; 387567; 26
1670089978.918670; 387592; 27
1670089978.943675; 387617; 27
1670089978.968674; 387642; 27
1670089978.993671; 387667; 27
1670089979.018669; 387692; 27
1670089979.043676; 387717; 27
1670089979.068681; 387742; 27
1670089979.093672; 387767; 27
1670089979.118671; 387792; 27
1670089979.143669; 387817; 27
1670089979.168678; 387842; 27
1670089979.193671; 387867; 27
1670089979.218670; 387892; 27
1670089979.243669; 387917; 27
1670089979.268674; 387942; 27
1670089979.293671; 387967; 27
1670089979.318669; 387992; 27
1670089979.343669; 388017; 27
1670089979.368678; 388042; 27
1670089979.393676; 388067; 27
1670089979.418675; 388092; 27
1670089979.443670; 388117; 28
1670089979.468674; 388142; 28
1670089979.493671; 388167; 28
1670089979.518670; 388192; 28
1670089979.543669; 388217; 29
1670089979.568678; 388242; 29
1670089979.593671; 388267; 29
1670089979.618669; 388292; 29
1670089979.643670; 388317; 29
1670089979.668669; 388342; 29
1670089979.693683; 388367; 29
1670089979.718671; 388392; 29
1670089979.743669; 388417; 29
1670089979.768670; 388442; 29
1670089979.793674; 388467; 29
1670089979.818671; 388492; 29
1670089979.843669; 388517; 30
1670089979.868678; 388542; 30
1670089979.893674; 388567; 30
1670089979.918671; 388592; 30
1670089979.943669; 388617; 31
1670089979.968675; 388642; 31
1670089979.993678; 388667; 31
1670089980.018671; 388692; 31
1670089980.043676; 388717; 32
1670089980.068676; 388742; 32
1670089980.093675; 388767; 32
1670089980.118672; 388792; 32
1670089980.143670; 388817; 32
1670089980.168670; 388842; 32
1670089980.193674; 388867; 32
1670089980.218671; 388892; 32
1670089980.243669; 388917; 32
1670089980.268670; 388942; 32
1670089980.293674; 388967; 32
1670089980.318671; 388992; 32
1670089980.343670; 389017; 32
1670089980.368673; 389042; 33
1670089980.393678; 389067; 33
1670089980.418671; 389092; 33
1670089980.443670; 389117; 33
1670089980.468675; 389142; 33
1670089980.493675; 389167; 33
1670089980.518680; 389192; 33
1670089980.543676; 389217; 33
1670089980.568675; 389242; 35
1670089980.593675; 389267; 35
1670089980.618680; 389292; 35
1670089980.643676; 389317; 35
1670089980.668675; 389342; 34
1670089980.693675; 389367; 34
1670089980.718674; 389392; 34
1670089980.743671; 389417; 34
1670089980.768669; 389442; 34
1670089980.793669; 389467; 34
1670089980.818683; 389492; 34
1670089980.843676; 389517; 34
1670089980.868677; 389542; 34
1670089980.893675; 389567; 34
1670089980.918675; 389592; 34
1670089980.943671; 389617; 34
1670089980.968669; 389642; 34
1670089980.993670; 389667; 34
1670089981.018674; 389692; 34
1670089981.043677; 389717; 34
1670089981.068676; 389742; 32
1670089981.093676; 389767; 32
1670089981.118681; 389792; 32
1670089981.143671; 389817; 32
1670089981.168669; 389842; 30
1670089981.193669; 389867; 30
1670089981.218677; 389892; 30
1670089981.243672; 389917; 30
1670089981.268675; 389942; 30
1670089981.293675; 389967; 30
1670089981.318675; 389992; 30
1670089981.343680; 390017; 30
1670089981.368672; 390042; 30
1670089981.393675; 390067; 31
1670089981.418675; 390092; 31
1670089981.443679; 390117; 31
1670089981.468676; 390142; 31
1670089981.493675; 390167; 32
1670089981.518675; 390192; 32
1670089981.543674; 390217; 32
1670089981.568671; 390242; 32
1670089981.593669; 390267; 31
1670089981.618669; 390292; 31
1670089981.643678; 390317; 31
1670089981.668671; 390342; 31
1670089981.693669; 390367; 31
1670089981.718669; 390392; 31
1670089981.743674; 390417; 31
1670089981.768671; 390442; 31
1670089981.793675; 390467; 32
1670089981.818675; 390492; 32
1670089981.843680; 390517; 32
1670089981.868673; 390542; 32
1670089981.893675; 390567; 33
1670089981.918675; 390592; 33
1670089981.943697; 390617; 33
1670089981.968676; 390642; 33
1670089981.993675; 390667; 34
1670089982.018675; 390692; 34
1670089982.043678; 390717; 34
1670089982.068679; 390742; 34
1670089982.093676; 390767; 37
1670089982.118676; 390792; 37
1670089982.143675; 390817; 37
1670089982.168674; 390842; 37
1670089982.193671; 390867; 37
1670089982.218670; 390892; 37
1670089982.243669; 390917; 37
1670089982.268674; 390942; 37
1670089982.293671; 390967; 38
1670089982.318675; 390992; 38
1670089982.343675; 391017; 38
1670089982.368678; 391042; 38
1670089982.393676; 391067; 37
1670089982.418675; 391092; 37
1670089982.443675; 391117; 37
1670089982.468678; 391142; 37
1670089982.493671; 391167; 37
1670089982.518669; 391192; 37
1670089982.543669; 391217; 37
1670089982.568674; 391242; 37
1670089982.593671; 391267; 37
1670089982.618669; 391292; 34
1670089982.643670; 391317; 34
1670089982.668674; 391342; 34
1670089982.693671; 391367; 34
1670089982.718675; 391392; 37
1670089982.743675; 391417; 37
1670089982.768680; 391442; 37
1670089982.793676; 391467; 37
1670089982.818675; 391492; 36
1670089982.843675; 391517; 36
1670089982.868671; 391542; 36
1670089982.893683; 391567; 36
1670089982.918676; 391592; 34
1670089982.943675; 391617; 34
1670089982.968669; 391642; 34
1670089982.993674; 391667; 34
1670089983.018671; 391692; 34
1670089983.043676; 391717; 34
1670089983.068676; 391742; 34
1670089983.093681; 391767; 34
1670089983.118677; 391792; 33
1670089983.143669; 391817; 33
1670089983.168669; 391842; 33
1670089983.193674; 391867; 33
1670089983.218671; 391892; 31
1670089983.243669; 391917; 31
1670089983.268669; 391942; 31
1670089983.293683; 391967; 31
1670089983.318676; 391992; 28
1670089983.343675; 392017; 28
1670089983.368670; 392042; 28
1670089983.393674; 392067; 28
1670089983.418671; 392092; 27
1670089983.443669; 392117; 27
1670089983.468669; 392142; 27
1670089983.493674; 392167; 27
1670089983.518671; 392192; 28
1670089983.543669; 392217; 28
1670089983.568669; 392242; 28
1670089983.593674; 392267; 28
1670089983.618671; 392292; 27
1670089983.643669; 392317; 27
1670089983.668669; 392342; 27
1670089983.693669; 392367; 27
1670089983.718683; 392392; 27
1670089983.743676; 392417; 28
1670089983.768675; 392442; 28
1670089983.793669; 392467; 28
1670089983.818674; 392492; 28
1670089983.843671; 392517; 31
1670089983.868674; 392542; 31
1670089983.893669; 392567; 31
1670089983.918674; 392592; 31
1670089983.943671; 392617; 33
1670089983.968670; 392642; 33
1670089983.993678; 392667; 33
1670089984.018674; 392692; 33
1670089984.043677; 392717; 35
1670089984.068676; 392742; 35
1670089984.093676; 392767; 35
1670089984.118684; 392792; 35
1670089984.143671; 392817; 38
1670089984.168669; 392842; 38
1670089984.193670; 392867; 38
1670089984.218680; 392892; 38
1670089984.243676; 392917; 36
1670089984.268675; 392942; 36
1670089984.293675; 392967; 36
1670089984.318680; 392992; 36
1670089984.343676; 393017; 36
1670089984.368672; 393042; 36
1670089984.393669; 393067; 36
1670089984.418673; 393092; 36
1670089984.443672; 393117; 37
1670089984.468675; 393142; 37
1670089984.493675; 393167; 37
1670089984.518675; 393192; 37
1670089984.543678; 393217; 35
1670089984.568676; 393242; 35
1670089984.593674; 393267; 35
1670089984.618674; 393292; 35
1670089984.643679; 393317; 34
1670089984.668675; 393342; 34
1670089984.693674; 393367; 34
1670089984.718674; 393392; 34
1670089984.743679; 393417; 34
1670089984.768676; 393442; 34
1670089984.793674; 393467; 34
1670089984.818669; 393492; 34
1670089984.843674; 393517; 34
1670089984.868677; 393542; 34
1670089984.893669; 393567; 34
1670089984.918669; 393592; 34
1670089984.943683; 393617; 34
1670089984.968676; 393642; 35
1670089984.993675; 393667; 35
1670089985.018675; 393692; 35
1670089985.043675; 393717; 35
1670089985.068677; 393742; 39
1670089985.093676; 393767; 39
1670089985.118676; 393792; 39
1670089985.143674; 393817; 39
1670089985.168671; 393842; 42
1670089985.193669; 393867; 42
1670089985.218669; 393892; 42
1670089985.243678; 393917; 42
1670089985.268677; 393942; 42
1670089985.293669; 393967; 42
1670089985.318670; 393992; 42
1670089985.343669; 394017; 42
1670089985.368684; 394042; 43
1670089985.393671; 394067; 43
1670089985.418670; 394092; 43
1670089985.443675; 394117; 43
1670089985.468680; 394142; 38
1670089985.493671; 394167; 38
1670089985.518670; 394192; 38
1670089985.543670; 394217; 38
1670089985.568674; 394242; 38
1670089985.593671; 394267; 38
1670089985.618669; 394292; 38
1670089985.643675; 394317; 38
1670089985.668680; 394342; 38
1670089985.693676; 394367; 38
1670089985.718675; 394392; 38
1670089985.743675; 394417; 38
1670089985.768678; 394442; 38
1670089985.793671; 394467; 38
1670089985.818670; 394492; 38
1670089985.843669; 394517; 38
1670089985.868681; 394542; 44
1670089985.893671; 394567; 44
1670089985.918670; 394592; 44
1670089985.943669; 394617; 44
1670089985.968674; 394642; 44
1670089985.993671; 394667; 46
1670089986.018669; 394692; 46
1670089986.043676; 394717; 46
1670089986.068676; 394742; 46
1670089986.093681; 394767; 44
1670089986.118672; 394792; 44
1670089986.143669; 394817; 44
1670089986.168669; 394842; 44
1670089986.193678; 394867; 42
1670089986.218676; 394892; 42
1670089986.243675; 394917; 42
1670089986.268669; 394942; 42
1670089986.293674; 394967; 36
1670089986.318671; 394992; 36
1670089986.343669; 395017; 36
1670089986.368674; 395042; 36
1670089986.393680; 395067; 37
1670089986.418676; 395092; 37
1670089986.443675; 395117; 37
1670089986.468669; 395142; 37
1670089986.493674; 395167; 36
1670089986.518671; 395192; 36
1670089986.543670; 395217; 36
1670089986.568669; 395242; 36
1670089986.593683; 395267; 38
1670089986.618676; 395292; 38
1670089986.643675; 395317; 38
1670089986.668675; 395342; 38
1670089986.693679; 395367; 52
1670089986.718671; 395392; 52
1670089986.743669; 395417; 52
1670089986.768669; 395442; 52
1670089986.793674; 395467; 53
1670089986.818671; 395492; 53
1670089986.843670; 395517; 53
1670089986.868670; 395542; 53
1670089986.893669; 395567; 52
1670089986.918674; 395592; 52
1670089986.943671; 395617; 52
1670089986.968669; 395642; 52
1670089986.993670; 395667; 38
1670089987.018678; 395692; 38
1670089987.043677; 395717; 38
1670089987.068698; 395742; 38
1670089987.093676; 395767; 31
1670089987.118681; 395792; 31
1670089987.143671; 395817; 31
1670089987.168669; 395842; 31
1670089987.193669; 395867; 31
1670089987.218674; 395892; 31
1670089987.243671; 395917; 31
1670089987.268694; 395942; 31
1670089987.293669; 395967; 31
1670089987.318674; 395992; 32
1670089987.343671; 396017; 32
1670089987.368675; 396042; 32
1670089987.393675; 396067; 32
1670089987.418678; 396092; 32
1670089987.443671; 396117; 32
1670089987.468670; 396142; 32
1670089987.493675; 396167; 32
1670089987.518680; 396192; 31
1670089987.543671; 396217; 31
1670089987.568669; 396242; 31
1670089987.593669; 396267; 31
1670089987.618673; 396292; 32
1670089987.643672; 396317; 32
1670089987.668675; 396342; 32
1670089987.693670; 396367; 32
1670089987.718669; 396392; 34
1670089987.743674; 396417; 34
1670089987.768671; 396442; 34
1670089987.793670; 396467; 34
1670089987.818669; 396492; 34
1670089987.843683; 396517; 34
1670089987.868676; 396542; 34
1670089987.893669; 396567; 34
1670089987.918669; 396592; 32
1670089987.943680; 396617; 32
1670089987.968676; 396642; 32
1670089987.993675; 396667; 32
1670089988.018675; 396692; 33
1670089988.043681; 396717; 33
1670089988.068672; 396742; 33
1670089988.093675; 396767; 33
1670089988.118676; 396792; 32
1670089988.143674; 396817; 32
1670089988.168671; 396842; 32
1670089988.193670; 396867; 32
1670089988.218670; 396892; 32
1670089988.243678; 396917; 32
1670089988.268671; 396942; 32
1670089988.293672; 396967; 32
1670089988.318669; 396992; 32
1670089988.343684; 397017; 31
1670089988.368676; 397042; 31
1670089988.393675; 397067; 31
1670089988.418675; 397092; 31
1670089988.443673; 397117; 26
1670089988.468672; 397142; 26
1670089988.493675; 397167; 26
1670089988.518670; 397192; 26
1670089988.543670; 397217; 25
1670089988.568674; 397242; 25
1670089988.593671; 397267; 25
1670089988.618669; 397292; 25
1670089988.643669; 397317; 26
1670089988.668683; 397342; 26
1670089988.693676; 397367; 26
1670089988.718669; 397392; 26
1670089988.743670; 397417; 26
1670089988.768679; 397442; 26
1670089988.793676; 397467; 26
1670089988.818675; 397492; 26
1670089988.843675; 397517; 26
1670089988.868679; 397542; 26
1670089988.893676; 397567; 26
1670089988.918675; 397592; 26
1670089988.943675; 397617; 26
1670089988.968680; 397642; 26
1670089988.993676; 397667; 26
1670089989.018675; 397692; 26
1670089989.043671; 397717; 26
1670089989.068679; 397742; 26
1670089989.093672; 397767; 26
1670089989.118671; 397792; 26
1670089989.143669; 397817; 27
1670089989.168680; 397842; 27
1670089989.193676; 397867; 27
1670089989.218675; 397892; 27
1670089989.243675; 397917; 28
1670089989.268675; 397942; 28
1670089989.293680; 397967; 28
1670089989.318671; 397992; 28
1670089989.343675; 398017; 28
1670089989.368670; 398042; 28
1670089989.393674; 398067; 28
1670089989.418671; 398092; 28
1670089989.443669; 398117; 28
1670089989.468669; 398142; 28
1670089989.493683; 398167; 28
1670089989.518676; 398192; 28
1670089989.543675; 398217; 28
1670089989.568675; 398242; 28
1670089989.593680; 398267; 28
1670089989.618676; 398292; 28
1670089989.643675; 398317; 28
1670089989.668675; 398342; 28
1670089989.693680; 398367; 28
1670089989.718676; 398392; 28
1670089989.743669; 398417; 28
1670089989.768669; 398442; 29
1670089989.793674; 398467; 29
1670089989.818671; 398492; 29
1670089989.843669; 398517; 29
1670089989.868677; 398542; 29
1670089989.893678; 398567; 29
1670089989.918671; 398592; 29
1670089989.943669; 398617; 29
1670089989.968669; 398642; 29
1670089989.993674; 398667; 29
1670089990.018671; 398692; 29
1670089990.043676; 398717; 29
1670089990.068676; 398742; 30
1670089990.093676; 398767; 30
1670089990.118681; 398792; 30
1670089990.143670; 398817; 30
1670089990.168669; 398842; 30
1670089990.193670; 398867; 30
1670089990.218674; 398892; 30
1670089990.243671; 398917; 30
1670089990.268669; 398942; 30
1670089990.293669; 398967; 30
1670089990.318683; 398992; 30
1670089990.343676; 399017; 30
1670089990.368670; 399042; 30
1670089990.393675; 399067; 30
1670089990.418680; 399092; 30
1670089990.443676; 399117; 30
1670089990.468675; 399142; 31
1670089990.493675; 399167; 31
1670089990.518680; 399192; 31
1670089990.543676; 399217; 31
1670089990.568669; 399242; 31
1670089990.593669; 399267; 31
1670089990.618674; 399292; 31
1670089990.643671; 399317; 31
1670089990.668669; 399342; 31
1670089990.693669; 399367; 29
1670089990.718683; 399392; 29
1670089990.743676; 399417; 29
1670089990.768669; 399442; 29
1670089990.793670; 399467; 29
1670089990.818673; 399492; 29
1670089990.843672; 399517; 29
1670089990.868675; 399542; 29
1670089990.893675; 399567; 29
1670089990.918675; 399592; 29
1670089990.943674; 399617; 29
1670089990.968676; 399642; 29
1670089990.993675; 399667; 29
1670089991.018675; 399692; 29
1670089991.043681; 399717; 29
1670089991.068677; 399742; 29
1670089991.093676; 399767; 29
1670089991.118676; 399792; 29
1670089991.143683; 399817; 29
1670089991.168676; 399842; 29
1670089991.193675; 399867; 29
1670089991.218669; 399892; 29
1670089991.243674; 399917; 29
1670089991.268671; 399942; 29
1670089991.293670; 399967; 28
1670089991.318670; 399992; 28
1670089991.343674; 400017; 28
1670089991.368677; 400042; 28
1670089991.393675; 400067; 30
1670089991.418675; 400092; 30
1670089991.443680; 400117; 30
1670089991.468676; 400142; 30
1670089991.493675; 400167; 29
1670089991.518675; 400192; 29
1670089991.543678; 400217; 29
1670089991.568675; 400242; 29
1670089991.593670; 400267; 25
1670089991.618669; 400292; 25
1670089991.643678; 400317; 25
1670089991.668677; 400342; 25
1670089991.693669; 400367; 24
1670089991.718669; 400392; 24
1670089991.743669; 400417; 24
1670089991.768674; 400442; 24
1670089991.793671; 400467; 24
1670089991.818669; 400492; 23
1670089991.843669; 400517; 23
1670089991.868682; 400542; 23
1670089991.893671; 400567; 23
1670089991.918669; 400592; 23
1670089991.943669; 400617; 23
1670089991.968683; 400642; 23
1670089991.993671; 400667; 23
1670089992.018669; 400692; 23
1670089992.043671; 400717; 23
1670089992.068681; 400742; 23
1670089992.093672; 400767; 23
1670089992.118671; 400792; 23
1670089992.143669; 400817; 23
1670089992.168674; 400842; 23
1670089992.193676; 400867; 23
1670089992.218675; 400892; 23
1670089992.243675; 400917; 23
1670089992.268680; 400942; 23
1670089992.293676; 400967; 23
1670089992.318675; 400992; 24
1670089992.343675; 401017; 24
1670089992.368683; 401042; 24
1670089992.393699; 401067; 24
1670089992.418670; 401092; 25
1670089992.443675; 401117; 25
1670089992.468675; 401142; 25
1670089992.493680; 401167; 25
1670089992.518676; 401192; 25
1670089992.543675; 401217; 25
1670089992.568675; 401242; 25
1670089992.593689; 401267; 25
1670089992.618676; 401292; 24
1670089992.643675; 401317; 24
1670089992.668675; 401342; 24
1670089992.693680; 401367; 24
1670089992.718676; 401392; 25
1670089992.743675; 401417; 25
1670089992.768675; 401442; 25
1670089992.793678; 401467; 25
1670089992.818676; 401492; 26
1670089992.843675; 401517; 26
1670089992.868675; 401542; 26
1670089992.893680; 401567; 26
1670089992.918676; 401592; 28
1670089992.943675; 401617; 28
1670089992.968675; 401642; 28
1670089992.993680; 401667; 28
1670089993.018671; 401692; 28
1670089993.043676; 401717; 28
1670089993.068676; 401742; 28
1670089993.093681; 401767; 28
1670089993.118672; 401792; 28
1670089993.143675; 401817; 28
1670089993.168675; 401842; 28
1670089993.193678; 401867; 28
1670089993.218671; 401892; 28
1670089993.243670; 401917; 29
1670089993.268669; 401942; 29
1670089993.293669; 401967; 29
1670089993.318674; 401992; 29
1670089993.343671; 402017; 30
1670089993.368675; 402042; 30
1670089993.393675; 402067; 30
1670089993.418677; 402092; 30
1670089993.443676; 402117; 31
1670089993.468675; 402142; 31
1670089993.493675; 402167; 31
1670089993.518679; 402192; 31
1670089993.543676; 402217; 30
1670089993.568675; 402242; 30
1670089993.593675; 402267; 30
1670089993.618681; 402292; 30
1670089993.643676; 402317; 30
1670089993.668665; 402342; 30
1670089993.693675; 402367; 30
1670089993.718680; 402392; 30
1670089993.743676; 402417; 31
1670089993.768675; 402442; 31
1670089993.793675; 402467; 31
1670089993.818674; 402492; 31
1670089993.843671; 402517; 33
1670089993.868677; 402542; 33
1670089993.893669; 402567; 33
1670089993.918674; 402592; 33
1670089993.943671; 402617; 33
1670089993.968670; 402642; 33
1670089993.993670; 402667; 33
1670089994.018677; 402692; 33
1670089994.043678; 402717; 34
1670089994.068676; 402742; 34
1670089994.093671; 402767; 34
1670089994.118676; 402792; 34
1670089994.143679; 402817; 34
1670089994.168676; 402842; 36
1670089994.193675; 402867; 36
1670089994.218675; 402892; 36
1670089994.243680; 402917; 36
1670089994.268676; 402942; 38
1670089994.293675; 402967; 38
1670089994.318675; 402992; 38
1670089994.343680; 403017; 38
1670089994.368671; 403042; 40
1670089994.393669; 403067; 40
1670089994.418670; 403092; 40
1670089994.443678; 403117; 40
1670089994.468671; 403142; 40
1670089994.493669; 403167; 40
1670089994.518669; 403192; 40
1670089994.543674; 403217; 40
1670089994.568671; 403242; 42
1670089994.593669; 403267; 42
1670089994.618669; 403292; 42
1670089994.643675; 403317; 42
1670089994.668671; 403342; 41
1670089994.693669; 403367; 41
1670089994.718670; 403392; 41
1670089994.743674; 403417; 41
1670089994.768671; 403442; 42
1670089994.793670; 403467; 42
1670089994.818669; 403492; 42
1670089994.843682; 403517; 42
1670089994.868680; 403542; 43
1670089994.893675; 403567; 43
1670089994.918669; 403592; 43
1670089994.943669; 403617; 43
1670089994.968674; 403642; 44
1670089994.993671; 403667; 44
1670089995.018669; 403692; 44
1670089995.043676; 403717; 44
1670089995.068681; 403742; 45
1670089995.093672; 403767; 45
1670089995.118671; 403792; 45
1670089995.143670; 403817; 45
1670089995.168674; 403842; 45
1670089995.193671; 403867; 45
1670089995.218669; 403892; 45
1670089995.243669; 403917; 45
1670089995.268678; 403942; 45
1670089995.293671; 403967; 44
1670089995.318669; 403992; 44
1670089995.343669; 404017; 44
1670089995.368680; 404042; 44
1670089995.393676; 404067; 44
1670089995.418675; 404092; 44
1670089995.443675; 404117; 44
1670089995.468674; 404142; 44
1670089995.493671; 404167; 44
1670089995.518670; 404192; 44
1670089995.543670; 404217; 44
1670089995.568674; 404242; 44
1670089995.593671; 404267; 44
1670089995.618669; 404292; 44
1670089995.643669; 404317; 44
1670089995.668669; 404342; 44
1670089995.693678; 404367; 40
1670089995.718679; 404392; 40
1670089995.743670; 404417; 40
1670089995.768669; 404442; 40
1670089995.793674; 404467; 41
1670089995.818671; 404492; 41
1670089995.843669; 404517; 41
1670089995.868675; 404542; 41
1670089995.893680; 404567; 39
1670089995.918676; 404592; 39
1670089995.943675; 404617; 39
1670089995.968675; 404642; 39
1670089995.993680; 404667; 41
1670089996.018676; 404692; 41
1670089996.043676; 404717; 41
1670089996.068676; 404742; 41
1670089996.093684; 404767; 40
1670089996.118677; 404792; 40
1670089996.143675; 404817; 40
1670089996.168675; 404842; 40
1670089996.193680; 404867; 34
1670089996.218676; 404892; 34
1670089996.243675; 404917; 34
1670089996.268675; 404942; 34
1670089996.293680; 404967; 31
1670089996.318676; 404992; 31
1670089996.343675; 405017; 31
1670089996.368670; 405042; 31
1670089996.393674; 405067; 32
1670089996.418671; 405092; 32
1670089996.443670; 405117; 32
1670089996.468670; 405142; 32
1670089996.493675; 405167; 32
1670089996.518678; 405192; 33
1670089996.543671; 405217; 33
1670089996.568669; 405242; 33
1670089996.593669; 405267; 33
1670089996.618674; 405292; 32
1670089996.643671; 405317; 32
1670089996.668670; 405342; 32
1670089996.693675; 405367; 32
1670089996.718680; 405392; 32
1670089996.743676; 405417; 32
1670089996.768675; 405442; 32
1670089996.793675; 405467; 32
1670089996.818680; 405492; 33
1670089996.843676; 405517; 33
1670089996.868673; 405542; 33
1670089996.893688; 405567; 33
1670089996.918678; 405592; 34
1670089996.943671; 405617; 34
1670089996.968670; 405642; 34
1670089996.993670; 405667; 34
1670089997.018674; 405692; 34
1670089997.043677; 405717; 34
1670089997.068676; 405742; 34
1670089997.093676; 405767; 34
1670089997.118681; 405792; 36
1670089997.143671; 405817; 36
1670089997.168669; 405842; 36
1670089997.193669; 405867; 36
1670089997.218673; 405892; 31
1670089997.243672; 405917; 31
1670089997.268675; 405942; 31
1670089997.293675; 405967; 31
1670089997.318675; 405992; 31
1670089997.343678; 406017; 31
1670089997.368679; 406042; 31
1670089997.393669; 406067; 31
1670089997.418669; 406092; 31
1670089997.443674; 406117; 31
1670089997.468671; 406142; 31
1670089997.493669; 406167; 31
1670089997.518669; 406192; 31
1670089997.543674; 406217; 31
1670089997.568671; 406242; 31
1670089997.593669; 406267; 31
1670089997.618669; 406292; 31
1670089997.643674; 406317; 32
1670089997.668671; 406342; 32
1670089997.693669; 406367; 32
1670089997.718693; 406392; 32
1670089997.743683; 406417; 23
1670089997.768671; 406442; 23
1670089997.793669; 406467; 23
1670089997.818669; 406492; 23
1670089997.843674; 406517; 18
1670089997.868678; 406542; 18
1670089997.893669; 406567; 18
1670089997.918685; 406592; 18
1670089997.943680; 406617; 18
1670089997.968676; 406642; 18
1670089997.993675; 406667; 18
1670089998.018675; 406692; 18
1670089998.043674; 406717; 18
1670089998.068673; 406742; 18
1670089998.093671; 406767; 18
1670089998.118671; 406792; 18
1670089998.143675; 406817; 18
1670089998.168678; 406842; 18
1670089998.193676; 406867; 18
1670089998.218675; 406892; 18
1670089998.243675; 406917; 18
1670089998.268680; 406942; 18
1670089998.293676; 406967; 18
1670089998.318675; 406992; 18
1670089998.343669; 407017; 18
1670089998.368679; 407042; 18
1670089998.393676; 407067; 18
1670089998.418675; 407092; 18
1670089998.443675; 407117; 19
1670089998.468680; 407142; 19
1670089998.493676; 407167; 19
1670089998.518675; 407192; 19
1670089998.543669; 407217; 18
1670089998.568678; 407242; 18
1670089998.593671; 407267; 18
1670089998.618669; 407292; 18
1670089998.643669; 407317; 19
1670089998.668674; 407342; 19
1670089998.693671; 407367; 19
1670089998.718670; 407392; 19
1670089998.743675; 407417; 19
1670089998.768674; 407442; 19
1670089998.793671; 407467; 19
1670089998.818669; 407492; 19
1670089998.843669; 407517; 19
1670089998.868677; 407542; 20
1670089998.893674; 407567; 20
1670089998.918671; 407592; 20
1670089998.943674; 407617; 20
1670089998.968675; 407642; 20
1670089998.993679; 407667; 20
1670089999.018676; 407692; 20
1670089999.043676; 407717; 20
1670089999.068676; 407742; 19
1670089999.093675; 407767; 19
1670089999.118672; 407792; 19
1670089999.143669; 407817; 19
1670089999.168675; 407842; 20
1670089999.193680; 407867; 20
1670089999.218676; 407892; 20
1670089999.243675; 407917; 20
1670089999.268670; 407942; 20
1670089999.293674; 407967; 20
1670089999.318671; 407992; 20
1670089999.343670; 408017; 20
1670089999.368670; 408042; 20
1670089999.393678; 408067; 20
1670089999.418671; 408092; 20
1670089999.443669; 408117; 20
1670089999.468670; 408142; 20
1670089999.493674; 408167; 20
1670089999.518671; 408192; 20
1670089999.543669; 408217; 20
1670089999.568675; 408242; 20
1670089999.593680; 408267; 20
1670089999.618676; 408292; 20
1670089999.643675; 408317; 20
1670089999.668675; 408342; 20
1670089999.693675; 408367; 20
1670089999.718680; 408392; 20
1670089999.743676; 408417; 20
1670089999.768675; 408442; 20
1670089999.793675; 408467; 20
1670089999.818683; 408492; 20
1670089999.843676; 408517; 20
1670089999.868675; 408542; 20
1670089999.893675; 408567; 20
1670089999.918680; 408592; 20
1670089999.943676; 408617; 20
1670089999.968670; 408642; 20
1670089999.993675; 408667; 20
1670090000.018678; 408692; 20
1670090000.043672; 408717; 20
1670090000.068671; 408742; 20
1670090000.093676; 408767; 20
1670090000.118681; 408792; 20
1670090000.143671; 408817; 20
1670090000.168669; 408842; 20
1670090000.193670; 408867; 21
1670090000.218678; 408892; 21
1670090000.243671; 408917; 21
1670090000.268669; 408942; 21
1670090000.293670; 408967; 21
1670090000.318674; 408992; 21
1670090000.343671; 409017; 21
1670090000.368675; 409042; 21
1670090000.393675; 409067; 21
1670090000.418673; 409092; 21
1670090000.443672; 409117; 21
1670090000.468675; 409142; 21
1670090000.493675; 409167; 21
1670090000.518675; 409192; 21
1670090000.543674; 409217; 21
1670090000.568671; 409242; 21
1670090000.593670; 409267; 21
1670090000.618670; 409292; 21
1670090000.643683; 409317; 21
1670090000.668676; 409342; 21
1670090000.693675; 409367; 21
1670090000.718675; 409392; 21
1670090000.743680; 409417; 21
1670090000.768676; 409442; 21
1670090000.793675; 409467; 22
1670090000.818675; 409492; 22
1670090000.843679; 409517; 22
1670090000.868676; 409542; 22
1670090000.893675; 409567; 22
1670090000.918675; 409592; 22
1670090000.943680; 409617; 22
1670090000.968676; 409642; 22
1670090000.993675; 409667; 23
1670090001.018675; 409692; 23
1670090001.043684; 409717; 23
1670090001.068677; 409742; 23
1670090001.093676; 409767; 23
1670090001.118676; 409792; 24
1670090001.143680; 409817; 24
1670090001.168676; 409842; 24
1670090001.193675; 409867; 24
1670090001.218675; 409892; 23
1670090001.243673; 409917; 23
1670090001.268672; 409942; 23
1670090001.293675; 409967; 23
1670090001.318675; 409992; 24
1670090001.343675; 410017; 24
1670090001.368679; 410042; 24
1670090001.393676; 410067; 24
1670090001.418669; 410092; 25
1670090001.443669; 410117; 25
1670090001.468678; 410142; 25
1670090001.493671; 410167; 25
1670090001.518669; 410192; 24
1670090001.543669; 410217; 24
1670090001.568674; 410242; 24
1670090001.593671; 410267; 24
1670090001.618675; 410292; 24
1670090001.643675; 410317; 24
1670090001.668674; 410342; 24
1670090001.693671; 410367; 24
1670090001.718669; 410392; 25
1670090001.743669; 410417; 25
1670090001.768674; 410442; 25
1670090001.793671; 410467; 25
1670090001.818675; 410492; 25
1670090001.843675; 410517; 25
1670090001.868683; 410542; 25
1670090001.893676; 410567; 25
1670090001.918675; 410592; 25
1670090001.943675; 410617; 25
1670090001.968680; 410642; 25
1670090001.993676; 410667; 25
1670090002.018675; 410692; 25
1670090002.043671; 410717; 25
1670090002.068676; 410742; 25
1670090002.093681; 410767; 25
1670090002.118672; 410792; 25
1670090002.143669; 410817; 25
1670090002.168669; 410842; 25
1670090002.193674; 410867; 25
1670090002.218681; 410892; 25
1670090002.243675; 410917; 25
1670090002.268675; 410942; 25
1670090002.293678; 410967; 25
1670090002.318671; 410992; 25
1670090002.343669; 411017; 26
1670090002.368675; 411042; 26
1670090002.393680; 411067; 26
1670090002.418676; 411092; 26
1670090002.443669; 411117; 26
1670090002.468669; 411142; 26
1670090002.493674; 411167; 26
1670090002.518671; 411192; 26
1670090002.543669; 411217; 27
1670090002.568670; 411242; 27
1670090002.593674; 411267; 27
1670090002.618671; 411292; 27
1670090002.643675; 411317; 27
1670090002.668675; 411342; 27
1670090002.693683; 411367; 27
1670090002.718676; 411392; 27
1670090002.743675; 411417; 27
1670090002.768675; 411442; 27
1670090002.793680; 411467; 27
1670090002.818676; 411492; 27
1670090002.843675; 411517; 27
1670090002.868675; 411542; 27
1670090002.893669; 411567; 27
1670090002.918674; 411592; 27
1670090002.943671; 411617; 28
1670090002.968669; 411642; 28
1670090002.993670; 411667; 28
1670090003.018674; 411692; 28
1670090003.043706; 411717; 29
1670090003.068676; 411742; 29
1670090003.093676; 411767; 29
1670090003.118684; 411792; 29
1670090003.143671; 411817; 29
1670090003.168669; 411842; 29
1670090003.193669; 411867; 29
1670090003.218674; 411892; 29
1670090003.243698; 411917; 29
1670090003.268669; 411942; 29
1670090003.293669; 411967; 29
1670090003.318674; 411992; 29
1670090003.343671; 412017; 30
1670090003.368675; 412042; 30
1670090003.393675; 412067; 30
1670090003.418679; 412092; 30
1670090003.443676; 412117; 30
1670090003.468669; 412142; 31
1670090003.493669; 412167; 31
1670090003.518683; 412192; 31
1670090003.543676; 412217; 31
1670090003.568675; 412242; 29
1670090003.593675; 412267; 29
1670090003.618673; 412292; 29
1670090003.643672; 412317; 29
1670090003.668675; 412342; 29
1670090003.693675; 412367; 29
1670090003.718675; 412392; 29
1670090003.743674; 412417; 29
1670090003.768671; 412442; 31
1670090003.793670; 412467; 31
1670090003.818669; 412492; 31
1670090003.843674; 412517; 31
1670090003.868676; 412542; 31
1670090003.893675; 412567; 31
1670090003.918675; 412592; 31
1670090003.943678; 412617; 31
1670090003.968671; 412642; 29
1670090003.993669; 412667; 29
1670090004.018670; 412692; 29
1670090004.043681; 412717; 29
1670090004.068677; 412742; 29
1670090004.093676; 412767; 29
1670090004.118676; 412792; 29
1670090004.143674; 412817; 29
1670090004.168671; 412842; 29
1670090004.193669; 412867; 29
1670090004.218670; 412892; 29
1670090004.243674; 412917; 29
1670090004.268678; 412942; 28
1670090004.293675; 412967; 28
1670090004.318675; 412992; 28
1670090004.343683; 413017; 28
1670090004.368671; 413042; 27
1670090004.393669; 413067; 27
1670090004.418669; 413092; 27
1670090004.443678; 413117; 27
1670090004.468677; 413142; 27
1670090004.493675; 413167; 27
1670090004.518675; 413192; 27
1670090004.543675; 413217; 27
1670090004.568674; 413242; 27
1670090004.593671; 413267; 25
1670090004.618670; 413292; 25
1670090004.643669; 413317; 25
1670090004.668674; 413342; 25
1670090004.693671; 413367; 23
1670090004.718669; 413392; 23
1670090004.743670; 413417; 23
1670090004.768683; 413442; 23
1670090004.793676; 413467; 23
1670090004.818675; 413492; 23
1670090004.843675; 413517; 23
1670090004.868679; 413542; 23
1670090004.893671; 413567; 23
1670090004.918669; 413592; 23
1670090004.943669; 413617; 23
1670090004.968674; 413642; 23
1670090004.993671; 413667; 23
1670090005.018670; 413692; 23
1670090005.043676; 413717; 23
1670090005.068681; 413742; 23
1670090005.093672; 413767; 23
1670090005.118671; 413792; 23
1670090005.143669; 413817; 23
1670090005.168683; 413842; 23
1670090005.193676; 413867; 25
1670090005.218675; 413892; 25
1670090005.243675; 413917; 25
1670090005.268675; 413942; 25
1670090005.293679; 413967; 25
1670090005.318676; 413992; 25
1670090005.343678; 414017; 25
1670090005.368675; 414042; 25
1670090005.393680; 414067; 24
1670090005.418676; 414092; 24
1670090005.443675; 414117; 24
1670090005.468675; 414142; 24
1670090005.493680; 414167; 24
1670090005.518676; 414192; 24
1670090005.543675; 414217; 24
1670090005.568675; 414242; 24
1670090005.593678; 414267; 25
1670090005.618671; 414292; 25
1670090005.643669; 414317; 25
1670090005.668669; 414342; 25
1670090005.693674; 414367; 26
1670090005.718671; 414392; 26
1670090005.743669; 414417; 26
1670090005.768670; 414442; 26
1670090005.793674; 414467; 26
1670090005.818671; 414492; 26
1670090005.843670; 414517; 26
1670090005.868677; 414542; 26
1670090005.893674; 414567; 26
1670090005.918671; 414592; 25
1670090005.943669; 414617; 25
1670090005.968669; 414642; 25
1670090005.993678; 414667; 25
1670090006.018671; 414692; 26
1670090006.043676; 414717; 26
1670090006.068676; 414742; 26
1670090006.093676; 414767; 26
1670090006.118675; 414792; 27
1670090006.143671; 414817; 27
1670090006.168669; 414842; 27
1670090006.193670; 414867; 27
1670090006.218674; 414892; 27
1670090006.243671; 414917; 27
1670090006.268669; 414942; 27
1670090006.293670; 414967; 27
1670090006.318683; 414992; 26
1670090006.343671; 415017; 26
1670090006.368675; 415042; 26
1670090006.393675; 415067; 26
1670090006.418678; 415092; 26
1670090006.443671; 415117; 26
1670090006.468669; 415142; 26
1670090006.493669; 415167; 26
1670090006.518674; 415192; 27
1670090006.543676; 415217; 27
1670090006.568675; 415242; 27
1670090006.593669; 415267; 27
1670090006.618674; 415292; 28
1670090006.643671; 415317; 28
1670090006.668670; 415342; 28
1670090006.693670; 415367; 28
1670090006.718674; 415392; 29
1670090006.743676; 415417; 29
1670090006.768675; 415442; 29
1670090006.793675; 415467; 29
1670090006.818682; 415492; 30
1670090006.843672; 415517; 30
1670090006.868675; 415542; 30
1670090006.893675; 415567; 30
1670090006.918675; 415592; 30
1670090006.943680; 415617; 30
1670090006.968676; 415642; 30
1670090006.993675; 415667; 30
1670090007.018675; 415692; 30
1670090007.043681; 415717; 31
1670090007.068672; 415742; 31
1670090007.093671; 415767; 31
1670090007.118676; 415792; 31
1670090007.143674; 415817; 30
1670090007.168671; 415842; 30
1670090007.193669; 415867; 30
1670090007.218670; 415892; 30
1670090007.243683; 415917; 30
1670090007.268676; 415942; 30
1670090007.293675; 415967; 30
1670090007.318675; 415992; 30
1670090007.343679; 416017; 30
1670090007.368676; 416042; 30
1670090007.393675; 416067; 30
1670090007.418675; 416092; 30
1670090007.443680; 416117; 31
1670090007.468676; 416142; 31
1670090007.493675; 416167; 31
1670090007.518675; 416192; 31
1670090007.543691; 416217; 32
1670090007.568671; 416242; 32
1670090007.593670; 416267; 32
1670090007.618669; 416292; 32
1670090007.643677; 416317; 32
1670090007.668672; 416342; 32
1670090007.693675; 416367; 32
1670090007.718675; 416392; 32
1670090007.743675; 416417; 32
1670090007.768674; 416442; 32
1670090007.793671; 416467; 32
1670090007.818675; 416492; 32
1670090007.843675; 416517; 33
1670090007.868679; 416542; 33
1670090007.893676; 416567; 33
1670090007.918675; 416592; 33
1670090007.943675; 416617; 34
1670090007.968679; 416642; 34
1670090007.993676; 416667; 34
1670090008.018675; 416692; 34
1670090008.043671; 416717; 35
1670090008.068679; 416742; 35
1670090008.093672; 416767; 35
1670090008.118671; 416792; 35
1670090008.143669; 416817; 35
1670090008.168679; 416842; 35
1670090008.193676; 416867; 35
1670090008.218675; 416892; 35
1670090008.243675; 416917; 35
1670090008.268680; 416942; 34
1670090008.293676; 416967; 34
1670090008.318675; 416992; 34
1670090008.343675; 417017; 34
1670090008.368708; 417042; 33
1670090008.393676; 417067; 33
1670090008.418675; 417092; 33
1670090008.443675; 417117; 33
1670090008.468675; 417142; 34
1670090008.493683; 417167; 34
1670090008.518676; 417192; 34
1670090008.543675; 417217; 34
1670090008.568720; 417242; 36
1670090008.593680; 417267; 36
1670090008.618676; 417292; 36
1670090008.643670; 417317; 36
1670090008.668669; 417342; 37
1670090008.693674; 417367; 37
1670090008.718671; 417392; 37
1670090008.743669; 417417; 37
1670090008.768669; 417442; 38
1670090008.793674; 417467; 38
1670090008.818671; 417492; 38
1670090008.843669; 417517; 38
1670090008.868677; 417542; 39
1670090008.893683; 417567; 39
1670090008.918676; 417592; 39
1670090008.943675; 417617; 39
1670090008.968675; 417642; 36
1670090008.993680; 417667; 36
1670090009.018676; 417692; 36
1670090009.043671; 417717; 36
1670090009.068671; 417742; 39
1670090009.093675; 417767; 39
1670090009.118672; 417792; 39
1670090009.143669; 417817; 39
1670090009.168670; 417842; 40
1670090009.193674; 417867; 40
1670090009.218671; 417892; 40
1670090009.243669; 417917; 40
1670090009.268669; 417942; 40
1670090009.293669; 417967; 40
1670090009.318683; 417992; 40
1670090009.343676; 418017; 40
1670090009.368671; 418042; 40
1670090009.393678; 418067; 40
1670090009.418674; 418092; 40
1670090009.443676; 418117; 40
1670090009.468675; 418142; 40
1670090009.493675; 418167; 40
1670090009.518680; 418192; 40
1670090009.543676; 418217; 40
1670090009.568675; 418242; 40
1670090009.593672; 418267; 40
1670090009.618680; 418292; 40
1670090009.643676; 418317; 40
1670090009.668675; 418342; 40
1670090009.693675; 418367; 41
1670090009.718678; 418392; 41
1670090009.743671; 418417; 41
1670090009.768669; 418442; 41
1670090009.793669; 418467; 40
1670090009.818680; 418492; 40
1670090009.843676; 418517; 40
1670090009.868677; 418542; 40
1670090009.893669; 418567; 39
1670090009.918674; 418592; 39
1670090009.943671; 418617; 39
1670090009.968670; 418642; 39
1670090009.993670; 418667; 36
1670090010.018673; 418692; 36
1670090010.043678; 418717; 36
1670090010.068676; 418742; 36
1670090010.093676; 418767; 34
1670090010.118676; 418792; 34
1670090010.143683; 418817; 34
1670090010.168676; 418842; 34
1670090010.193675; 418867; 34
1670090010.218670; 418892; 34
1670090010.243674; 418917; 34
1670090010.268671; 418942; 34
1670090010.293669; 418967; 36
1670090010.318670; 418992; 36
1670090010.343674; 419017; 36
1670090010.368676; 419042; 36
1670090010.393675; 419067; 36
1670090010.418670; 419092; 38
1670090010.443674; 419117; 38
1670090010.468671; 419142; 38
1670090010.493670; 419167; 38
1670090010.518669; 419192; 36
1670090010.543683; 419217; 36
1670090010.568676; 419242; 36
1670090010.593675; 419267; 36
1670090010.618670; 419292; 35
1670090010.643674; 419317; 35
1670090010.668672; 419342; 35
1670090010.693675; 419367; 35
1670090010.718675; 419392; 35
1670090010.743679; 419417; 35
1670090010.768676; 419442; 35
1670090010.793675; 419467; 35
1670090010.818675; 419492; 34
1670090010.843678; 419517; 34
1670090010.868677; 419542; 34
1670090010.893670; 419567; 34
1670090010.918669; 419592; 36
1670090010.943669; 419617; 36
1670090010.968683; 419642; 36
1670090010.993676; 419667; 36
1670090011.018675; 419692; 37
1670090011.043676; 419717; 37
1670090011.068675; 419742; 37
1670090011.093677; 419767; 37
1670090011.118676; 419792; 39
1670090011.143675; 419817; 39
1670090011.168679; 419842; 39
1670090011.193676; 419867; 39
1670090011.218675; 419892; 37
1670090011.243669; 419917; 37
1670090011.268674; 419942; 37
1670090011.293671; 419967; 37
1670090011.318670; 419992; 36
1670090011.343669; 420017; 36
1670090011.368683; 420042; 36
1670090011.393676; 420067; 36
1670090011.418675; 420092; 36
1670090011.443669; 420117; 36
1670090011.468674; 420142; 36
1670090011.493671; 420167; 36
1670090011.518669; 420192; 35
1670090011.543670; 420217; 35
1670090011.568674; 420242; 35
1670090011.593671; 420267; 35
1670090011.618670; 420292; 35
1670090011.643675; 420317; 38
1670090011.668675; 420342; 38
1670090011.693680; 420367; 38
1670090011.718676; 420392; 38
1670090011.743675; 420417; 41
1670090011.768675; 420442; 41
1670090011.793683; 420467; 41
1670090011.818676; 420492; 41
1670090011.843675; 420517; 41
1670090011.868728; 420542; 41
1670090011.893679; 420567; 41
1670090011.918679; 420592; 41
1670090011.943670; 420617; 38
1670090011.968669; 420642; 38
1670090011.993674; 420667; 38
1670090012.018671; 420692; 38
1670090012.043676; 420717; 37
1670090012.068676; 420742; 37
1670090012.093681; 420767; 37
1670090012.118672; 420792; 37
1670090012.143670; 420817; 37
1670090012.168670; 420842; 37
1670090012.193678; 420867; 37
1670090012.218671; 420892; 37
1670090012.243670; 420917; 41
1670090012.268669; 420942; 41
1670090012.293674; 420967; 41
1670090012.318671; 420992; 41
1670090012.343669; 421017; 45
1670090012.368676; 421042; 45
1670090012.393674; 421067; 45
1670090012.418671; 421092; 45
1670090012.443670; 421117; 46
1670090012.468675; 421142; 46
1670090012.493675; 421167; 46
1670090012.518680; 421192; 46
1670090012.543676; 421217; 43
1670090012.568675; 421242; 43
1670090012.593675; 421267; 43
1670090012.618683; 421292; 43
1670090012.643671; 421317; 40
1670090012.668675; 421342; 40
1670090012.693670; 421367; 40
1670090012.718674; 421392; 40
1670090012.743671; 421417; 40
1670090012.768669; 421442; 38
1670090012.793669; 421467; 38
1670090012.818674; 421492; 38
1670090012.843671; 421517; 38
1670090012.868688; 421542; 37
1670090012.893675; 421567; 37
1670090012.918680; 421592; 37
1670090012.943676; 421617; 37
1670090012.968675; 421642; 37
1670090012.993675; 421667; 37
1670090013.018678; 421692; 37
1670090013.043677; 421717; 37
1670090013.068676; 421742; 39
1670090013.093671; 421767; 39
1670090013.118681; 421792; 39
1670090013.143671; 421817; 39
1670090013.168670; 421842; 39
1670090013.193670; 421867; 39
1670090013.218673; 421892; 39
1670090013.243672; 421917; 39
1670090013.268675; 421942; 39
1670090013.293675; 421967; 39
1670090013.318675; 421992; 39
1670090013.343674; 422017; 39
1670090013.368676; 422042; 39
1670090013.393675; 422067; 39
1670090013.418675; 422092; 39
1670090013.443683; 422117; 39
1670090013.468676; 422142; 36
1670090013.493675; 422167; 36
1670090013.518675; 422192; 36
1670090013.543680; 422217; 36
1670090013.568676; 422242; 35
1670090013.593675; 422267; 35
1670090013.618675; 422292; 35
1670090013.643680; 422317; 35
1670090013.668676; 422342; 36
1670090013.693696; 422367; 36
1670090013.718675; 422392; 36
1670090013.743674; 422417; 36
1670090013.768671; 422442; 36
1670090013.793669; 422467; 36
1670090013.818669; 422492; 36
1670090013.843683; 422517; 36
1670090013.868676; 422542; 37
1670090013.893702; 422567; 37
1670090013.918675; 422592; 37
1670090013.943680; 422617; 37
1670090013.968676; 422642; 37
1670090013.993675; 422667; 37
1670090014.018675; 422692; 37
1670090014.043674; 422717; 37
1670090014.068673; 422742; 37
1670090014.093671; 422767; 36
1670090014.118676; 422792; 36
1670090014.143675; 422817; 36
1670090014.168679; 422842; 36
1670090014.193676; 422867; 35
1670090014.218675; 422892; 35
1670090014.243675; 422917; 35
1670090014.268683; 422942; 35
1670090014.293671; 422967; 34
1670090014.318675; 422992; 34
1670090014.343664; 423017; 34
1670090014.368679; 423042; 34
1670090014.393676; 423067; 34
1670090014.418675; 423092; 34
1670090014.443675; 423117; 34
1670090014.468680; 423142; 34
1670090014.493676; 423167; 33
1670090014.518670; 423192; 33
1670090014.543670; 423217; 33
1670090014.568674; 423242; 33
1670090014.593671; 423267; 32
1670090014.618670; 423292; 32
1670090014.643669; 423317; 32
1670090014.668678; 423342; 32
1670090014.693671; 423367; 30
1670090014.718675; 423392; 30
1670090014.743675; 423417; 30
1670090014.768679; 423442; 30
1670090014.793676; 423467; 30
1670090014.818675; 423492; 30
1670090014.843675; 423517; 30
1670090014.868669; 423542; 30
1670090014.893674; 423567; 30
1670090014.918676; 423592; 30
1670090014.943675; 423617; 30
1670090014.968675; 423642; 30
1670090014.993679; 423667; 28
1670090015.018676; 423692; 28
1670090015.043676; 423717; 28
1670090015.068676; 423742; 28
1670090015.093679; 423767; 28
1670090015.118672; 423792; 27
1670090015.143675; 423817; 27
1670090015.168675; 423842; 27
1670090015.193680; 423867; 27
1670090015.218676; 423892; 27
1670090015.243675; 423917; 27
1670090015.268675; 423942; 27
1670090015.293680; 423967; 27
1670090015.318676; 423992; 27
1670090015.343670; 424017; 27
1670090015.368672; 424042; 27
1670090015.393680; 424067; 27
1670090015.418676; 424092; 27
1670090015.443675; 424117; 27
1670090015.468675; 424142; 27
1670090015.493678; 424167; 27
1670090015.518671; 424192; 27
1670090015.543669; 424217; 27
1670090015.568669; 424242; 27
1670090015.593674; 424267; 27
1670090015.618671; 424292; 27
1670090015.643669; 424317; 27
1670090015.668669; 424342; 27
1670090015.693669; 424367; 27
1670090015.718674; 424392; 26
1670090015.743676; 424417; 26
1670090015.768675; 424442; 26
1670090015.793675; 424467; 26
1670090015.818680; 424492; 25
1670090015.843676; 424517; 25
1670090015.868670; 424542; 25
1670090015.893670; 424567; 25
1670090015.918683; 424592; 25
1670090015.943671; 424617; 25
1670090015.968669; 424642; 25
1670090015.993670; 424667; 25
1670090016.018674; 424692; 25
1670090016.043677; 424717; 25
1670090016.068676; 424742; 25
1670090016.093676; 424767; 25
1670090016.118681; 424792; 25
1670090016.143671; 424817; 25
1670090016.168675; 424842; 25
1670090016.193675; 424867; 25
1670090016.218680; 424892; 25
1670090016.243676; 424917; 25
1670090016.268675; 424942; 25
1670090016.293675; 424967; 25
1670090016.318678; 424992; 25
1670090016.343676; 425017; 26
1670090016.368674; 425042; 26
1670090016.393675; 425067; 26
1670090016.418673; 425092; 26
1670090016.443672; 425117; 25
1670090016.468675; 425142; 25
1670090016.493675; 425167; 25
1670090016.518675; 425192; 25
1670090016.543674; 425217; 24
1670090016.568676; 425242; 24
1670090016.593675; 425267; 24
1670090016.618675; 425292; 24
1670090016.643680; 425317; 23
1670090016.668676; 425342; 23
1670090016.693675; 425367; 23
1670090016.718675; 425392; 23
1670090016.743678; 425417; 24
1670090016.768671; 425442; 24
1670090016.793669; 425467; 24
1670090016.818669; 425492; 24
1670090016.843674; 425517; 24
1670090016.868679; 425542; 24
1670090016.893669; 425567; 24
1670090016.918669; 425592; 24
1670090016.943674; 425617; 24
1670090016.968676; 425642; 24
1670090016.993675; 425667; 24
1670090017.018675; 425692; 24
1670090017.043681; 425717; 24
1670090017.068677; 425742; 24
1670090017.093676; 425767; 24
1670090017.118676; 425792; 24
1670090017.143678; 425817; 24
1670090017.168671; 425842; 24
1670090017.193670; 425867; 24
1670090017.218670; 425892; 24
1670090017.243678; 425917; 24
1670090017.268677; 425942; 24
1670090017.293670; 425967; 24
1670090017.318669; 425992; 24
1670090017.343669; 426017; 24
1670090017.368678; 426042; 24
1670090017.393671; 426067; 24
1670090017.418669; 426092; 24
1670090017.443669; 426117; 24
1670090017.468674; 426142; 24
1670090017.493671; 426167; 24
1670090017.518670; 426192; 24
1670090017.543670; 426217; 24
1670090017.568683; 426242; 25
1670090017.593671; 426267; 25
1670090017.618669; 426292; 25
1670090017.643669; 426317; 25
1670090017.668674; 426342; 25
1670090017.693671; 426367; 25
1670090017.718669; 426392; 25
1670090017.743675; 426417; 25
1670090017.768680; 426442; 26
1670090017.793676; 426467; 26
1670090017.818675; 426492; 26
1670090017.843675; 426517; 26
1670090017.868680; 426542; 26
1670090017.893676; 426567; 26
1670090017.918675; 426592; 26
1670090017.943675; 426617; 26
1670090017.968683; 426642; 26
1670090017.993671; 426667; 26
1670090018.018670; 426692; 26
1670090018.043676; 426717; 26
1670090018.068676; 426742; 26
1670090018.093675; 426767; 26
1670090018.118672; 426792; 26
1670090018.143670; 426817; 26
1670090018.168669; 426842; 26
1670090018.193668; 426867; 26
1670090018.218676; 426892; 26
1670090018.243675; 426917; 26
1670090018.268675; 426942; 26
1670090018.293680; 426967; 26
1670090018.318676; 426992; 26
1670090018.343675; 427017; 26
1670090018.368670; 427042; 26
1670090018.393683; 427067; 26
1670090018.418671; 427092; 26
1670090018.443670; 427117; 26
1670090018.468670; 427142; 26
1670090018.493674; 427167; 26
1670090018.518671; 427192; 26
1670090018.543670; 427217; 26
1670090018.568669; 427242; 26
1670090018.593674; 427267; 26
1670090018.618676; 427292; 26
1670090018.643675; 427317; 26
1670090018.668675; 427342; 26
1670090018.693674; 427367; 26
1670090018.718676; 427392; 26
1670090018.743669; 427417; 26
1670090018.768669; 427442; 26
1670090018.793683; 427467; 27
1670090018.818671; 427492; 27
1670090018.843670; 427517; 27
1670090018.868678; 427542; 27
1670090018.893669; 427567; 27
1670090018.918674; 427592; 27
1670090018.943671; 427617; 27
1670090018.968669; 427642; 27
1670090018.993669; 427667; 27
1670090019.018674; 427692; 27
1670090019.043677; 427717; 27
1670090019.068676; 427742; 27
1670090019.093676; 427767; 28
1670090019.118681; 427792; 28
1670090019.143671; 427817; 28
1670090019.168670; 427842; 28
1670090019.193669; 427867; 28
1670090019.218681; 427892; 28
1670090019.243676; 427917; 28
1670090019.268675; 427942; 28
1670090019.293675; 427967; 28
1670090019.318680; 427992; 28
1670090019.343676; 428017; 28
1670090019.368670; 428042; 28
1670090019.393670; 428067; 28
1670090019.418674; 428092; 28
1670090019.443676; 428117; 28
1670090019.468675; 428142; 28
1670090019.493675; 428167; 30
