1670091528.574787; 307846; 4
1670091528.599362; 307871; 4
1670091528.624359; 307896; 4
1670091528.649359; 307921; 4
1670091528.674359; 307946; 4
1670091528.699373; 307971; 4
1670091528.724355; 307996; 4
1670091528.749354; 308021; 4
1670091528.774359; 308046; 4
1670091528.799364; 308071; 4
1670091528.824360; 308096; 4
1670091528.849359; 308121; 4
1670091528.874359; 308146; 4
1670091528.899364; 308171; 4
1670091528.924360; 308196; 4
1670091528.949359; 308221; 4
1670091528.974359; 308246; 4
1670091528.999359; 308271; 4
1670091529.024364; 308296; 4
1670091529.049356; 308321; 4
1670091529.074360; 308346; 4
1670091529.099355; 308371; 4
1670091529.256169; 308527; 4
1670091529.280355; 308552; 4
1670091529.305354; 308577; 4
1670091529.330354; 308602; 4
1670091529.355359; 308627; 4
1670091529.380361; 308652; 4
1670091529.405359; 308677; 4
1670091529.430354; 308702; 4
1670091529.455359; 308727; 4
1670091529.480355; 308752; 4
1670091529.505354; 308777; 4
1670091529.530354; 308802; 4
1670091529.555354; 308827; 4
1670091529.580364; 308852; 4
1670091529.605360; 308877; 4
1670091529.630359; 308902; 4
1670091529.655359; 308927; 4
1670091529.680368; 308952; 4
1670091529.705361; 308977; 4
1670091529.730359; 309002; 4
1670091529.755359; 309027; 4
1670091529.780359; 309052; 4
1670091529.805360; 309077; 4
1670091529.830354; 309102; 4
1670091529.855354; 309127; 4
1670091529.880359; 309152; 4
1670091529.905355; 309177; 4
1670091529.930354; 309202; 4
1670091529.955354; 309227; 4
1670091529.980354; 309252; 4
1670091530.005359; 309277; 4
1670091530.030362; 309302; 4
1670091530.055355; 309327; 4
1670091530.080361; 309352; 4
1670091530.105363; 309377; 4
1670091530.130355; 309402; 4
1670091530.155354; 309427; 4
1670091530.180354; 309452; 4
1670091530.205359; 309477; 4
1670091530.230355; 309502; 4
1670091530.255359; 309527; 4
1670091530.280354; 309552; 4
1670091530.305363; 309577; 4
1670091530.330362; 309602; 4
1670091530.355354; 309627; 4
1670091530.380354; 309652; 4
1670091530.405354; 309677; 4
1670091530.430359; 309702; 4
1670091530.455355; 309727; 4
1670091530.480354; 309752; 4
1670091530.505354; 309777; 4
1670091530.530368; 309802; 4
1670091530.555360; 309827; 4
1670091530.580359; 309852; 4
1670091530.605354; 309877; 4
1670091530.630359; 309902; 4
1670091530.655355; 309927; 4
1670091530.680354; 309952; 4
1670091530.705354; 309977; 4
1670091530.730354; 310002; 4
1670091530.755359; 310027; 4
1670091530.780360; 310052; 4
1670091530.805363; 310077; 4
1670091530.830354; 310102; 4
1670091530.855359; 310127; 6
1670091530.880355; 310152; 6
1670091530.905354; 310177; 6
1670091530.930354; 310202; 6
1670091530.955368; 310227; 6
1670091530.980361; 310252; 6
1670091531.005372; 310277; 6
1670091531.030355; 310302; 6
1670091531.055360; 310327; 6
1670091531.080356; 310352; 6
1670091531.105361; 310377; 6
1670091531.130359; 310402; 6
1670091531.155359; 310427; 7
1670091531.180364; 310452; 7
1670091531.205361; 310477; 7
1670091531.230359; 310502; 7
1670091531.255359; 310527; 7
1670091531.280359; 310552; 7
1670091531.305355; 310577; 7
1670091531.330354; 310602; 7
1670091531.355354; 310627; 7
1670091531.380368; 310652; 8
1670091531.405361; 310677; 8
1670091531.430359; 310702; 8
1670091531.455359; 310727; 8
1670091531.480364; 310752; 9
1670091531.505360; 310777; 9
1670091531.530359; 310802; 9
1670091531.555359; 310827; 9
1670091531.580359; 310852; 9
1670091531.605364; 310877; 9
1670091531.630361; 310902; 9
1670091531.655359; 310927; 9
1670091531.680359; 310952; 10
1670091531.705359; 310977; 10
1670091531.730355; 311002; 10
1670091531.755359; 311027; 10
1670091531.780359; 311052; 12
1670091531.805368; 311077; 12
1670091531.830377; 311102; 12
1670091531.855359; 311127; 12
1670091531.880359; 311152; 14
1670091531.905364; 311177; 14
1670091531.930355; 311202; 14
1670091531.955359; 311227; 14
1670091531.980359; 311252; 14
1670091532.005359; 311277; 14
1670091532.030368; 311302; 14
1670091532.055361; 311327; 14
1670091532.080360; 311352; 15
1670091532.105359; 311377; 15
1670091532.130362; 311402; 15
1670091532.155354; 311427; 15
1670091532.180354; 311452; 15
1670091532.205354; 311477; 15
1670091532.230368; 311502; 15
1670091532.255355; 311527; 15
1670091532.280354; 311552; 15
1670091532.305359; 311577; 15
1670091532.330364; 311602; 15
1670091532.355355; 311627; 15
1670091532.380359; 311652; 16
1670091532.405359; 311677; 16
1670091532.430359; 311702; 16
1670091532.455360; 311727; 16
1670091532.480354; 311752; 16
1670091532.505354; 311777; 16
1670091532.530359; 311802; 16
1670091532.555355; 311827; 16
1670091532.580359; 311852; 16
1670091532.605359; 311877; 16
1670091532.630362; 311902; 16
1670091532.655360; 311927; 16
1670091532.680354; 311952; 16
1670091532.705359; 311977; 17
1670091532.730364; 312002; 17
1670091532.755355; 312027; 17
1670091532.780359; 312052; 17
1670091532.805359; 312077; 18
1670091532.830359; 312102; 18
1670091532.855364; 312127; 18
1670091532.880354; 312152; 18
1670091532.905354; 312177; 18
1670091532.930357; 312202; 18
1670091532.955356; 312227; 18
1670091532.980359; 312252; 18
1670091533.005359; 312277; 19
1670091533.030355; 312302; 19
1670091533.055369; 312327; 19
1670091533.080362; 312352; 19
1670091533.105366; 312377; 20
1670091533.130359; 312402; 20
1670091533.155364; 312427; 20
1670091533.180355; 312452; 20
1670091533.205359; 312477; 20
1670091533.230359; 312502; 20
1670091533.255359; 312527; 20
1670091533.280355; 312552; 20
1670091533.305354; 312577; 20
1670091533.330354; 312602; 20
1670091533.355359; 312627; 20
1670091533.380355; 312652; 20
1670091533.405359; 312677; 19
1670091533.430359; 312702; 19
1670091533.455368; 312727; 19
1670091533.480360; 312752; 19
1670091533.505354; 312777; 19
1670091533.530359; 312802; 19
1670091533.555364; 312827; 19
1670091533.580355; 312852; 19
1670091533.605359; 312877; 17
1670091533.630359; 312902; 17
1670091533.655359; 312927; 17
1670091533.680361; 312952; 17
1670091533.705354; 312977; 17
1670091533.730354; 313002; 17
1670091533.755354; 313027; 17
1670091533.780364; 313052; 17
1670091533.805355; 313077; 17
1670091533.830359; 313102; 18
1670091533.855359; 313127; 18
1670091533.880362; 313152; 18
1670091533.905360; 313177; 18
1670091533.930359; 313202; 16
1670091533.955359; 313227; 16
1670091533.980364; 313252; 16
1670091534.005355; 313277; 16
1670091534.030360; 313302; 15
1670091534.055355; 313327; 15
1670091534.080365; 313352; 15
1670091534.105356; 313377; 15
1670091534.130359; 313402; 11
1670091534.155359; 313427; 11
1670091534.180359; 313452; 11
1670091534.205355; 313477; 11
1670091534.230359; 313502; 7
1670091534.255359; 313527; 7
1670091534.280362; 313552; 7
1670091534.305361; 313577; 7
1670091534.330359; 313602; 4
1670091534.355354; 313627; 4
1670091534.380363; 313652; 4
1670091534.405362; 313677; 4
1670091534.430354; 313702; 4
1670091534.455354; 313727; 4
1670091534.480354; 313752; 4
1670091534.505364; 313777; 4
1670091534.530361; 313802; 4
1670091534.555359; 313827; 4
1670091534.580359; 313852; 4
1670091534.605364; 313877; 4
1670091534.630360; 313902; 3
1670091534.655359; 313927; 3
1670091534.680359; 313952; 3
1670091534.705362; 313977; 3
1670091534.730355; 314002; 3
1670091534.755354; 314027; 3
1670091534.780359; 314052; 3
1670091534.805359; 314077; 3
1670091534.830364; 314102; 3
1670091534.855360; 314127; 3
1670091534.880359; 314152; 3
1670091534.905359; 314177; 3
1670091534.930364; 314202; 3
1670091534.955360; 314227; 3
1670091534.980359; 314252; 3
1670091535.005359; 314277; 3
1670091535.030360; 314302; 3
1670091535.055362; 314327; 3
1670091535.080360; 314352; 3
1670091535.105361; 314377; 3
1670091535.130362; 314402; 3
1670091535.155361; 314427; 3
1670091535.180359; 314452; 3
1670091535.205359; 314477; 3
1670091535.230359; 314502; 3
1670091535.255364; 314527; 3
1670091535.280355; 314552; 3
1670091535.305354; 314577; 3
1670091535.330354; 314602; 3
1670091535.355359; 314627; 3
1670091535.380355; 314652; 3
1670091535.405354; 314677; 3
1670091535.430354; 314702; 3
1670091535.455359; 314727; 3
1670091535.480355; 314752; 3
1670091535.505354; 314777; 3
1670091535.530359; 314802; 3
1670091535.555368; 314827; 3
1670091535.580360; 314852; 3
1670091535.605359; 314877; 3
1670091535.630359; 314902; 3
1670091535.655359; 314927; 3
1670091535.680364; 314952; 3
1670091535.705360; 314977; 3
1670091535.730354; 315002; 3
1670091535.755354; 315027; 3
1670091535.780364; 315052; 3
1670091535.805360; 315077; 3
1670091535.830359; 315102; 3
1670091535.855359; 315127; 3
1670091535.880364; 315152; 3
1670091535.905360; 315177; 3
1670091535.930354; 315202; 3
1670091535.955354; 315227; 3
1670091535.980361; 315252; 3
1670091536.005356; 315277; 3
1670091536.030361; 315302; 3
1670091536.055355; 315327; 3
1670091536.080361; 315352; 3
1670091536.105360; 315377; 3
1670091536.130374; 315402; 3
1670091536.155359; 315427; 3
1670091536.180359; 315452; 3
1670091536.205364; 315477; 3
1670091536.230360; 315502; 3
1670091536.255359; 315527; 3
1670091536.280354; 315552; 3
1670091536.305359; 315577; 3
1670091536.330372; 315602; 3
1670091536.355359; 315627; 3
1670091536.380359; 315652; 3
1670091536.405354; 315677; 3
1670091536.430362; 315702; 3
1670091536.455355; 315727; 3
1670091536.480354; 315752; 3
1670091536.505354; 315777; 3
1670091536.530359; 315802; 3
1670091536.555360; 315827; 3
1670091536.580359; 315852; 3
1670091536.605359; 315877; 3
1670091536.630364; 315902; 3
1670091536.655360; 315927; 3
1670091536.680359; 315952; 3
1670091536.705359; 315977; 3
1670091536.730364; 316002; 3
1670091536.755355; 316027; 3
1670091536.780359; 316052; 3
1670091536.805359; 316077; 3
1670091536.830359; 316102; 3
1670091536.855362; 316127; 3
1670091536.880355; 316152; 3
1670091536.905354; 316177; 3
1670091536.930354; 316202; 3
1670091536.955359; 316227; 3
1670091536.980355; 316252; 3
1670091537.005354; 316277; 3
1670091537.030360; 316302; 3
1670091537.055360; 316327; 3
1670091537.080362; 316352; 3
1670091537.105355; 316377; 3
1670091537.130354; 316402; 3
1670091537.155408; 316427; 3
1670091537.180360; 316452; 3
1670091537.205354; 316477; 3
1670091537.230354; 316502; 3
1670091537.255354; 316527; 3
1670091537.280368; 316552; 3
1670091537.305360; 316577; 3
1670091537.330359; 316602; 3
1670091537.355362; 316627; 3
1670091537.380364; 316652; 3
1670091537.405360; 316677; 3
1670091537.430359; 316702; 3
1670091537.455359; 316727; 3
1670091537.480364; 316752; 3
1670091537.505361; 316777; 3
1670091537.530359; 316802; 3
1670091537.555359; 316827; 3
1670091537.580357; 316852; 3
1670091537.605356; 316877; 3
1670091537.630359; 316902; 3
1670091537.655359; 316927; 3
1670091537.680359; 316952; 3
1670091537.705362; 316977; 3
1670091537.730355; 317002; 3
1670091537.755354; 317027; 3
1670091537.780354; 317052; 3
1670091537.805359; 317077; 3
1670091537.830355; 317102; 3
1670091537.855354; 317127; 3
1670091537.880354; 317152; 3
1670091537.905359; 317177; 3
1670091537.930355; 317202; 3
1670091537.955354; 317227; 3
1670091537.980354; 317252; 3
1670091538.005354; 317277; 3
1670091538.030365; 317302; 3
1670091538.055356; 317327; 3
1670091538.080361; 317352; 3
1670091538.105355; 317377; 3
1670091538.130368; 317402; 3
1670091538.155360; 317427; 3
1670091538.180359; 317452; 3
1670091538.205359; 317477; 3
1670091538.230364; 317502; 3
1670091538.255361; 317527; 3
1670091538.280354; 317552; 3
1670091538.305354; 317577; 3
1670091538.330359; 317602; 3
1670091538.355355; 317627; 3
1670091538.380359; 317652; 3
1670091538.405359; 317677; 3
1670091538.430348; 317702; 3
1670091538.455364; 317727; 3
1670091538.480361; 317752; 3
1670091538.505359; 317777; 3
1670091538.530359; 317802; 3
1670091538.555368; 317827; 3
1670091538.580361; 317852; 3
1670091538.605354; 317877; 3
1670091538.630354; 317902; 3
1670091538.655359; 317927; 3
1670091538.680355; 317952; 3
1670091538.705354; 317977; 3
1670091538.730354; 318002; 3
1670091538.755359; 318027; 3
1670091538.780361; 318052; 3
1670091538.805354; 318077; 3
1670091538.830354; 318102; 3
1670091538.855354; 318127; 3
1670091538.880359; 318152; 3
1670091538.905355; 318177; 3
1670091538.930354; 318202; 3
1670091538.955354; 318227; 3
1670091538.980368; 318252; 3
1670091539.005355; 318277; 3
1670091539.030360; 318302; 3
1670091539.055355; 318327; 3
1670091539.080365; 318352; 3
1670091539.105356; 318377; 3
1670091539.130354; 318402; 3
1670091539.155354; 318427; 3
1670091539.180363; 318452; 3
1670091539.205365; 318477; 3
1670091539.230359; 318502; 3
1670091539.255354; 318527; 3
1670091539.280354; 318552; 3
1670091539.305359; 318577; 3
1670091539.330355; 318602; 3
1670091539.355354; 318627; 3
1670091539.380354; 318652; 3
1670091539.405368; 318677; 3
1670091539.430355; 318702; 3
1670091539.455354; 318727; 3
1670091539.480354; 318752; 3
1670091539.505359; 318777; 3
1670091539.530355; 318802; 3
1670091539.555354; 318827; 3
1670091539.580354; 318852; 3
1670091539.605354; 318877; 3
1670091539.630364; 318902; 3
1670091539.655361; 318927; 3
1670091539.680359; 318952; 3
1670091539.705359; 318977; 3
1670091539.730364; 319002; 3
1670091539.755360; 319027; 3
1670091539.780359; 319052; 3
1670091539.805359; 319077; 3
1670091539.830362; 319102; 3
1670091539.855355; 319127; 3
1670091539.880354; 319152; 3
1670091539.905354; 319177; 3
1670091539.930359; 319202; 3
1670091539.955355; 319227; 3
1670091539.980354; 319252; 3
1670091540.005354; 319277; 3
1670091540.030355; 319302; 3
1670091540.055365; 319327; 3
1670091540.080356; 319352; 3
1670091540.105360; 319377; 3
1670091540.130359; 319402; 3
1670091540.155364; 319427; 3
1670091540.180361; 319452; 3
1670091540.205359; 319477; 3
1670091540.230359; 319502; 3
1670091540.255368; 319527; 3
1670091540.280355; 319552; 3
1670091540.305354; 319577; 3
1670091540.330354; 319602; 3
1670091540.355359; 319627; 3
1670091540.380355; 319652; 3
1670091540.405354; 319677; 3
1670091540.430354; 319702; 3
1670091540.455354; 319727; 3
1670091540.480364; 319752; 3
1670091540.505361; 319777; 3
1670091540.530359; 319802; 3
1670091540.555359; 319827; 3
1670091540.580364; 319852; 3
1670091540.605360; 319877; 3
1670091540.630359; 319902; 3
1670091540.655354; 319927; 3
1670091540.680368; 319952; 3
1670091540.705361; 319977; 3
1670091540.730359; 320002; 3
1670091540.755359; 320027; 3
1670091540.780363; 320052; 3
1670091540.805362; 320077; 3
1670091540.830354; 320102; 3
1670091540.855354; 320127; 3
1670091540.880354; 320152; 3
1670091540.905359; 320177; 3
1670091540.930355; 320202; 3
1670091540.955354; 320227; 3
1670091540.980354; 320252; 3
1670091541.005359; 320277; 3
1670091541.030362; 320302; 3
1670091541.055355; 320327; 3
1670091541.080361; 320352; 3
1670091541.105369; 320377; 3
1670091541.130355; 320402; 3
1670091541.155354; 320427; 3
1670091541.180354; 320452; 3
1670091541.205354; 320477; 3
1670091541.230359; 320502; 3
1670091541.255361; 320527; 3
1670091541.280354; 320552; 3
1670091541.305359; 320577; 3
1670091541.330364; 320602; 3
1670091541.355360; 320627; 3
1670091541.380359; 320652; 3
1670091541.405359; 320677; 3
1670091541.430364; 320702; 3
1670091541.455382; 320727; 3
1670091541.480359; 320752; 3
1670091541.505359; 320777; 3
1670091541.530368; 320802; 3
1670091541.555360; 320827; 3
1670091541.580359; 320852; 3
1670091541.605359; 320877; 3
1670091541.630359; 320902; 3
1670091541.655395; 320927; 3
1670091541.680355; 320952; 3
1670091541.705354; 320977; 3
1670091541.730359; 321002; 3
1670091541.755364; 321027; 3
1670091541.780361; 321052; 3
1670091541.805359; 321077; 3
1670091541.830359; 321102; 3
1670091541.855364; 321127; 3
1670091541.880355; 321152; 3
1670091541.905354; 321177; 3
1670091541.930354; 321202; 3
1670091541.955368; 321227; 3
1670091541.980360; 321252; 3
1670091542.005359; 321277; 3
1670091542.030355; 321302; 3
1670091542.055360; 321327; 3
1670091542.080365; 321352; 3
1670091542.105356; 321377; 3
1670091542.130354; 321402; 3
1670091542.155354; 321427; 3
1670091542.180359; 321452; 3
1670091542.205355; 321477; 3
1670091542.230354; 321502; 3
1670091542.255354; 321527; 3
1670091542.280359; 321552; 3
1670091542.305355; 321577; 3
1670091542.330354; 321602; 3
1670091542.355354; 321627; 3
1670091542.380361; 321652; 3
1670091542.405356; 321677; 3
1670091542.430359; 321702; 3
1670091542.455359; 321727; 3
1670091542.480371; 321752; 3
1670091542.505359; 321777; 3
1670091542.530355; 321802; 3
1670091542.555354; 321827; 3
1670091542.580354; 321852; 3
1670091542.605359; 321877; 3
1670091542.630355; 321902; 3
1670091542.655354; 321927; 3
1670091542.680359; 321952; 3
1670091542.705359; 321977; 4
1670091542.730355; 322002; 4
1670091542.755354; 322027; 4
1670091542.780359; 322052; 4
1670091542.805359; 322077; 4
1670091542.830368; 322102; 4
1670091542.855361; 322127; 4
1670091542.880359; 322152; 4
1670091542.905359; 322177; 4
1670091542.930364; 322202; 4
1670091542.955361; 322227; 4
1670091542.980359; 322252; 4
1670091543.005359; 322277; 4
1670091543.030360; 322302; 4
1670091543.055362; 322327; 4
1670091543.080355; 322352; 4
1670091543.105355; 322377; 4
1670091543.130359; 322402; 4
1670091543.155355; 322427; 4
1670091543.180354; 322452; 4
1670091543.205354; 322477; 4
1670091543.230354; 322502; 4
1670091543.255368; 322527; 4
1670091543.280355; 322552; 4
1670091543.305354; 322577; 4
1670091543.330354; 322602; 4
1670091543.355359; 322627; 4
1670091543.380355; 322652; 4
1670091543.405354; 322677; 4
1670091543.430354; 322702; 4
1670091543.455359; 322727; 4
1670091543.480355; 322752; 4
1670091543.505360; 322777; 4
1670091543.530359; 322802; 4
1670091543.555359; 322827; 4
1670091543.580355; 322852; 4
1670091543.605354; 322877; 4
1670091543.630354; 322902; 4
1670091543.655354; 322927; 4
1670091543.680368; 322952; 4
1670091543.705356; 322977; 4
1670091543.730359; 323002; 4
1670091543.755359; 323027; 4
1670091543.780364; 323052; 4
1670091543.805360; 323077; 4
1670091543.830359; 323102; 4
1670091543.855359; 323127; 4
1670091543.880364; 323152; 4
1670091543.905361; 323177; 4
1670091543.930354; 323202; 4
1670091543.955354; 323227; 4
1670091543.980357; 323252; 4
1670091544.005356; 323277; 4
1670091544.030360; 323302; 4
1670091544.055355; 323327; 4
1670091544.080360; 323352; 4
1670091544.105369; 323377; 4
1670091544.130355; 323402; 4
1670091544.155354; 323427; 4
1670091544.180354; 323452; 4
1670091544.205359; 323477; 4
1670091544.230355; 323502; 4
1670091544.255354; 323527; 4
1670091544.280354; 323552; 4
1670091544.305359; 323577; 4
1670091544.330355; 323602; 4
1670091544.355354; 323627; 4
1670091544.380359; 323652; 4
1670091544.405359; 323677; 4
1670091544.430364; 323702; 4
1670091544.455361; 323727; 4
1670091544.480359; 323752; 4
1670091544.505359; 323777; 4
1670091544.530362; 323802; 4
1670091544.555355; 323827; 4
1670091544.580354; 323852; 4
1670091544.605354; 323877; 4
1670091544.630359; 323902; 4
1670091544.655355; 323927; 4
1670091544.680354; 323952; 4
1670091544.705354; 323977; 4
1670091544.730364; 324002; 4
1670091544.755361; 324027; 4
1670091544.780358; 324052; 4
1670091544.805359; 324077; 4
1670091544.830359; 324102; 4
1670091544.855364; 324127; 4
1670091544.880360; 324152; 4
1670091544.905359; 324177; 4
1670091544.930359; 324202; 4
1670091544.955368; 324227; 4
1670091544.980360; 324252; 4
1670091545.005359; 324277; 4
1670091545.030355; 324302; 4
1670091545.055360; 324327; 4
1670091545.080362; 324352; 4
1670091545.105355; 324377; 4
1670091545.130354; 324402; 4
1670091545.155364; 324427; 4
1670091545.180361; 324452; 4
1670091545.205359; 324477; 4
1670091545.230359; 324502; 4
1670091545.255359; 324527; 4
1670091545.280359; 324552; 4
1670091545.305355; 324577; 4
1670091545.330354; 324602; 4
1670091545.355354; 324627; 4
1670091545.380368; 324652; 5
1670091545.405361; 324677; 5
1670091545.430359; 324702; 5
1670091545.455359; 324727; 5
1670091545.480364; 324752; 5
1670091545.505360; 324777; 5
1670091545.530359; 324802; 5
1670091545.555354; 324827; 5
1670091545.580363; 324852; 5
1670091545.605356; 324877; 5
1670091545.630359; 324902; 5
1670091545.655359; 324927; 5
1670091545.680359; 324952; 6
1670091545.705364; 324977; 6
1670091545.730360; 325002; 6
1670091545.755354; 325027; 6
1670091545.780359; 325052; 6
1670091545.805368; 325077; 6
1670091545.830361; 325102; 6
1670091545.855359; 325127; 6
1670091545.880359; 325152; 7
1670091545.905364; 325177; 7
1670091545.930360; 325202; 7
1670091545.955359; 325227; 7
1670091545.980354; 325252; 7
1670091546.005354; 325277; 7
1670091546.030365; 325302; 7
1670091546.055356; 325327; 7
1670091546.080360; 325352; 8
1670091546.105355; 325377; 8
1670091546.130359; 325402; 8
1670091546.155355; 325427; 8
1670091546.180359; 325452; 9
1670091546.205359; 325477; 9
1670091546.230362; 325502; 9
1670091546.255355; 325527; 9
1670091546.280354; 325552; 10
1670091546.305354; 325577; 10
1670091546.330359; 325602; 10
1670091546.355355; 325627; 10
1670091546.380354; 325652; 10
1670091546.405354; 325677; 10
1670091546.430359; 325702; 10
1670091546.455355; 325727; 10
1670091546.480359; 325752; 10
1670091546.505359; 325777; 12
1670091546.530359; 325802; 12
1670091546.555359; 325827; 12
1670091546.580355; 325852; 12
1670091546.605359; 325877; 12
1670091546.630359; 325902; 12
1670091546.655368; 325927; 12
1670091546.680355; 325952; 12
1670091546.705359; 325977; 12
1670091546.730359; 326002; 12
1670091546.755364; 326027; 12
1670091546.780380; 326052; 12
1670091546.805359; 326077; 12
1670091546.830354; 326102; 12
1670091546.855359; 326127; 12
1670091546.880355; 326152; 12
1670091546.905359; 326177; 13
1670091546.930359; 326202; 13
1670091546.955359; 326227; 13
1670091546.980374; 326252; 13
1670091547.005354; 326277; 13
1670091547.030361; 326302; 13
1670091547.055369; 326327; 13
1670091547.080362; 326352; 13
1670091547.105360; 326377; 14
1670091547.130354; 326402; 14
1670091547.155359; 326427; 14
1670091547.180355; 326452; 14
1670091547.205359; 326477; 15
1670091547.230359; 326502; 15
1670091547.255357; 326527; 15
1670091547.280356; 326552; 15
1670091547.305359; 326577; 16
1670091547.330359; 326602; 16
1670091547.355359; 326627; 16
1670091547.380359; 326652; 16
1670091547.405355; 326677; 16
1670091547.430359; 326702; 16
1670091547.455359; 326727; 16
1670091547.480368; 326752; 16
1670091547.505355; 326777; 14
1670091547.530359; 326802; 14
1670091547.555359; 326827; 14
1670091547.580364; 326852; 14
1670091547.605355; 326877; 12
1670091547.630359; 326902; 12
1670091547.655354; 326927; 12
1670091547.680359; 326952; 12
1670091547.705355; 326977; 12
1670091547.730359; 327002; 12
1670091547.755359; 327027; 12
1670091547.780364; 327052; 12
1670091547.805375; 327077; 12
1670091547.830359; 327102; 12
1670091547.855359; 327127; 12
1670091547.880362; 327152; 12
1670091547.905360; 327177; 12
1670091547.930354; 327202; 11
1670091547.955354; 327227; 11
1670091547.980359; 327252; 11
1670091548.005362; 327277; 11
1670091548.030360; 327302; 9
1670091548.055375; 327327; 9
1670091548.080361; 327352; 9
1670091548.105360; 327377; 9
1670091548.130355; 327402; 5
1670091548.155354; 327427; 5
1670091548.180354; 327452; 5
1670091548.205359; 327477; 5
1670091548.230355; 327502; 4
1670091548.255354; 327527; 4
1670091548.280354; 327552; 4
1670091548.305362; 327577; 4
1670091548.330355; 327602; 4
1670091548.355354; 327627; 4
1670091548.380354; 327652; 4
1670091548.405359; 327677; 4
1670091548.430360; 327702; 3
1670091548.455359; 327727; 3
1670091548.480359; 327752; 3
1670091548.505359; 327777; 3
1670091548.530363; 327802; 3
1670091548.555360; 327827; 3
1670091548.580359; 327852; 3
1670091548.605359; 327877; 3
1670091548.630359; 327902; 3
1670091548.655356; 327927; 3
1670091548.680354; 327952; 3
1670091548.705354; 327977; 3
1670091548.730368; 328002; 3
1670091548.755360; 328027; 3
1670091548.780359; 328052; 3
1670091548.805359; 328077; 3
1670091548.830359; 328102; 3
1670091548.855355; 328127; 3
1670091548.880354; 328152; 3
1670091548.905354; 328177; 3
1670091548.930354; 328202; 3
1670091548.955359; 328227; 3
1670091548.980355; 328252; 3
1670091549.005354; 328277; 3
1670091549.030364; 328302; 3
1670091549.055365; 328327; 3
1670091549.080356; 328352; 3
1670091549.105360; 328377; 3
1670091549.130359; 328402; 3
1670091549.155368; 328427; 3
1670091549.180360; 328452; 3
1670091549.205359; 328477; 3
1670091549.230359; 328502; 3
1670091549.255363; 328527; 3
1670091549.280356; 328552; 3
1670091549.305354; 328577; 3
1670091549.330354; 328602; 3
1670091549.355354; 328627; 3
1670091549.380359; 328652; 3
1670091549.405355; 328677; 3
1670091549.430354; 328702; 3
1670091549.455359; 328727; 3
1670091549.480364; 328752; 3
1670091549.505360; 328777; 3
1670091549.530359; 328802; 3
1670091549.555359; 328827; 3
1670091549.580362; 328852; 3
1670091549.605355; 328877; 3
1670091549.630354; 328902; 3
1670091549.655359; 328927; 3
1670091549.680359; 328952; 3
1670091549.705364; 328977; 3
1670091549.730360; 329002; 3
1670091549.755359; 329027; 3
1670091549.780359; 329052; 3
1670091549.805364; 329077; 3
1670091549.830361; 329102; 3
1670091549.855354; 329127; 3
1670091549.880354; 329152; 3
1670091549.905359; 329177; 3
1670091549.930355; 329202; 3
1670091549.955354; 329227; 3
1670091549.980354; 329252; 3
1670091550.005362; 329277; 3
1670091550.030362; 329302; 3
1670091550.055355; 329327; 3
1670091550.080360; 329352; 3
1670091550.105364; 329377; 3
1670091550.130359; 329402; 3
1670091550.155355; 329427; 3
1670091550.180354; 329452; 3
1670091550.205354; 329477; 3
1670091550.230359; 329502; 3
1670091550.255355; 329527; 3
1670091550.280354; 329552; 3
1670091550.305354; 329577; 3
1670091550.330359; 329602; 3
1670091550.355355; 329627; 3
1670091550.380354; 329652; 3
1670091550.405354; 329677; 3
1670091550.430368; 329702; 3
1670091550.455360; 329727; 3
1670091550.480354; 329752; 3
1670091550.505354; 329777; 3
1670091550.530359; 329802; 3
1670091550.555364; 329827; 3
1670091550.580360; 329852; 3
1670091550.605359; 329877; 3
1670091550.630359; 329902; 3
1670091550.655364; 329927; 3
1670091550.680355; 329952; 3
1670091550.705354; 329977; 3
1670091550.730354; 330002; 3
1670091550.755359; 330027; 3
1670091550.780361; 330052; 3
1670091550.805359; 330077; 3
1670091550.830359; 330102; 3
1670091550.855366; 330127; 3
1670091550.880356; 330152; 3
1670091550.905359; 330177; 3
1670091550.930354; 330202; 3
1670091550.955354; 330227; 3
1670091550.980359; 330252; 3
1670091551.005355; 330277; 3
1670091551.030360; 330302; 3
1670091551.055355; 330327; 3
1670091551.080360; 330352; 3
1670091551.105356; 330377; 3
1670091551.130354; 330402; 3
1670091551.155354; 330427; 3
1670091551.180359; 330452; 3
1670091551.205355; 330477; 3
1670091551.230354; 330502; 3
1670091551.255354; 330527; 3
1670091551.280354; 330552; 3
1670091551.305362; 330577; 3
1670091551.330355; 330602; 3
1670091551.355354; 330627; 3
1670091551.380354; 330652; 3
1670091551.405359; 330677; 3
1670091551.430355; 330702; 3
1670091551.455354; 330727; 3
1670091551.480354; 330752; 3
1670091551.505364; 330777; 3
1670091551.530360; 330802; 3
1670091551.555359; 330827; 3
1670091551.580359; 330852; 3
1670091551.605364; 330877; 3
1670091551.630360; 330902; 3
1670091551.655359; 330927; 3
1670091551.680359; 330952; 3
1670091551.705359; 330977; 3
1670091551.730368; 331002; 3
1670091551.755361; 331027; 3
1670091551.780359; 331052; 3
1670091551.805359; 331077; 3
1670091551.830364; 331102; 3
1670091551.855360; 331127; 3
1670091551.880359; 331152; 3
1670091551.905359; 331177; 3
1670091551.930364; 331202; 3
1670091551.955360; 331227; 3
1670091551.980359; 331252; 3
1670091552.005359; 331277; 3
1670091552.030360; 331302; 3
1670091552.055362; 331327; 3
1670091552.080355; 331352; 3
1670091552.105376; 331377; 3
1670091552.130359; 331402; 3
1670091552.155362; 331427; 3
1670091552.180355; 331452; 3
1670091552.205354; 331477; 3
1670091552.230354; 331502; 3
1670091552.255359; 331527; 3
1670091552.280355; 331552; 3
1670091552.305376; 331577; 3
1670091552.330359; 331602; 3
1670091552.355364; 331627; 3
1670091552.380361; 331652; 3
1670091552.405359; 331677; 3
1670091552.430359; 331702; 3
1670091552.455357; 331727; 3
1670091552.480356; 331752; 3
1670091552.505359; 331777; 3
1670091552.530359; 331802; 3
1670091552.555359; 331827; 3
1670091552.580368; 331852; 3
1670091552.605360; 331877; 3
1670091552.630359; 331902; 3
1670091552.655359; 331927; 3
1670091552.680364; 331952; 3
1670091552.705360; 331977; 3
1670091552.730354; 332002; 3
1670091552.755354; 332027; 3
1670091552.780364; 332052; 3
1670091552.805361; 332077; 3
1670091552.830359; 332102; 3
1670091552.855359; 332127; 3
1670091552.880359; 332152; 3
1670091552.905364; 332177; 3
1670091552.930355; 332202; 3
1670091552.955354; 332227; 3
1670091552.980354; 332252; 3
1670091553.005362; 332277; 3
1670091553.030362; 332302; 3
1670091553.055355; 332327; 3
1670091553.080360; 332352; 3
1670091553.105360; 332377; 3
1670091553.130372; 332402; 3
1670091553.155354; 332427; 3
1670091553.180354; 332452; 3
1670091553.205359; 332477; 3
1670091553.230355; 332502; 3
1670091553.255354; 332527; 3
1670091553.280354; 332552; 3
1670091553.305354; 332577; 3
1670091553.330361; 332602; 3
1670091553.355355; 332627; 3
1670091553.380358; 332652; 3
1670091553.405359; 332677; 3
1670091553.430368; 332702; 3
1670091553.455360; 332727; 3
1670091553.480359; 332752; 3
1670091553.505359; 332777; 3
1670091553.530364; 332802; 3
1670091553.555361; 332827; 3
1670091553.580359; 332852; 3
1670091553.605359; 332877; 3
1670091553.630364; 332902; 3
1670091553.655360; 332927; 3
1670091553.680359; 332952; 3
1670091553.705359; 332977; 3
1670091553.730359; 333002; 3
1670091553.755364; 333027; 3
1670091553.780360; 333052; 3
1670091553.805359; 333077; 3
1670091553.830359; 333102; 3
1670091553.855368; 333127; 3
1670091553.880361; 333152; 3
1670091553.905359; 333177; 3
1670091553.930359; 333202; 3
1670091553.955364; 333227; 3
1670091553.980360; 333252; 3
1670091554.005356; 333277; 3
1670091554.030355; 333302; 3
1670091554.055359; 333327; 3
1670091554.080363; 333352; 3
1670091554.105360; 333377; 3
1670091554.130359; 333402; 3
1670091554.155360; 333427; 3
1670091554.180359; 333452; 3
1670091554.205360; 333477; 3
1670091554.230359; 333502; 3
1670091554.255359; 333527; 3
1670091554.280362; 333552; 3
1670091554.305355; 333577; 3
1670091554.330354; 333602; 3
1670091554.355359; 333627; 3
1670091554.380359; 333652; 3
1670091554.405355; 333677; 3
1670091554.430354; 333702; 3
1670091554.455354; 333727; 3
1670091554.480354; 333752; 3
1670091554.505359; 333777; 3
1670091554.530355; 333802; 3
1670091554.555354; 333827; 3
1670091554.580359; 333852; 3
1670091554.605364; 333877; 3
1670091554.630355; 333902; 3
1670091554.655354; 333927; 3
1670091554.680354; 333952; 3
1670091554.705362; 333977; 3
1670091554.730355; 334002; 3
1670091554.755354; 334027; 3
1670091554.780354; 334052; 3
1670091554.805359; 334077; 3
1670091554.830355; 334102; 3
1670091554.855354; 334127; 3
1670091554.880354; 334152; 3
1670091554.905354; 334177; 3
1670091554.930359; 334202; 3
1670091554.955355; 334227; 3
1670091554.980354; 334252; 3
1670091555.005354; 334277; 3
1670091555.030365; 334302; 3
1670091555.055356; 334327; 3
1670091555.080361; 334352; 3
1670091555.105355; 334377; 3
1670091555.130368; 334402; 3
1670091555.155361; 334427; 3
1670091555.180354; 334452; 3
1670091555.205354; 334477; 3
1670091555.230359; 334502; 3
1670091555.255355; 334527; 3
1670091555.280354; 334552; 3
1670091555.305354; 334577; 3
1670091555.330354; 334602; 3
1670091555.355359; 334627; 3
1670091555.380355; 334652; 3
1670091555.405354; 334677; 3
1670091555.430359; 334702; 3
1670091555.455364; 334727; 3
1670091555.480361; 334752; 3
1670091555.505359; 334777; 3
1670091555.530359; 334802; 3
1670091555.555362; 334827; 3
1670091555.580355; 334852; 3
1670091555.605354; 334877; 3
1670091555.630354; 334902; 3
1670091555.655363; 334927; 3
1670091555.680362; 334952; 3
1670091555.705354; 334977; 3
1670091555.730354; 335002; 3
1670091555.755354; 335027; 3
1670091555.780364; 335052; 3
1670091555.805355; 335077; 3
1670091555.830354; 335102; 3
1670091555.855354; 335127; 3
1670091555.880359; 335152; 3
1670091555.905355; 335177; 3
1670091555.930354; 335202; 3
1670091555.955354; 335227; 3
1670091555.980362; 335252; 3
1670091556.005355; 335277; 3
1670091556.030361; 335302; 3
1670091556.055355; 335327; 3
1670091556.080360; 335352; 3
1670091556.105360; 335377; 3
1670091556.130355; 335402; 3
1670091556.155354; 335427; 3
1670091556.180354; 335452; 3
1670091556.205364; 335477; 3
1670091556.230360; 335502; 3
1670091556.255354; 335527; 3
1670091556.280354; 335552; 3
1670091556.305359; 335577; 3
1670091556.330355; 335602; 3
1670091556.355354; 335627; 3
1670091556.380354; 335652; 3
1670091556.405362; 335677; 3
1670091556.430355; 335702; 3
1670091556.455354; 335727; 3
1670091556.480354; 335752; 3
1670091556.505354; 335777; 3
1670091556.530359; 335802; 3
1670091556.555355; 335827; 3
1670091556.580354; 335852; 3
1670091556.605354; 335877; 3
1670091556.630359; 335902; 3
1670091556.655355; 335927; 3
1670091556.680354; 335952; 3
1670091556.705354; 335977; 3
1670091556.730359; 336002; 3
1670091556.755355; 336027; 3
1670091556.780359; 336052; 3
1670091556.805359; 336077; 3
1670091556.830368; 336102; 3
1670091556.855360; 336127; 3
1670091556.880359; 336152; 3
1670091556.905359; 336177; 3
1670091556.930359; 336202; 3
1670091556.955364; 336227; 3
1670091556.980360; 336252; 3
1670091557.005359; 336277; 3
1670091557.030361; 336302; 3
1670091557.055360; 336327; 3
1670091557.080362; 336352; 3
1670091557.105355; 336377; 3
1670091557.130354; 336402; 3
1670091557.155359; 336427; 3
1670091557.180355; 336452; 3
1670091557.205354; 336477; 3
1670091557.230354; 336502; 3
1670091557.255361; 336527; 3
1670091557.280356; 336552; 3
1670091557.305359; 336577; 3
1670091557.330359; 336602; 3
1670091557.355359; 336627; 3
1670091557.380364; 336652; 3
1670091557.405361; 336677; 3
1670091557.430376; 336702; 3
1670091557.455359; 336727; 3
1670091557.480364; 336752; 3
1670091557.505360; 336777; 3
1670091557.530359; 336802; 3
1670091557.555359; 336827; 3
1670091557.580364; 336852; 3
1670091557.605360; 336877; 3
1670091557.630373; 336902; 3
1670091557.655354; 336927; 3
1670091557.680354; 336952; 3
1670091557.705368; 336977; 3
1670091557.730361; 337002; 3
1670091557.755359; 337027; 3
1670091557.780359; 337052; 3
1670091557.805364; 337077; 3
1670091557.830361; 337102; 3
1670091557.855359; 337127; 3
1670091557.880359; 337152; 3
1670091557.905364; 337177; 3
1670091557.930361; 337202; 3
1670091557.955359; 337227; 3
1670091557.980359; 337252; 3
1670091558.005364; 337277; 3
1670091558.030356; 337302; 3
1670091558.055355; 337327; 3
1670091558.080360; 337352; 3
1670091558.105355; 337377; 3
1670091558.130362; 337402; 3
1670091558.155355; 337427; 3
1670091558.180354; 337452; 3
1670091558.205354; 337477; 3
1670091558.230359; 337502; 3
1670091558.255355; 337527; 3
1670091558.280354; 337552; 3
1670091558.305354; 337577; 3
1670091558.330359; 337602; 3
1670091558.355355; 337627; 3
1670091558.380354; 337652; 3
1670091558.405354; 337677; 3
1670091558.430359; 337702; 3
1670091558.455378; 337727; 3
1670091558.480359; 337752; 3
1670091558.505359; 337777; 3
1670091558.530359; 337802; 3
1670091558.555362; 337827; 3
1670091558.580355; 337852; 3
1670091558.605354; 337877; 3
1670091558.630354; 337902; 3
1670091558.655362; 337927; 3
1670091558.680360; 337952; 3
1670091558.705360; 337977; 3
1670091558.730359; 338002; 3
1670091558.755364; 338027; 3
1670091558.780360; 338052; 3
1670091558.805359; 338077; 3
1670091558.830359; 338102; 3
1670091558.855357; 338127; 3
1670091558.880356; 338152; 3
1670091558.905359; 338177; 3
1670091558.930359; 338202; 3
1670091558.955359; 338227; 3
1670091558.980362; 338252; 3
1670091559.005355; 338277; 3
1670091559.030361; 338302; 3
1670091559.055355; 338327; 3
1670091559.080365; 338352; 3
1670091559.105356; 338377; 3
1670091559.130359; 338402; 3
1670091559.155359; 338427; 3
1670091559.180364; 338452; 3
1670091559.205360; 338477; 3
1670091559.230359; 338502; 3
1670091559.255359; 338527; 3
1670091559.280354; 338552; 3
1670091559.305359; 338577; 3
1670091559.330355; 338602; 3
1670091559.355354; 338627; 3
1670091559.380354; 338652; 3
1670091559.405368; 338677; 3
1670091559.430360; 338702; 3
1670091559.455359; 338727; 3
1670091559.480354; 338752; 3
1670091559.505359; 338777; 3
1670091559.530360; 338802; 3
1670091559.555359; 338827; 3
1670091559.580359; 338852; 3
1670091559.605364; 338877; 3
1670091559.630361; 338902; 3
1670091559.655359; 338927; 3
1670091559.680359; 338952; 3
1670091559.705354; 338977; 3
1670091559.730359; 339002; 3
1670091559.755355; 339027; 3
1670091559.780359; 339052; 3
1670091559.805359; 339077; 3
1670091559.830362; 339102; 3
1670091559.855355; 339127; 3
1670091559.880354; 339152; 3
1670091559.905359; 339177; 3
1670091559.930364; 339202; 3
1670091559.955355; 339227; 3
1670091559.980354; 339252; 3
1670091560.005354; 339277; 3
1670091560.030365; 339302; 3
1670091560.055356; 339327; 3
1670091560.080361; 339352; 3
1670091560.105360; 339377; 3
1670091560.130359; 339402; 3
1670091560.155364; 339427; 3
1670091560.180360; 339452; 3
1670091560.205359; 339477; 3
1670091560.230359; 339502; 3
1670091560.255368; 339527; 3
1670091560.280355; 339552; 3
1670091560.305354; 339577; 3
1670091560.330354; 339602; 3
1670091560.355359; 339627; 3
1670091560.380355; 339652; 3
1670091560.405354; 339677; 3
1670091560.430354; 339702; 3
1670091560.455363; 339727; 3
1670091560.480362; 339752; 3
1670091560.505359; 339777; 3
1670091560.530359; 339802; 3
1670091560.555359; 339827; 3
1670091560.580364; 339852; 3
1670091560.605360; 339877; 3
1670091560.630359; 339902; 3
1670091560.655359; 339927; 3
1670091560.680368; 339952; 3
1670091560.705360; 339977; 3
1670091560.730359; 340002; 3
1670091560.755359; 340027; 3
1670091560.780364; 340052; 3
1670091560.805360; 340077; 3
1670091560.830359; 340102; 3
1670091560.855359; 340127; 3
1670091560.880359; 340152; 3
1670091560.905364; 340177; 3
1670091560.930355; 340202; 3
1670091560.955354; 340227; 3
1670091560.980354; 340252; 3
1670091561.005359; 340277; 3
1670091561.030362; 340302; 3
1670091561.055355; 340327; 3
1670091561.080360; 340352; 3
1670091561.105369; 340377; 3
1670091561.130360; 340402; 3
1670091561.155359; 340427; 3
1670091561.180359; 340452; 3
1670091561.205364; 340477; 3
1670091561.230361; 340502; 3
1670091561.255359; 340527; 3
1670091561.280354; 340552; 3
1670091561.305354; 340577; 3
1670091561.330364; 340602; 3
1670091561.355360; 340627; 3
1670091561.380359; 340652; 3
1670091561.405359; 340677; 3
1670091561.430364; 340702; 3
1670091561.455361; 340727; 3
1670091561.480359; 340752; 3
1670091561.505359; 340777; 3
1670091561.530362; 340802; 3
1670091561.555355; 340827; 3
1670091561.580359; 340852; 3
1670091561.605359; 340877; 3
1670091561.630364; 340902; 3
1670091561.655361; 340927; 3
1670091561.680359; 340952; 3
1670091561.705359; 340977; 3
1670091561.730354; 341002; 3
1670091561.755359; 341027; 3
1670091561.780360; 341052; 3
1670091561.805359; 341077; 3
1670091561.830359; 341102; 3
1670091561.855364; 341127; 3
1670091561.880361; 341152; 3
1670091561.905359; 341177; 3
1670091561.930359; 341202; 3
1670091561.955362; 341227; 3
1670091561.980355; 341252; 3
1670091562.005359; 341277; 3
1670091562.030355; 341302; 3
1670091562.055359; 341327; 3
1670091562.080363; 341352; 3
1670091562.105361; 341377; 3
1670091562.130359; 341402; 3
1670091562.155359; 341427; 3
1670091562.180364; 341452; 3
1670091562.205360; 341477; 3
1670091562.230359; 341502; 3
1670091562.255359; 341527; 3
1670091562.280359; 341552; 3
1670091562.305355; 341577; 3
1670091562.330354; 341602; 3
1670091562.355354; 341627; 3
1670091562.380368; 341652; 3
1670091562.405360; 341677; 3
1670091562.430359; 341702; 3
1670091562.455359; 341727; 3
1670091562.480359; 341752; 3
1670091562.505364; 341777; 3
1670091562.530361; 341802; 3
1670091562.555354; 341827; 3
1670091562.580354; 341852; 3
1670091562.605359; 341877; 3
1670091562.630355; 341902; 3
1670091562.655354; 341927; 3
1670091562.680354; 341952; 3
1670091562.705359; 341977; 3
1670091562.730355; 342002; 3
1670091562.755379; 342027; 3
1670091562.780359; 342052; 3
1670091562.805368; 342077; 3
1670091562.830361; 342102; 3
1670091562.855359; 342127; 3
1670091562.880359; 342152; 3
1670091562.905359; 342177; 3
1670091562.930364; 342202; 3
1670091562.955393; 342227; 3
1670091562.980354; 342252; 3
1670091563.005354; 342277; 3
1670091563.030365; 342302; 3
1670091563.055356; 342327; 3
1670091563.080361; 342352; 3
1670091563.105355; 342377; 3
1670091563.130359; 342402; 3
1670091563.155355; 342427; 3
1670091563.180354; 342452; 3
1670091563.205354; 342477; 3
1670091563.230362; 342502; 3
1670091563.255355; 342527; 3
1670091563.280354; 342552; 3
1670091563.305354; 342577; 3
1670091563.330354; 342602; 3
1670091563.355359; 342627; 3
1670091563.380355; 342652; 3
1670091563.405354; 342677; 3
1670091563.430354; 342702; 3
1670091563.455359; 342727; 3
1670091563.480355; 342752; 3
1670091563.505354; 342777; 3
1670091563.530354; 342802; 3
1670091563.555359; 342827; 3
1670091563.580360; 342852; 3
1670091563.605359; 342877; 3
1670091563.630354; 342902; 3
1670091563.655366; 342927; 3
1670091563.680362; 342952; 3
1670091563.705354; 342977; 3
1670091563.730354; 343002; 3
1670091563.755354; 343027; 3
1670091563.780370; 343052; 3
1670091563.805355; 343077; 3
1670091563.830354; 343102; 3
1670091563.855354; 343127; 3
1670091563.880359; 343152; 3
1670091563.905355; 343177; 3
1670091563.930354; 343202; 3
1670091563.955354; 343227; 3
1670091563.980362; 343252; 3
1670091564.005355; 343277; 3
1670091564.030365; 343302; 3
1670091564.055360; 343327; 3
1670091564.080355; 343352; 3
1670091564.105369; 343377; 3
1670091564.130355; 343402; 3
1670091564.155354; 343427; 3
1670091564.180354; 343452; 3
1670091564.205364; 343477; 3
1670091564.230361; 343502; 3
1670091564.255359; 343527; 3
1670091564.280354; 343552; 3
1670091564.305359; 343577; 3
1670091564.330355; 343602; 3
1670091564.355354; 343627; 3
1670091564.380354; 343652; 3
1670091564.405359; 343677; 3
1670091564.430355; 343702; 3
1670091564.455354; 343727; 3
1670091564.480354; 343752; 3
1670091564.505354; 343777; 3
1670091564.530368; 343802; 3
1670091564.555361; 343827; 3
1670091564.580359; 343852; 3
1670091564.605360; 343877; 3
1670091564.630364; 343902; 3
1670091564.655361; 343927; 3
1670091564.680359; 343952; 3
1670091564.705359; 343977; 3
1670091564.730364; 344002; 3
1670091564.755360; 344027; 3
1670091564.780359; 344052; 3
1670091564.805359; 344077; 3
1670091564.830364; 344102; 3
1670091564.855360; 344127; 3
1670091564.880359; 344152; 3
1670091564.905359; 344177; 3
1670091564.930359; 344202; 3
1670091564.955362; 344227; 3
1670091564.980355; 344252; 3
1670091565.005354; 344277; 3
1670091565.030355; 344302; 3
1670091565.055360; 344327; 3
1670091565.080362; 344352; 3
1670091565.105355; 344377; 3
1670091565.130354; 344402; 3
1670091565.155359; 344427; 3
1670091565.180355; 344452; 3
1670091565.205354; 344477; 3
1670091565.230359; 344502; 3
1670091565.255357; 344527; 3
1670091565.280362; 344552; 3
1670091565.305354; 344577; 3
1670091565.330354; 344602; 3
1670091565.355354; 344627; 3
1670091565.380362; 344652; 3
1670091565.405355; 344677; 3
1670091565.430359; 344702; 3
1670091565.455359; 344727; 3
1670091565.480364; 344752; 3
1670091565.505360; 344777; 3
1670091565.530359; 344802; 3
1670091565.555359; 344827; 3
1670091565.580364; 344852; 3
1670091565.605361; 344877; 4
1670091565.630354; 344902; 4
1670091565.655354; 344927; 4
1670091565.680359; 344952; 4
1670091565.705364; 344977; 4
1670091565.730360; 345002; 4
1670091565.755359; 345027; 4
1670091565.780359; 345052; 4
1670091565.805368; 345077; 4
1670091565.830360; 345102; 4
1670091565.855359; 345127; 4
1670091565.880359; 345152; 4
1670091565.905364; 345177; 4
1670091565.930360; 345202; 4
1670091565.955359; 345227; 4
1670091565.980359; 345252; 4
1670091566.005364; 345277; 4
1670091566.030362; 345302; 4
1670091566.055355; 345327; 4
1670091566.080360; 345352; 4
1670091566.105355; 345377; 4
1670091566.130359; 345402; 4
1670091566.155355; 345427; 4
1670091566.180354; 345452; 4
1670091566.205354; 345477; 4
1670091566.230362; 345502; 4
1670091566.255360; 345527; 4
1670091566.280354; 345552; 4
1670091566.305354; 345577; 4
1670091566.330359; 345602; 4
1670091566.355355; 345627; 4
1670091566.380354; 345652; 4
1670091566.405354; 345677; 4
1670091566.430359; 345702; 4
1670091566.455360; 345727; 4
1670091566.480359; 345752; 4
1670091566.505359; 345777; 4
1670091566.530359; 345802; 4
1670091566.555364; 345827; 4
1670091566.580361; 345852; 4
1670091566.605359; 345877; 4
1670091566.630359; 345902; 4
1670091566.655367; 345927; 4
1670091566.680360; 345952; 4
1670091566.705359; 345977; 4
1670091566.730359; 346002; 4
1670091566.755364; 346027; 4
1670091566.780361; 346052; 4
1670091566.805359; 346077; 4
1670091566.830359; 346102; 4
1670091566.855363; 346127; 4
1670091566.880362; 346152; 4
1670091566.905354; 346177; 4
1670091566.930354; 346202; 4
1670091566.955354; 346227; 4
1670091566.980359; 346252; 4
1670091567.005355; 346277; 4
1670091567.030360; 346302; 4
1670091567.055355; 346327; 4
1670091567.080369; 346352; 4
1670091567.105356; 346377; 4
1670091567.130354; 346402; 4
1670091567.155354; 346427; 4
1670091567.180359; 346452; 4
1670091567.205355; 346477; 4
1670091567.230354; 346502; 4
1670091567.255354; 346527; 4
1670091567.280354; 346552; 4
1670091567.305359; 346577; 4
1670091567.330360; 346602; 4
1670091567.355359; 346627; 4
1670091567.380359; 346652; 4
1670091567.405364; 346677; 4
1670091567.430361; 346702; 4
1670091567.455359; 346727; 4
1670091567.480359; 346752; 4
1670091567.505368; 346777; 4
1670091567.530361; 346802; 4
1670091567.555359; 346827; 4
1670091567.580359; 346852; 4
1670091567.605364; 346877; 4
1670091567.630361; 346902; 4
1670091567.655359; 346927; 4
1670091567.680354; 346952; 4
1670091567.705354; 346977; 4
1670091567.730359; 347002; 4
1670091567.755355; 347027; 4
1670091567.780359; 347052; 4
1670091567.805359; 347077; 4
1670091567.830364; 347102; 4
1670091567.855361; 347127; 4
1670091567.880359; 347152; 4
1670091567.905359; 347177; 4
1670091567.930368; 347202; 4
1670091567.955360; 347227; 4
1670091567.980359; 347252; 4
1670091568.005359; 347277; 4
1670091568.030360; 347302; 4
1670091568.055362; 347327; 4
1670091568.080385; 347352; 4
1670091568.105361; 347377; 4
1670091568.130359; 347402; 4
1670091568.155364; 347427; 4
1670091568.180361; 347452; 4
1670091568.205359; 347477; 4
1670091568.230359; 347502; 4
1670091568.255364; 347527; 4
1670091568.280368; 347552; 4
1670091568.305354; 347577; 4
1670091568.330354; 347602; 4
1670091568.355362; 347627; 4
1670091568.380355; 347652; 4
1670091568.405354; 347677; 4
1670091568.430354; 347702; 4
1670091568.455363; 347727; 4
1670091568.480362; 347752; 4
1670091568.505354; 347777; 4
1670091568.530354; 347802; 4
1670091568.555359; 347827; 4
1670091568.580364; 347852; 4
1670091568.605361; 347877; 4
1670091568.630359; 347902; 4
1670091568.655359; 347927; 4
1670091568.680364; 347952; 4
1670091568.705355; 347977; 4
1670091568.730354; 348002; 4
1670091568.755354; 348027; 4
1670091568.780368; 348052; 5
1670091568.805361; 348077; 5
1670091568.830359; 348102; 5
1670091568.855359; 348127; 5
1670091568.880359; 348152; 5
1670091568.905359; 348177; 5
1670091568.930355; 348202; 5
1670091568.955359; 348227; 5
1670091568.980359; 348252; 5
1670091569.005364; 348277; 5
1670091569.030356; 348302; 5
1670091569.055361; 348327; 5
1670091569.080355; 348352; 6
1670091569.105362; 348377; 6
1670091569.130360; 348402; 6
1670091569.155359; 348427; 6
1670091569.180359; 348452; 6
1670091569.205362; 348477; 6
1670091569.230355; 348502; 6
1670091569.255354; 348527; 6
1670091569.280354; 348552; 7
1670091569.305356; 348577; 7
1670091569.330359; 348602; 7
1670091569.355371; 348627; 7
1670091569.380354; 348652; 7
1670091569.405354; 348677; 7
1670091569.430359; 348702; 7
1670091569.455355; 348727; 7
1670091569.480354; 348752; 7
1670091569.505354; 348777; 7
1670091569.530364; 348802; 7
1670091569.555361; 348827; 7
1670091569.580359; 348852; 7
1670091569.605359; 348877; 7
1670091569.630368; 348902; 7
1670091569.655361; 348927; 7
1670091569.680359; 348952; 8
1670091569.705359; 348977; 8
1670091569.730359; 349002; 8
1670091569.755364; 349027; 8
1670091569.780360; 349052; 8
1670091569.805359; 349077; 8
1670091569.830359; 349102; 8
1670091569.855364; 349127; 8
1670091569.880361; 349152; 8
1670091569.905359; 349177; 8
1670091569.930359; 349202; 8
1670091569.955364; 349227; 8
1670091569.980360; 349252; 8
1670091570.005359; 349277; 9
1670091570.030355; 349302; 9
1670091570.055368; 349327; 9
1670091570.080357; 349352; 9
1670091570.105355; 349377; 9
1670091570.130360; 349402; 9
1670091570.155359; 349427; 9
1670091570.180364; 349452; 9
1670091570.205360; 349477; 9
1670091570.230359; 349502; 9
1670091570.255359; 349527; 9
1670091570.280359; 349552; 9
1670091570.305355; 349577; 10
1670091570.330360; 349602; 10
1670091570.355354; 349627; 10
1670091570.380359; 349652; 10
1670091570.405355; 349677; 10
1670091570.430359; 349702; 10
1670091570.455359; 349727; 10
1670091570.480362; 349752; 10
1670091570.505361; 349777; 10
1670091570.530354; 349802; 10
1670091570.555354; 349827; 10
1670091570.580363; 349852; 10
1670091570.605356; 349877; 10
1670091570.630359; 349902; 10
1670091570.655359; 349927; 10
1670091570.680354; 349952; 10
1670091570.705364; 349977; 10
1670091570.730355; 350002; 10
1670091570.755354; 350027; 10
1670091570.780359; 350052; 10
1670091570.805359; 350077; 10
1670091570.830355; 350102; 10
1670091570.855359; 350127; 10
1670091570.880359; 350152; 10
1670091570.905368; 350177; 11
1670091570.930355; 350202; 11
1670091570.955359; 350227; 11
1670091570.980359; 350252; 11
1670091571.005364; 350277; 11
1670091571.030356; 350302; 11
1670091571.055360; 350327; 11
1670091571.080360; 350352; 11
1670091571.105360; 350377; 11
1670091571.130361; 350402; 12
1670091571.155359; 350427; 12
1670091571.180359; 350452; 12
1670091571.205359; 350477; 12
1670091571.230355; 350502; 12
1670091571.255354; 350527; 12
1670091571.280359; 350552; 12
1670091571.305368; 350577; 12
1670091571.330355; 350602; 12
1670091571.355359; 350627; 12
1670091571.380359; 350652; 12
1670091571.405358; 350677; 12
1670091571.430356; 350702; 11
1670091571.455359; 350727; 11
1670091571.480359; 350752; 11
1670091571.505359; 350777; 11
1670091571.530359; 350802; 11
1670091571.555355; 350827; 11
1670091571.580354; 350852; 11
1670091571.605354; 350877; 11
1670091571.630359; 350902; 12
1670091571.655355; 350927; 12
1670091571.680359; 350952; 12
1670091571.705359; 350977; 12
1670091571.730362; 351002; 12
1670091571.755361; 351027; 12
1670091571.780354; 351052; 12
1670091571.805354; 351077; 12
1670091571.830359; 351102; 12
1670091571.855355; 351127; 12
1670091571.880359; 351152; 12
1670091571.905354; 351177; 12
1670091571.930359; 351202; 11
1670091571.955355; 351227; 11
1670091571.980359; 351252; 11
1670091572.005354; 351277; 11
1670091572.030365; 351302; 8
1670091572.055356; 351327; 8
1670091572.080361; 351352; 8
1670091572.105355; 351377; 8
1670091572.130354; 351402; 7
1670091572.155362; 351427; 7
1670091572.180355; 351452; 7
1670091572.205354; 351477; 7
1670091572.230354; 351502; 7
1670091572.255359; 351527; 8
1670091572.280360; 351552; 8
1670091572.305359; 351577; 8
1670091572.330359; 351602; 8
1670091572.355364; 351627; 9
1670091572.380361; 351652; 9
1670091572.405354; 351677; 9
1670091572.430354; 351702; 9
1670091572.455359; 351727; 9
1670091572.480355; 351752; 9
1670091572.505354; 351777; 9
1670091572.530354; 351802; 9
1670091572.555354; 351827; 10
1670091572.580368; 351852; 10
1670091572.605355; 351877; 10
1670091572.630359; 351902; 10
1670091572.655354; 351927; 11
1670091572.680359; 351952; 11
1670091572.705355; 351977; 11
1670091572.730359; 352002; 11
1670091572.755359; 352027; 11
1670091572.780364; 352052; 11
1670091572.805355; 352077; 11
1670091572.830359; 352102; 11
1670091572.855359; 352127; 12
1670091572.880359; 352152; 12
1670091572.905355; 352177; 12
1670091572.930359; 352202; 12
1670091572.955359; 352227; 12
1670091572.980368; 352252; 12
1670091573.005355; 352277; 12
1670091573.030360; 352302; 12
1670091573.055355; 352327; 12
1670091573.080365; 352352; 12
1670091573.105356; 352377; 12
1670091573.130359; 352402; 12
1670091573.155359; 352427; 12
1670091573.180359; 352452; 12
1670091573.205355; 352477; 12
1670091573.230359; 352502; 12
1670091573.255359; 352527; 12
1670091573.280363; 352552; 12
1670091573.305356; 352577; 12
1670091573.330359; 352602; 12
1670091573.355359; 352627; 12
1670091573.380359; 352652; 12
1670091573.405388; 352677; 12
1670091573.430355; 352702; 12
1670091573.455354; 352727; 12
1670091573.480354; 352752; 12
1670091573.505359; 352777; 12
1670091573.530355; 352802; 12
1670091573.555359; 352827; 12
1670091573.580359; 352852; 12
1670091573.605380; 352877; 12
1670091573.630355; 352902; 12
1670091573.655359; 352927; 12
1670091573.680359; 352952; 11
1670091573.705359; 352977; 11
1670091573.730355; 353002; 11
1670091573.755359; 353027; 11
1670091573.780359; 353052; 10
1670091573.805362; 353077; 10
1670091573.830360; 353102; 10
1670091573.855354; 353127; 10
1670091573.880354; 353152; 9
1670091573.905359; 353177; 9
1670091573.930355; 353202; 9
1670091573.955354; 353227; 9
1670091573.980354; 353252; 8
1670091574.005354; 353277; 8
1670091574.030360; 353302; 8
1670091574.055362; 353327; 8
1670091574.080360; 353352; 8
1670091574.105355; 353377; 8
1670091574.130359; 353402; 8
1670091574.155355; 353427; 8
1670091574.180354; 353452; 8
1670091574.205354; 353477; 8
1670091574.230362; 353502; 8
1670091574.255355; 353527; 8
1670091574.280354; 353552; 7
1670091574.305354; 353577; 7
1670091574.330359; 353602; 7
1670091574.355355; 353627; 7
1670091574.380354; 353652; 5
1670091574.405354; 353677; 5
1670091574.430361; 353702; 5
1670091574.455359; 353727; 5
1670091574.480355; 353752; 5
1670091574.505354; 353777; 4
1670091574.530354; 353802; 4
1670091574.555359; 353827; 4
1670091574.580355; 353852; 4
1670091574.605354; 353877; 4
1670091574.630359; 353902; 4
1670091574.655362; 353927; 4
1670091574.680367; 353952; 4
1670091574.705359; 353977; 4
1670091574.730359; 354002; 4
1670091574.755364; 354027; 4
1670091574.780361; 354052; 4
1670091574.805359; 354077; 4
1670091574.830359; 354102; 4
1670091574.855354; 354127; 4
1670091574.880359; 354152; 4
1670091574.905355; 354177; 4
1670091574.930354; 354202; 4
1670091574.955354; 354227; 4
1670091574.980359; 354252; 4
1670091575.005355; 354277; 4
1670091575.030361; 354302; 4
1670091575.055355; 354327; 4
1670091575.080363; 354352; 4
1670091575.105362; 354377; 4
1670091575.130354; 354402; 4
1670091575.155354; 354427; 4
1670091575.180363; 354452; 4
1670091575.205362; 354477; 4
1670091575.230354; 354502; 4
1670091575.255354; 354527; 4
1670091575.280354; 354552; 4
1670091575.305359; 354577; 4
1670091575.330355; 354602; 4
1670091575.355354; 354627; 4
1670091575.380354; 354652; 4
1670091575.405359; 354677; 5
1670091575.430355; 354702; 5
1670091575.455359; 354727; 5
1670091575.480359; 354752; 5
1670091575.505367; 354777; 5
1670091575.530360; 354802; 5
1670091575.555359; 354827; 5
1670091575.580359; 354852; 5
1670091575.605359; 354877; 5
1670091575.630364; 354902; 5
1670091575.655355; 354927; 5
1670091575.680359; 354952; 5
1670091575.705359; 354977; 5
1670091575.730364; 355002; 6
1670091575.755361; 355027; 6
1670091575.780359; 355052; 6
1670091575.805359; 355077; 6
1670091575.830364; 355102; 7
1670091575.855360; 355127; 7
1670091575.880359; 355152; 7
1670091575.905359; 355177; 7
1670091575.930368; 355202; 8
1670091575.955360; 355227; 8
1670091575.980359; 355252; 8
1670091576.005359; 355277; 8
1670091576.030355; 355302; 8
1670091576.055360; 355327; 8
1670091576.080356; 355352; 8
1670091576.105360; 355377; 8
1670091576.130359; 355402; 9
1670091576.155364; 355427; 9
1670091576.180360; 355452; 9
1670091576.205359; 355477; 9
1670091576.230359; 355502; 10
1670091576.255359; 355527; 10
1670091576.280361; 355552; 10
1670091576.305354; 355577; 10
1670091576.330359; 355602; 11
1670091576.355368; 355627; 11
1670091576.380355; 355652; 11
1670091576.405359; 355677; 11
1670091576.430359; 355702; 12
1670091576.455364; 355727; 12
1670091576.480360; 355752; 12
1670091576.505354; 355777; 12
1670091576.530354; 355802; 14
1670091576.555354; 355827; 14
1670091576.580359; 355852; 14
1670091576.605355; 355877; 14
1670091576.630359; 355902; 16
1670091576.655359; 355927; 16
1670091576.680364; 355952; 16
1670091576.705361; 355977; 16
1670091576.730354; 356002; 17
1670091576.755354; 356027; 17
1670091576.780368; 356052; 17
1670091576.805355; 356077; 17
1670091576.830359; 356102; 17
1670091576.855359; 356127; 16
1670091576.880364; 356152; 16
1670091576.905355; 356177; 16
1670091576.930359; 356202; 16
1670091576.955354; 356227; 17
1670091576.980359; 356252; 17
1670091577.005355; 356277; 17
1670091577.030360; 356302; 17
1670091577.055355; 356327; 17
1670091577.080365; 356352; 17
1670091577.105356; 356377; 17
1670091577.130359; 356402; 17
1670091577.155354; 356427; 19
1670091577.180362; 356452; 19
1670091577.205360; 356477; 19
1670091577.230354; 356502; 19
1670091577.255354; 356527; 19
1670091577.280364; 356552; 19
1670091577.305361; 356577; 19
1670091577.330354; 356602; 19
1670091577.355354; 356627; 21
1670091577.380354; 356652; 21
1670091577.405359; 356677; 21
1670091577.430355; 356702; 21
1670091577.455359; 356727; 20
1670091577.480359; 356752; 20
1670091577.505364; 356777; 20
1670091577.530355; 356802; 20
1670091577.555359; 356827; 20
1670091577.580359; 356852; 20
1670091577.605362; 356877; 20
1670091577.630361; 356902; 20
1670091577.655354; 356927; 18
1670091577.680354; 356952; 18
1670091577.705364; 356977; 18
1670091577.730355; 357002; 18
1670091577.755359; 357027; 16
1670091577.780359; 357052; 16
1670091577.805359; 357077; 16
1670091577.830355; 357102; 16
1670091577.855359; 357127; 14
1670091577.880359; 357152; 14
1670091577.905361; 357177; 14
1670091577.930360; 357202; 14
1670091577.955354; 357227; 16
1670091577.980359; 357252; 16
1670091578.005368; 357277; 16
1670091578.030356; 357302; 16
1670091578.055360; 357327; 16
1670091578.080361; 357352; 15
1670091578.105364; 357377; 15
1670091578.130362; 357402; 15
1670091578.155354; 357427; 15
1670091578.180354; 357452; 13
1670091578.205354; 357477; 13
1670091578.230364; 357502; 13
1670091578.255355; 357527; 13
1670091578.280359; 357552; 9
1670091578.305359; 357577; 9
1670091578.330359; 357602; 9
1670091578.355355; 357627; 9
1670091578.380354; 357652; 6
1670091578.405354; 357677; 6
1670091578.430362; 357702; 6
1670091578.455355; 357727; 6
1670091578.480354; 357752; 4
1670091578.505354; 357777; 4
1670091578.530359; 357802; 4
1670091578.555355; 357827; 4
1670091578.580354; 357852; 4
1670091578.605354; 357877; 4
1670091578.630354; 357902; 4
1670091578.655359; 357927; 4
1670091578.680355; 357952; 4
1670091578.705354; 357977; 4
1670091578.730387; 358002; 4
1670091578.755364; 358027; 4
1670091578.780361; 358052; 4
1670091578.805359; 358077; 4
1670091578.830359; 358102; 4
1670091578.855368; 358127; 4
1670091578.880360; 358152; 3
1670091578.905359; 358177; 3
1670091578.930369; 358202; 3
1670091578.955359; 358227; 3
1670091578.980355; 358252; 3
1670091579.005354; 358277; 3
1670091579.030360; 358302; 3
1670091579.055355; 358327; 3
1670091579.080365; 358352; 3
1670091579.105356; 358377; 3
1670091579.130354; 358402; 3
1670091579.155359; 358427; 3
1670091579.180364; 358452; 3
1670091579.205360; 358477; 3
1670091579.230359; 358502; 3
1670091579.255359; 358527; 3
1670091579.280368; 358552; 3
1670091579.305360; 358577; 3
1670091579.330359; 358602; 3
1670091579.355354; 358627; 3
1670091579.380359; 358652; 3
1670091579.405355; 358677; 3
1670091579.430354; 358702; 3
1670091579.455354; 358727; 3
1670091579.480354; 358752; 3
1670091579.505359; 358777; 3
1670091579.530355; 358802; 3
1670091579.555359; 358827; 3
1670091579.580359; 358852; 3
1670091579.605364; 358877; 3
1670091579.630360; 358902; 3
1670091579.655359; 358927; 3
1670091579.680359; 358952; 3
1670091579.705368; 358977; 3
1670091579.730360; 359002; 3
1670091579.755359; 359027; 3
1670091579.780359; 359052; 3
1670091579.805357; 359077; 3
1670091579.830356; 359102; 3
1670091579.855359; 359127; 3
1670091579.880359; 359152; 3
1670091579.905359; 359177; 3
1670091579.930364; 359202; 3
1670091579.955361; 359227; 3
1670091579.980359; 359252; 3
1670091580.005360; 359277; 3
1670091580.030360; 359302; 3
1670091580.055362; 359327; 3
1670091580.080360; 359352; 3
1670091580.105355; 359377; 3
1670091580.130362; 359402; 3
1670091580.155355; 359427; 3
1670091580.180354; 359452; 3
1670091580.205354; 359477; 3
1670091580.230354; 359502; 3
1670091580.255359; 359527; 3
1670091580.280361; 359552; 3
1670091580.305359; 359577; 3
1670091580.330359; 359602; 3
1670091580.355364; 359627; 3
1670091580.380355; 359652; 3
1670091580.405354; 359677; 3
1670091580.430359; 359702; 3
1670091580.455364; 359727; 3
1670091580.480360; 359752; 3
1670091580.505359; 359777; 3
1670091580.530359; 359802; 3
1670091580.555368; 359827; 3
1670091580.580355; 359852; 3
1670091580.605354; 359877; 3
1670091580.630354; 359902; 3
1670091580.655354; 359927; 3
1670091580.680359; 359952; 3
1670091580.705355; 359977; 3
1670091580.730354; 360002; 3
1670091580.755354; 360027; 3
1670091580.780367; 360052; 3
1670091580.805355; 360077; 3
1670091580.830354; 360102; 3
1670091580.855354; 360127; 3
1670091580.880359; 360152; 3
1670091580.905355; 360177; 3
1670091580.930354; 360202; 3
1670091580.955354; 360227; 3
1670091580.980362; 360252; 3
1670091581.005355; 360277; 3
1670091581.030360; 360302; 3
1670091581.055355; 360327; 3
1670091581.080360; 360352; 3
1670091581.105360; 360377; 3
1670091581.130355; 360402; 3
1670091581.155354; 360427; 3
1670091581.180354; 360452; 3
1670091581.205364; 360477; 3
1670091581.230360; 360502; 3
1670091581.255354; 360527; 3
1670091581.280354; 360552; 3
1670091581.305364; 360577; 3
1670091581.330361; 360602; 3
1670091581.355359; 360627; 3
1670091581.380359; 360652; 3
1670091581.405366; 360677; 3
1670091581.430362; 360702; 3
1670091581.455354; 360727; 3
1670091581.480354; 360752; 3
1670091581.505354; 360777; 3
1670091581.530359; 360802; 3
1670091581.555355; 360827; 3
1670091581.580354; 360852; 3
1670091581.605354; 360877; 3
1670091581.630359; 360902; 3
1670091581.655360; 360927; 3
1670091581.680359; 360952; 3
1670091581.705359; 360977; 3
1670091581.730364; 361002; 3
1670091581.755360; 361027; 3
1670091581.780354; 361052; 3
1670091581.805354; 361077; 3
1670091581.830354; 361102; 3
1670091581.855368; 361127; 3
1670091581.880361; 361152; 3
1670091581.905359; 361177; 3
1670091581.930359; 361202; 3
1670091581.955364; 361227; 3
1670091581.980360; 361252; 3
1670091582.005359; 361277; 3
1670091582.030355; 361302; 3
1670091582.055360; 361327; 3
1670091582.080362; 361352; 3
1670091582.105355; 361377; 3
1670091582.130354; 361402; 3
1670091582.155359; 361427; 3
1670091582.180355; 361452; 3
1670091582.205354; 361477; 3
1670091582.230354; 361502; 3
1670091582.255354; 361527; 3
1670091582.280368; 361552; 3
1670091582.305360; 361577; 3
1670091582.330359; 361602; 3
1670091582.355359; 361627; 3
1670091582.380364; 361652; 3
1670091582.405360; 361677; 3
1670091582.430359; 361702; 3
1670091582.455359; 361727; 3
1670091582.480359; 361752; 3
1670091582.505355; 361777; 3
1670091582.530354; 361802; 3
1670091582.555354; 361827; 3
1670091582.580359; 361852; 3
1670091582.605355; 361877; 3
1670091582.630359; 361902; 3
1670091582.655359; 361927; 3
1670091582.680359; 361952; 3
1670091582.705362; 361977; 3
1670091582.730355; 362002; 3
1670091582.755354; 362027; 3
1670091582.780359; 362052; 3
1670091582.805364; 362077; 3
1670091582.830360; 362102; 3
1670091582.855359; 362127; 3
1670091582.880359; 362152; 3
1670091582.905364; 362177; 3
1670091582.930360; 362202; 3
1670091582.955359; 362227; 3
1670091582.980359; 362252; 3
1670091583.005357; 362277; 3
1670091583.030363; 362302; 3
1670091583.055361; 362327; 3
1670091583.080355; 362352; 3
1670091583.105360; 362377; 3
1670091583.130368; 362402; 3
1670091583.155355; 362427; 3
1670091583.180354; 362452; 3
1670091583.205354; 362477; 3
1670091583.230373; 362502; 3
1670091583.255360; 362527; 3
1670091583.280359; 362552; 3
1670091583.305359; 362577; 3
1670091583.330364; 362602; 3
1670091583.355361; 362627; 3
1670091583.380359; 362652; 3
1670091583.405359; 362677; 3
1670091583.430359; 362702; 3
1670091583.455364; 362727; 3
1670091583.480360; 362752; 3
1670091583.505359; 362777; 3
1670091583.530359; 362802; 3
1670091583.555362; 362827; 3
1670091583.580355; 362852; 4
1670091583.605354; 362877; 4
1670091583.630354; 362902; 4
1670091583.655359; 362927; 4
1670091583.680355; 362952; 4
1670091583.705359; 362977; 4
1670091583.730359; 363002; 4
1670091583.755364; 363027; 4
1670091583.780360; 363052; 4
1670091583.805359; 363077; 4
1670091583.830359; 363102; 4
1670091583.855354; 363127; 4
1670091583.880359; 363152; 4
1670091583.905355; 363177; 4
1670091583.930354; 363202; 4
1670091583.955354; 363227; 4
1670091583.980368; 363252; 4
1670091584.005360; 363277; 4
1670091584.030355; 363302; 4
1670091584.055371; 363327; 4
1670091584.080360; 363352; 4
1670091584.105356; 363377; 4
1670091584.130354; 363402; 4
1670091584.155354; 363427; 4
1670091584.180359; 363452; 4
1670091584.205355; 363477; 4
1670091584.230354; 363502; 4
1670091584.255374; 363527; 4
1670091584.280359; 363552; 4
1670091584.305364; 363577; 4
1670091584.330361; 363602; 4
1670091584.355359; 363627; 4
1670091584.380359; 363652; 4
1670091584.405368; 363677; 4
1670091584.430360; 363702; 4
1670091584.455359; 363727; 4
1670091584.480359; 363752; 4
1670091584.505364; 363777; 4
1670091584.530360; 363802; 4
1670091584.555359; 363827; 4
1670091584.580359; 363852; 4
1670091584.605357; 363877; 4
1670091584.630356; 363902; 4
1670091584.655359; 363927; 4
1670091584.680354; 363952; 4
1670091584.705354; 363977; 4
1670091584.730359; 364002; 4
1670091584.755355; 364027; 4
1670091584.780359; 364052; 4
1670091584.805359; 364077; 4
1670091584.830368; 364102; 4
1670091584.855361; 364127; 4
1670091584.880359; 364152; 4
1670091584.905359; 364177; 4
1670091584.930364; 364202; 4
1670091584.955361; 364227; 4
1670091584.980359; 364252; 4
1670091585.005359; 364277; 4
1670091585.030355; 364302; 4
1670091585.055365; 364327; 4
1670091585.080361; 364352; 4
1670091585.105355; 364377; 4
1670091585.130354; 364402; 3
1670091585.155359; 364427; 3
1670091585.180355; 364452; 3
1670091585.205354; 364477; 3
1670091585.230354; 364502; 3
1670091585.255368; 364527; 3
1670091585.280356; 364552; 3
1670091585.305354; 364577; 3
1670091585.330355; 364602; 3
1670091585.355359; 364627; 3
1670091585.380355; 364652; 3
1670091585.405354; 364677; 3
1670091585.430354; 364702; 3
1670091585.455354; 364727; 3
1670091585.480359; 364752; 3
1670091585.505360; 364777; 3
1670091585.530359; 364802; 3
1670091585.555359; 364827; 3
1670091585.580364; 364852; 3
1670091585.605361; 364877; 3
1670091585.630359; 364902; 3
1670091585.655359; 364927; 3
1670091585.680362; 364952; 3
1670091585.705355; 364977; 3
1670091585.730354; 365002; 3
1670091585.755359; 365027; 3
1670091585.780364; 365052; 3
1670091585.805360; 365077; 3
1670091585.830359; 365102; 3
1670091585.855359; 365127; 3
1670091585.880359; 365152; 3
1670091585.905364; 365177; 3
1670091585.930360; 365202; 3
1670091585.955359; 365227; 3
1670091585.980359; 365252; 3
1670091586.005364; 365277; 3
1670091586.030356; 365302; 3
1670091586.055360; 365327; 3
1670091586.080355; 365352; 3
1670091586.105369; 365377; 3
1670091586.130355; 365402; 3
1670091586.155359; 365427; 3
1670091586.180359; 365452; 3
1670091586.205357; 365477; 3
1670091586.230356; 365502; 3
1670091586.255359; 365527; 3
1670091586.280359; 365552; 3
1670091586.305362; 365577; 3
1670091586.330364; 365602; 3
1670091586.355361; 365627; 3
1670091586.380359; 365652; 3
1670091586.405359; 365677; 3
1670091586.430364; 365702; 3
1670091586.455360; 365727; 3
1670091586.480359; 365752; 3
1670091586.505359; 365777; 3
1670091586.530368; 365802; 3
1670091586.555361; 365827; 3
1670091586.580354; 365852; 3
1670091586.605354; 365877; 3
1670091586.630354; 365902; 3
1670091586.655359; 365927; 3
1670091586.680355; 365952; 3
1670091586.705354; 365977; 3
1670091586.730359; 366002; 3
1670091586.755364; 366027; 3
1670091586.780361; 366052; 3
1670091586.805359; 366077; 3
1670091586.830359; 366102; 3
1670091586.855364; 366127; 4
1670091586.880360; 366152; 4
1670091586.905359; 366177; 4
1670091586.930354; 366202; 4
1670091586.955368; 366227; 4
1670091586.980355; 366252; 4
1670091587.005354; 366277; 4
1670091587.030360; 366302; 4
1670091587.055355; 366327; 4
1670091587.080365; 366352; 4
1670091587.105356; 366377; 4
1670091587.130354; 366402; 4
1670091587.155354; 366427; 4
1670091587.180359; 366452; 4
1670091587.205355; 366477; 4
1670091587.230354; 366502; 4
1670091587.255354; 366527; 4
1670091587.280364; 366552; 4
1670091587.305361; 366577; 4
1670091587.330359; 366602; 4
1670091587.355359; 366627; 4
1670091587.380371; 366652; 4
1670091587.405355; 366677; 4
1670091587.430354; 366702; 4
1670091587.455354; 366727; 4
1670091587.480354; 366752; 4
1670091587.505359; 366777; 4
1670091587.530355; 366802; 4
1670091587.555359; 366827; 4
1670091587.580359; 366852; 4
1670091587.605364; 366877; 4
1670091587.630360; 366902; 4
1670091587.655359; 366927; 4
1670091587.680359; 366952; 4
1670091587.705364; 366977; 4
1670091587.730361; 367002; 4
1670091587.755354; 367027; 4
1670091587.780359; 367052; 4
1670091587.805366; 367077; 4
1670091587.830362; 367102; 4
1670091587.855354; 367127; 4
1670091587.880354; 367152; 4
1670091587.905354; 367177; 4
1670091587.930359; 367202; 4
1670091587.955355; 367227; 4
1670091587.980354; 367252; 4
1670091588.005354; 367277; 4
1670091588.030365; 367302; 4
1670091588.055356; 367327; 4
1670091588.080360; 367352; 4
1670091588.105355; 367377; 4
1670091588.130359; 367402; 4
1670091588.155360; 367427; 4
1670091588.180359; 367452; 4
1670091588.205354; 367477; 4
1670091588.230354; 367502; 4
1670091588.255362; 367527; 4
1670091588.280361; 367552; 4
1670091588.305359; 367577; 4
1670091588.330359; 367602; 4
1670091588.355359; 367627; 4
1670091588.380355; 367652; 4
1670091588.405354; 367677; 4
1670091588.430354; 367702; 4
1670091588.455359; 367727; 4
1670091588.480355; 367752; 4
1670091588.505354; 367777; 4
1670091588.530354; 367802; 4
1670091588.555369; 367827; 4
