1670091467.631196; 246902; 4
1670091467.655358; 246927; 4
1670091467.680355; 246952; 4
1670091467.705355; 246977; 4
1670091467.730355; 247002; 4
1670091467.755369; 247027; 4
1670091467.780356; 247052; 4
1670091467.805355; 247077; 4
1670091467.830355; 247102; 4
1670091467.855360; 247127; 4
1670091467.880356; 247152; 4
1670091467.905359; 247177; 4
1670091467.930376; 247202; 4
1670091467.955360; 247227; 4
1670091467.980360; 247252; 4
1670091468.005359; 247277; 4
1670091468.030360; 247302; 4
1670091468.055356; 247327; 4
1670091468.080365; 247352; 4
1670091468.105357; 247377; 4
1670091468.130371; 247402; 4
1670091468.155359; 247427; 4
1670091468.312447; 247584; 4
1670091468.337356; 247609; 4
1670091468.362355; 247634; 4
1670091468.387362; 247659; 4
1670091468.412364; 247684; 4
1670091468.437360; 247709; 4
1670091468.462359; 247734; 4
1670091468.487359; 247759; 4
1670091468.512364; 247784; 4
1670091468.537360; 247809; 4
1670091468.562359; 247834; 4
1670091468.587359; 247859; 4
1670091468.612359; 247884; 4
1670091468.637364; 247909; 4
1670091468.662360; 247934; 4
1670091468.687359; 247959; 4
1670091468.712359; 247984; 4
1670091468.737363; 248009; 4
1670091468.762356; 248034; 4
1670091468.787359; 248059; 4
1670091468.812355; 248084; 4
1670091468.837360; 248109; 4
1670091468.862356; 248134; 4
1670091468.887359; 248159; 4
1670091468.912359; 248184; 4
1670091468.937364; 248209; 4
1670091468.962360; 248234; 4
1670091468.987359; 248259; 4
1670091469.012359; 248284; 4
1670091469.037360; 248309; 4
1670091469.062361; 248334; 4
1670091469.087361; 248359; 4
1670091469.112356; 248384; 4
1670091469.137359; 248409; 4
1670091469.162363; 248434; 4
1670091469.187360; 248459; 4
1670091469.212359; 248484; 4
1670091469.237359; 248509; 4
1670091469.262364; 248534; 4
1670091469.287360; 248559; 4
1670091469.312359; 248584; 4
1670091469.337359; 248609; 4
1670091469.362363; 248634; 4
1670091469.387357; 248659; 4
1670091469.412359; 248684; 4
1670091469.437359; 248709; 4
1670091469.462359; 248734; 4
1670091469.487364; 248759; 4
1670091469.512360; 248784; 4
1670091469.537359; 248809; 4
1670091469.562359; 248834; 4
1670091469.587363; 248859; 4
1670091469.612360; 248884; 4
1670091469.637359; 248909; 4
1670091469.662359; 248934; 4
1670091469.687364; 248959; 4
1670091469.712360; 248984; 4
1670091469.737359; 249009; 4
1670091469.762359; 249034; 4
1670091469.787359; 249059; 4
1670091469.812364; 249084; 4
1670091469.837360; 249109; 4
1670091469.862359; 249134; 4
1670091469.887359; 249159; 4
1670091469.912364; 249184; 4
1670091469.937360; 249209; 4
1670091469.962359; 249234; 4
1670091469.987359; 249259; 4
1670091470.012363; 249284; 4
1670091470.037361; 249309; 4
1670091470.062356; 249334; 4
1670091470.087360; 249359; 4
1670091470.112361; 249384; 4
1670091470.137360; 249409; 4
1670091470.162359; 249434; 4
1670091470.187359; 249459; 4
1670091470.212359; 249484; 4
1670091470.237364; 249509; 4
1670091470.262360; 249534; 4
1670091470.287359; 249559; 4
1670091470.312359; 249584; 4
1670091470.337364; 249609; 4
1670091470.362360; 249634; 4
1670091470.387359; 249659; 4
1670091470.412355; 249684; 4
1670091470.437367; 249709; 4
1670091470.462360; 249734; 4
1670091470.487359; 249759; 4
1670091470.512359; 249784; 4
1670091470.537364; 249809; 4
1670091470.562360; 249834; 4
1670091470.587359; 249859; 4
1670091470.612355; 249884; 4
1670091470.637355; 249909; 4
1670091470.662360; 249934; 4
1670091470.687356; 249959; 4
1670091470.712359; 249984; 4
1670091470.737359; 250009; 4
1670091470.762364; 250034; 4
1670091470.787356; 250059; 4
1670091470.812359; 250084; 4
1670091470.837359; 250109; 4
1670091470.862363; 250134; 4
1670091470.887360; 250159; 4
1670091470.912359; 250184; 4
1670091470.937359; 250209; 4
1670091470.962359; 250234; 4
1670091470.987357; 250259; 4
1670091471.012359; 250284; 4
1670091471.037360; 250309; 4
1670091471.062356; 250334; 4
1670091471.087361; 250359; 4
1670091471.112361; 250384; 4
1670091471.137355; 250409; 4
1670091471.162355; 250434; 4
1670091471.187360; 250459; 4
1670091471.212356; 250484; 4
1670091471.237355; 250509; 4
1670091471.262359; 250534; 4
1670091471.287367; 250559; 4
1670091471.312360; 250584; 4
1670091471.337359; 250609; 4
1670091471.362359; 250634; 4
1670091471.387359; 250659; 4
1670091471.412398; 250684; 4
1670091471.437360; 250709; 4
1670091471.462359; 250734; 4
1670091471.487359; 250759; 4
1670091471.512364; 250784; 4
1670091471.537360; 250809; 4
1670091471.562359; 250834; 4
1670091471.587359; 250859; 4
1670091471.612401; 250884; 4
1670091471.637360; 250909; 4
1670091471.662359; 250934; 4
1670091471.687355; 250959; 4
1670091471.712363; 250984; 4
1670091471.737360; 251009; 4
1670091471.762359; 251034; 4
1670091471.787355; 251059; 4
1670091471.812355; 251084; 4
1670091471.837360; 251109; 4
1670091471.862356; 251134; 4
1670091471.887359; 251159; 4
1670091471.912359; 251184; 4
1670091471.937364; 251209; 4
1670091471.962360; 251234; 4
1670091471.987359; 251259; 4
1670091472.012359; 251284; 4
1670091472.037365; 251309; 4
1670091472.062357; 251334; 4
1670091472.087356; 251359; 4
1670091472.112360; 251384; 4
1670091472.137367; 251409; 4
1670091472.162360; 251434; 4
1670091472.187359; 251459; 4
1670091472.212359; 251484; 4
1670091472.237359; 251509; 4
1670091472.262364; 251534; 4
1670091472.287360; 251559; 4
1670091472.312359; 251584; 4
1670091472.337355; 251609; 4
1670091472.362360; 251634; 4
1670091472.387356; 251659; 4
1670091472.412355; 251684; 4
1670091472.437358; 251709; 4
1670091472.462364; 251734; 4
1670091472.487360; 251759; 4
1670091472.512359; 251784; 4
1670091472.537359; 251809; 4
1670091472.562362; 251834; 4
1670091472.587361; 251859; 4
1670091472.612355; 251884; 4
1670091472.637354; 251909; 4
1670091472.662355; 251934; 4
1670091472.687360; 251959; 4
1670091472.712356; 251984; 4
1670091472.737355; 252009; 4
1670091472.762355; 252034; 4
1670091472.787364; 252059; 4
1670091472.812360; 252084; 4
1670091472.837359; 252109; 4
1670091472.862355; 252134; 4
1670091472.887360; 252159; 4
1670091472.912356; 252184; 4
1670091472.937355; 252209; 4
1670091472.962355; 252234; 4
1670091472.987355; 252259; 4
1670091473.012367; 252284; 4
1670091473.037357; 252309; 4
1670091473.062356; 252334; 4
1670091473.087360; 252359; 4
1670091473.112365; 252384; 4
1670091473.137356; 252409; 4
1670091473.162355; 252434; 4
1670091473.187355; 252459; 4
1670091473.212360; 252484; 4
1670091473.237356; 252509; 4
1670091473.262359; 252534; 4
1670091473.287359; 252559; 4
1670091473.312364; 252584; 4
1670091473.337360; 252609; 4
1670091473.362359; 252634; 4
1670091473.387359; 252659; 4
1670091473.412359; 252684; 4
1670091473.437363; 252709; 4
1670091473.462356; 252734; 4
1670091473.487355; 252759; 4
1670091473.512355; 252784; 4
1670091473.537360; 252809; 4
1670091473.562356; 252834; 4
1670091473.587355; 252859; 4
1670091473.612355; 252884; 4
1670091473.637360; 252909; 4
1670091473.662358; 252934; 4
1670091473.687359; 252959; 4
1670091473.712359; 252984; 4
1670091473.737364; 253009; 4
1670091473.762360; 253034; 4
1670091473.787355; 253059; 4
1670091473.812355; 253084; 4
1670091473.837355; 253109; 4
1670091473.862367; 253134; 4
1670091473.887356; 253159; 4
1670091473.912355; 253184; 4
1670091473.937355; 253209; 4
1670091473.962360; 253234; 4
1670091473.987356; 253259; 4
1670091474.012355; 253284; 4
1670091474.037360; 253309; 4
1670091474.062361; 253334; 4
1670091474.087361; 253359; 4
1670091474.112356; 253384; 4
1670091474.137359; 253409; 4
1670091474.162359; 253434; 4
1670091474.187357; 253459; 4
1670091474.212359; 253484; 4
1670091474.237359; 253509; 4
1670091474.262359; 253534; 4
1670091474.287363; 253559; 4
1670091474.312360; 253584; 4
1670091474.337355; 253609; 4
1670091474.362355; 253634; 4
1670091474.387360; 253659; 4
1670091474.412356; 253684; 4
1670091474.437355; 253709; 4
1670091474.462355; 253734; 4
1670091474.487360; 253759; 4
1670091474.512356; 253784; 4
1670091474.537355; 253809; 4
1670091474.562355; 253834; 4
1670091474.587355; 253859; 4
1670091474.612360; 253884; 4
1670091474.637356; 253909; 4
1670091474.662359; 253934; 4
1670091474.687359; 253959; 4
1670091474.712363; 253984; 4
1670091474.737356; 254009; 4
1670091474.762359; 254034; 4
1670091474.787355; 254059; 4
1670091474.812360; 254084; 4
1670091474.837356; 254109; 4
1670091474.862359; 254134; 4
1670091474.887359; 254159; 4
1670091474.912364; 254184; 4
1670091474.937360; 254209; 4
1670091474.962359; 254234; 4
1670091474.987359; 254259; 4
1670091475.012359; 254284; 4
1670091475.037361; 254309; 4
1670091475.062361; 254334; 4
1670091475.087356; 254359; 4
1670091475.112356; 254384; 4
1670091475.137367; 254409; 4
1670091475.162356; 254434; 4
1670091475.187355; 254459; 4
1670091475.212355; 254484; 4
1670091475.237360; 254509; 4
1670091475.262356; 254534; 4
1670091475.287359; 254559; 4
1670091475.312359; 254584; 4
1670091475.337364; 254609; 4
1670091475.362360; 254634; 4
1670091475.387359; 254659; 4
1670091475.412359; 254684; 4
1670091475.437359; 254709; 4
1670091475.462364; 254734; 4
1670091475.487360; 254759; 4
1670091475.512355; 254784; 4
1670091475.537355; 254809; 4
1670091475.562363; 254834; 4
1670091475.587360; 254859; 4
1670091475.612359; 254884; 4
1670091475.637359; 254909; 4
1670091475.662364; 254934; 4
1670091475.687360; 254959; 4
1670091475.712355; 254984; 4
1670091475.737359; 255009; 4
1670091475.762359; 255034; 4
1670091475.787361; 255059; 4
1670091475.812355; 255084; 4
1670091475.837355; 255109; 4
1670091475.862355; 255134; 4
1670091475.887364; 255159; 4
1670091475.912370; 255184; 4
1670091475.937355; 255209; 4
1670091475.962355; 255234; 4
1670091475.987363; 255259; 4
1670091476.012360; 255284; 4
1670091476.037356; 255309; 4
1670091476.062360; 255334; 4
1670091476.087361; 255359; 4
1670091476.112361; 255384; 4
1670091476.137359; 255409; 4
1670091476.162359; 255434; 4
1670091476.187359; 255459; 4
1670091476.212364; 255484; 4
1670091476.237360; 255509; 4
1670091476.262359; 255534; 4
1670091476.287359; 255559; 4
1670091476.312364; 255584; 4
1670091476.337356; 255609; 4
1670091476.362355; 255634; 4
1670091476.387359; 255659; 4
1670091476.412363; 255684; 4
1670091476.437360; 255709; 4
1670091476.462359; 255734; 4
1670091476.487359; 255759; 4
1670091476.512364; 255784; 4
1670091476.537356; 255809; 4
1670091476.562359; 255834; 4
1670091476.587359; 255859; 4
1670091476.612359; 255884; 4
1670091476.637364; 255909; 4
1670091476.662360; 255934; 4
1670091476.687359; 255959; 4
1670091476.712359; 255984; 4
1670091476.737374; 256009; 4
1670091476.762360; 256034; 4
1670091476.787355; 256059; 4
1670091476.812355; 256084; 4
1670091476.837367; 256109; 4
1670091476.862360; 256134; 4
1670091476.887359; 256159; 4
1670091476.912359; 256184; 4
1670091476.937385; 256209; 4
1670091476.962360; 256234; 4
1670091476.987359; 256259; 4
1670091477.012359; 256284; 4
1670091477.037360; 256309; 4
1670091477.062361; 256334; 4
1670091477.087361; 256359; 4
1670091477.112356; 256384; 4
1670091477.137359; 256409; 4
1670091477.162364; 256434; 4
1670091477.187360; 256459; 4
1670091477.212359; 256484; 4
1670091477.237359; 256509; 4
1670091477.262363; 256534; 4
1670091477.287360; 256559; 4
1670091477.312359; 256584; 4
1670091477.337359; 256609; 4
1670091477.362363; 256634; 4
1670091477.387361; 256659; 4
1670091477.412355; 256684; 4
1670091477.437355; 256709; 4
1670091477.462355; 256734; 4
1670091477.487364; 256759; 4
1670091477.512360; 256784; 4
1670091477.537359; 256809; 4
1670091477.562359; 256834; 4
1670091477.587364; 256859; 4
1670091477.612360; 256884; 4
1670091477.637359; 256909; 4
1670091477.662359; 256934; 4
1670091477.687363; 256959; 4
1670091477.712360; 256984; 4
1670091477.737359; 257009; 4
1670091477.762360; 257034; 4
1670091477.787355; 257059; 4
1670091477.812360; 257084; 4
1670091477.837356; 257109; 4
1670091477.862355; 257134; 4
1670091477.887355; 257159; 4
1670091477.912360; 257184; 4
1670091477.937356; 257209; 4
1670091477.962355; 257234; 4
1670091477.987359; 257259; 4
1670091478.012377; 257284; 4
1670091478.037361; 257309; 4
1670091478.062356; 257334; 4
1670091478.087360; 257359; 4
1670091478.112364; 257384; 4
1670091478.137360; 257409; 4
1670091478.162359; 257434; 4
1670091478.187359; 257459; 4
1670091478.212359; 257484; 4
1670091478.237364; 257509; 4
1670091478.262360; 257534; 4
1670091478.287359; 257559; 4
1670091478.312359; 257584; 4
1670091478.337364; 257609; 4
1670091478.362360; 257634; 4
1670091478.387355; 257659; 4
1670091478.412355; 257684; 4
1670091478.437364; 257709; 4
1670091478.462360; 257734; 4
1670091478.487359; 257759; 4
1670091478.512359; 257784; 4
1670091478.537363; 257809; 4
1670091478.562360; 257834; 4
1670091478.587355; 257859; 4
1670091478.612355; 257884; 4
1670091478.637355; 257909; 4
1670091478.662360; 257934; 4
1670091478.687356; 257959; 4
1670091478.712355; 257984; 4
1670091478.737355; 258009; 4
1670091478.762360; 258034; 4
1670091478.787357; 258059; 4
1670091478.812359; 258084; 4
1670091478.837355; 258109; 4
1670091478.862360; 258134; 4
1670091478.887356; 258159; 4
1670091478.912359; 258184; 4
1670091478.937359; 258209; 4
1670091478.962366; 258234; 4
1670091478.987361; 258259; 4
1670091479.012355; 258284; 4
1670091479.037360; 258309; 4
1670091479.062356; 258334; 4
1670091479.087365; 258359; 4
1670091479.112357; 258384; 4
1670091479.137359; 258409; 4
1670091479.162359; 258434; 4
1670091479.187364; 258459; 4
1670091479.212356; 258484; 4
1670091479.237355; 258509; 4
1670091479.262355; 258534; 4
1670091479.287364; 258559; 4
1670091479.312360; 258584; 4
1670091479.337359; 258609; 4
1670091479.362359; 258634; 4
1670091479.387359; 258659; 4
1670091479.412367; 258684; 4
1670091479.437360; 258709; 4
1670091479.462359; 258734; 4
1670091479.487359; 258759; 4
1670091479.512364; 258784; 4
1670091479.537360; 258809; 4
1670091479.562359; 258834; 4
1670091479.587359; 258859; 4
1670091479.612360; 258884; 4
1670091479.637356; 258909; 4
1670091479.662355; 258934; 4
1670091479.687355; 258959; 4
1670091479.712360; 258984; 4
1670091479.737356; 259009; 4
1670091479.762355; 259034; 4
1670091479.787359; 259059; 4
1670091479.812359; 259084; 4
1670091479.837363; 259109; 4
1670091479.862360; 259134; 4
1670091479.887359; 259159; 4
1670091479.912359; 259184; 4
1670091479.937364; 259209; 4
1670091479.962360; 259234; 4
1670091479.987359; 259259; 4
1670091480.012359; 259284; 4
1670091480.037365; 259309; 4
1670091480.062358; 259334; 4
1670091480.087356; 259359; 4
1670091480.112360; 259384; 4
1670091480.137360; 259409; 4
1670091480.162356; 259434; 4
1670091480.187355; 259459; 4
1670091480.212355; 259484; 4
1670091480.237359; 259509; 4
1670091480.262363; 259534; 4
1670091480.287360; 259559; 4
1670091480.312359; 259584; 4
1670091480.337359; 259609; 4
1670091480.362364; 259634; 4
1670091480.387360; 259659; 4
1670091480.412359; 259684; 4
1670091480.437355; 259709; 4
1670091480.462360; 259734; 4
1670091480.487360; 259759; 4
1670091480.512359; 259784; 4
1670091480.537359; 259809; 4
1670091480.562359; 259834; 4
1670091480.587357; 259859; 4
1670091480.612359; 259884; 4
1670091480.637359; 259909; 4
1670091480.662359; 259934; 4
1670091480.687363; 259959; 4
1670091480.712360; 259984; 4
1670091480.737359; 260009; 4
1670091480.762359; 260034; 4
1670091480.787360; 260059; 4
1670091480.812356; 260084; 4
1670091480.837359; 260109; 4
1670091480.862359; 260134; 4
1670091480.887364; 260159; 4
1670091480.912360; 260184; 4
1670091480.937359; 260209; 4
1670091480.962359; 260234; 4
1670091480.987359; 260259; 4
1670091481.012364; 260284; 4
1670091481.037361; 260309; 4
1670091481.062356; 260334; 4
1670091481.087360; 260359; 4
1670091481.112368; 260384; 4
1670091481.137356; 260409; 4
1670091481.162355; 260434; 4
1670091481.187355; 260459; 4
1670091481.212360; 260484; 4
1670091481.237368; 260509; 4
1670091481.262355; 260534; 4
1670091481.287359; 260559; 4
1670091481.312360; 260584; 4
1670091481.337356; 260609; 4
1670091481.362355; 260634; 4
1670091481.387355; 260659; 4
1670091481.412355; 260684; 4
1670091481.437360; 260709; 4
1670091481.462360; 260734; 4
1670091481.487359; 260759; 4
1670091481.512359; 260784; 4
1670091481.537363; 260809; 4
1670091481.562360; 260834; 4
1670091481.587359; 260859; 4
1670091481.612359; 260884; 4
1670091481.637364; 260909; 4
1670091481.662360; 260934; 4
1670091481.687359; 260959; 4
1670091481.712359; 260984; 4
1670091481.737364; 261009; 4
1670091481.762360; 261034; 4
1670091481.787355; 261059; 4
1670091481.812355; 261084; 4
1670091481.837355; 261109; 4
1670091481.862360; 261134; 4
1670091481.887356; 261159; 4
1670091481.912355; 261184; 4
1670091481.937355; 261209; 4
1670091481.962363; 261234; 4
1670091481.987360; 261259; 4
1670091482.012359; 261284; 4
1670091482.037360; 261309; 4
1670091482.062385; 261334; 4
1670091482.087361; 261359; 4
1670091482.112356; 261384; 4
1670091482.137359; 261409; 4
1670091482.162359; 261434; 4
1670091482.187357; 261459; 4
1670091482.212359; 261484; 4
1670091482.237359; 261509; 4
1670091482.262395; 261534; 4
1670091482.287360; 261559; 4
1670091482.312356; 261584; 4
1670091482.337355; 261609; 4
1670091482.362355; 261634; 4
1670091482.387363; 261659; 4
1670091482.412360; 261684; 4
1670091482.437359; 261709; 4
1670091482.462359; 261734; 4
1670091482.487360; 261759; 4
1670091482.512356; 261784; 4
1670091482.537359; 261809; 4
1670091482.562359; 261834; 4
1670091482.587359; 261859; 4
1670091482.612364; 261884; 4
1670091482.637360; 261909; 4
1670091482.662359; 261934; 4
1670091482.687359; 261959; 4
1670091482.712364; 261984; 4
1670091482.737360; 262009; 4
1670091482.762359; 262034; 4
1670091482.787355; 262059; 4
1670091482.812363; 262084; 4
1670091482.837360; 262109; 4
1670091482.862359; 262134; 4
1670091482.887363; 262159; 4
1670091482.912367; 262184; 4
1670091482.937355; 262209; 4
1670091482.962363; 262234; 4
1670091482.987363; 262259; 4
1670091483.012363; 262284; 4
1670091483.037369; 262309; 4
1670091483.062356; 262334; 4
1670091483.087401; 262359; 4
1670091483.112364; 262384; 4
1670091483.137374; 262409; 4
1670091483.162360; 262434; 4
1670091483.187359; 262459; 4
1670091483.212359; 262484; 4
1670091483.237363; 262509; 4
1670091483.262360; 262534; 4
1670091483.287361; 262559; 4
1670091483.312355; 262584; 4
1670091483.337384; 262609; 4
1670091483.362360; 262634; 4
1670091483.387359; 262659; 4
1670091483.412359; 262684; 4
1670091483.437359; 262709; 4
1670091483.462364; 262734; 4
1670091483.487360; 262759; 4
1670091483.512359; 262784; 4
1670091483.537359; 262809; 4
1670091483.562364; 262834; 4
1670091483.587360; 262859; 4
1670091483.612359; 262884; 4
1670091483.637359; 262909; 4
1670091483.662363; 262934; 4
1670091483.687360; 262959; 4
1670091483.712355; 262984; 4
1670091483.737355; 263009; 4
1670091483.762359; 263034; 4
1670091483.787357; 263059; 4
1670091483.812359; 263084; 4
1670091483.837359; 263109; 4
1670091483.862359; 263134; 4
1670091483.887364; 263159; 4
1670091483.912356; 263184; 4
1670091483.937355; 263209; 4
1670091483.962355; 263234; 4
1670091483.987360; 263259; 4
1670091484.012356; 263284; 4
1670091484.037360; 263309; 4
1670091484.062356; 263334; 4
1670091484.087364; 263359; 4
1670091484.112361; 263384; 4
1670091484.137355; 263409; 4
1670091484.162355; 263434; 4
1670091484.187355; 263459; 4
1670091484.212360; 263484; 4
1670091484.237356; 263509; 4
1670091484.262355; 263534; 4
1670091484.287359; 263559; 4
1670091484.312360; 263584; 4
1670091484.337360; 263609; 4
1670091484.362359; 263634; 4
1670091484.387359; 263659; 4
1670091484.412364; 263684; 4
1670091484.437360; 263709; 4
1670091484.462359; 263734; 4
1670091484.487359; 263759; 4
1670091484.512363; 263784; 4
1670091484.537360; 263809; 4
1670091484.562359; 263834; 4
1670091484.587355; 263859; 4
1670091484.612355; 263884; 4
1670091484.637360; 263909; 4
1670091484.662356; 263934; 4
1670091484.687359; 263959; 4
1670091484.712359; 263984; 4
1670091484.737364; 264009; 4
1670091484.762360; 264034; 4
1670091484.787355; 264059; 4
1670091484.812355; 264084; 4
1670091484.837360; 264109; 4
1670091484.862356; 264134; 4
1670091484.887355; 264159; 4
1670091484.912355; 264184; 4
1670091484.937367; 264209; 4
1670091484.962360; 264234; 4
1670091484.987359; 264259; 4
1670091485.012359; 264284; 4
1670091485.037360; 264309; 4
1670091485.062361; 264334; 4
1670091485.087361; 264359; 4
1670091485.112356; 264384; 4
1670091485.137355; 264409; 4
1670091485.162360; 264434; 4
1670091485.187356; 264459; 4
1670091485.212355; 264484; 4
1670091485.237355; 264509; 4
1670091485.262360; 264534; 4
1670091485.287360; 264559; 4
1670091485.312359; 264584; 4
1670091485.337359; 264609; 4
1670091485.362362; 264634; 4
1670091485.387361; 264659; 4
1670091485.412355; 264684; 4
1670091485.437355; 264709; 4
1670091485.462355; 264734; 4
1670091485.487360; 264759; 4
1670091485.512356; 264784; 4
1670091485.537355; 264809; 4
1670091485.562359; 264834; 4
1670091485.587364; 264859; 4
1670091485.612360; 264884; 4
1670091485.637359; 264909; 4
1670091485.662359; 264934; 4
1670091485.687364; 264959; 4
1670091485.712360; 264984; 4
1670091485.737359; 265009; 4
1670091485.762355; 265034; 4
1670091485.787359; 265059; 4
1670091485.812363; 265084; 4
1670091485.837360; 265109; 4
1670091485.862359; 265134; 4
1670091485.887359; 265159; 4
1670091485.912364; 265184; 4
1670091485.937360; 265209; 4
1670091485.962359; 265234; 4
1670091485.987359; 265259; 4
1670091486.012364; 265284; 4
1670091486.037357; 265309; 4
1670091486.062360; 265334; 4
1670091486.087356; 265359; 4
1670091486.112365; 265384; 4
1670091486.137356; 265409; 4
1670091486.162355; 265434; 4
1670091486.187355; 265459; 4
1670091486.212359; 265484; 4
1670091486.237363; 265509; 4
1670091486.262360; 265534; 4
1670091486.287359; 265559; 4
1670091486.312359; 265584; 4
1670091486.337364; 265609; 4
1670091486.362356; 265634; 4
1670091486.387359; 265659; 4
1670091486.412359; 265684; 4
1670091486.437364; 265709; 4
1670091486.462360; 265734; 4
1670091486.487359; 265759; 4
1670091486.512359; 265784; 3
1670091486.537364; 265809; 3
1670091486.562369; 265834; 3
1670091486.587355; 265859; 3
1670091486.612355; 265884; 4
1670091486.637355; 265909; 4
1670091486.662367; 265934; 4
1670091486.687360; 265959; 4
1670091486.712359; 265984; 4
1670091486.737359; 266009; 4
1670091486.762364; 266034; 4
1670091486.787360; 266059; 4
1670091486.812359; 266084; 4
1670091486.837359; 266109; 4
1670091486.862364; 266134; 4
1670091486.887360; 266159; 4
1670091486.912359; 266184; 3
1670091486.937359; 266209; 3
1670091486.962359; 266234; 3
1670091486.987361; 266259; 3
1670091487.012355; 266284; 3
1670091487.037360; 266309; 3
1670091487.062356; 266334; 3
1670091487.087368; 266359; 3
1670091487.112357; 266384; 4
1670091487.137359; 266409; 4
1670091487.162359; 266434; 4
1670091487.187364; 266459; 4
1670091487.212360; 266484; 4
1670091487.237359; 266509; 4
1670091487.262359; 266534; 4
1670091487.287364; 266559; 4
1670091487.312360; 266584; 3
1670091487.337359; 266609; 3
1670091487.362359; 266634; 3
1670091487.387378; 266659; 3
1670091487.412364; 266684; 4
1670091487.437356; 266709; 4
1670091487.462355; 266734; 4
1670091487.487355; 266759; 4
1670091487.512363; 266784; 4
1670091487.537360; 266809; 4
1670091487.562359; 266834; 4
1670091487.587378; 266859; 4
1670091487.612364; 266884; 4
1670091487.637360; 266909; 4
1670091487.662359; 266934; 4
1670091487.687359; 266959; 4
1670091487.712364; 266984; 4
1670091487.737360; 267009; 4
1670091487.762359; 267034; 4
1670091487.787355; 267059; 4
1670091487.812359; 267084; 4
1670091487.837364; 267109; 4
1670091487.862360; 267134; 4
1670091487.887359; 267159; 4
1670091487.912359; 267184; 4
1670091487.937363; 267209; 4
1670091487.962360; 267234; 4
1670091487.987359; 267259; 4
1670091488.012355; 267284; 4
1670091488.037365; 267309; 4
1670091488.062357; 267334; 4
1670091488.087360; 267359; 4
1670091488.112356; 267384; 4
1670091488.137364; 267409; 4
1670091488.162360; 267434; 4
1670091488.187359; 267459; 4
1670091488.212359; 267484; 4
1670091488.237359; 267509; 4
1670091488.262364; 267534; 4
1670091488.287360; 267559; 4
1670091488.312359; 267584; 4
1670091488.337359; 267609; 4
1670091488.362363; 267634; 4
1670091488.387360; 267659; 4
1670091488.412355; 267684; 4
1670091488.437355; 267709; 4
1670091488.462360; 267734; 4
1670091488.487356; 267759; 4
1670091488.512359; 267784; 4
1670091488.537359; 267809; 4
1670091488.562359; 267834; 4
1670091488.587357; 267859; 4
1670091488.612358; 267884; 4
1670091488.637355; 267909; 4
1670091488.662381; 267934; 4
1670091488.687360; 267959; 4
1670091488.712356; 267984; 4
1670091488.737359; 268009; 4
1670091488.762359; 268034; 4
1670091488.787367; 268059; 4
1670091488.812360; 268084; 4
1670091488.837359; 268109; 4
1670091488.862359; 268134; 4
1670091488.887364; 268159; 4
1670091488.912360; 268184; 4
1670091488.937359; 268209; 4
1670091488.962359; 268234; 4
1670091488.987359; 268259; 4
1670091489.012364; 268284; 4
1670091489.037361; 268309; 4
1670091489.062356; 268334; 4
1670091489.087360; 268359; 4
1670091489.112361; 268384; 4
1670091489.137360; 268409; 4
1670091489.162359; 268434; 4
1670091489.187359; 268459; 4
1670091489.212362; 268484; 4
1670091489.237355; 268509; 4
1670091489.262354; 268534; 4
1670091489.287359; 268559; 4
1670091489.312364; 268584; 4
1670091489.337360; 268609; 4
1670091489.362359; 268634; 4
1670091489.387359; 268659; 4
1670091489.412359; 268684; 4
1670091489.437368; 268709; 4
1670091489.462355; 268734; 4
1670091489.487354; 268759; 4
1670091489.512354; 268784; 4
1670091489.537359; 268809; 4
1670091489.562355; 268834; 4
1670091489.587354; 268859; 4
1670091489.612354; 268884; 4
1670091489.637368; 268909; 4
1670091489.662360; 268934; 4
1670091489.687359; 268959; 4
1670091489.712359; 268984; 4
1670091489.737364; 269009; 4
1670091489.762360; 269034; 4
1670091489.787354; 269059; 4
1670091489.812354; 269084; 4
1670091489.837354; 269109; 4
1670091489.862364; 269134; 4
1670091489.887360; 269159; 4
1670091489.912359; 269184; 4
1670091489.937359; 269209; 4
1670091489.962364; 269234; 4
1670091489.987360; 269259; 4
1670091490.012359; 269284; 4
1670091490.037355; 269309; 4
1670091490.062369; 269334; 4
1670091490.087356; 269359; 4
1670091490.112360; 269384; 4
1670091490.137354; 269409; 4
1670091490.162363; 269434; 4
1670091490.187362; 269459; 4
1670091490.212354; 269484; 4
1670091490.237354; 269509; 4
1670091490.262359; 269534; 4
1670091490.287364; 269559; 4
1670091490.312360; 269584; 4
1670091490.337359; 269609; 4
1670091490.362359; 269634; 4
1670091490.387364; 269659; 4
1670091490.412360; 269684; 4
1670091490.437359; 269709; 4
1670091490.462359; 269734; 4
1670091490.487362; 269759; 4
1670091490.512355; 269784; 4
1670091490.537354; 269809; 4
1670091490.562354; 269834; 4
1670091490.587354; 269859; 4
1670091490.612359; 269884; 4
1670091490.637355; 269909; 4
1670091490.662359; 269934; 4
1670091490.687354; 269959; 4
1670091490.712364; 269984; 4
1670091490.737360; 270009; 4
1670091490.762359; 270034; 4
1670091490.787354; 270059; 4
1670091490.812359; 270084; 4
1670091490.837355; 270109; 4
1670091490.862354; 270134; 4
1670091490.887359; 270159; 4
1670091490.912368; 270184; 4
1670091490.937360; 270209; 4
1670091490.962359; 270234; 4
1670091490.987359; 270259; 4
1670091491.012359; 270284; 4
1670091491.037360; 270309; 4
1670091491.062362; 270334; 4
1670091491.087360; 270359; 4
1670091491.112355; 270384; 4
1670091491.137364; 270409; 4
1670091491.162360; 270434; 4
1670091491.187359; 270459; 4
1670091491.212359; 270484; 4
1670091491.237364; 270509; 4
1670091491.262360; 270534; 4
1670091491.287359; 270559; 4
1670091491.312359; 270584; 4
1670091491.337362; 270609; 4
1670091491.362355; 270634; 4
1670091491.387354; 270659; 4
1670091491.412354; 270684; 4
1670091491.437354; 270709; 4
1670091491.462359; 270734; 4
1670091491.487361; 270759; 4
1670091491.512359; 270784; 4
1670091491.537354; 270809; 4
1670091491.562359; 270834; 4
1670091491.587355; 270859; 4
1670091491.612354; 270884; 4
1670091491.637354; 270909; 4
1670091491.662359; 270934; 4
1670091491.687361; 270959; 4
1670091491.712359; 270984; 4
1670091491.737359; 271009; 4
1670091491.762366; 271034; 4
1670091491.787356; 271059; 4
1670091491.812359; 271084; 4
1670091491.837359; 271109; 4
1670091491.862359; 271134; 4
1670091491.887387; 271159; 4
1670091491.912355; 271184; 4
1670091491.937354; 271209; 4
1670091491.962359; 271234; 4
1670091491.987364; 271259; 4
1670091492.012360; 271284; 4
1670091492.037355; 271309; 4
1670091492.062360; 271334; 4
1670091492.087365; 271359; 4
1670091492.112362; 271384; 4
1670091492.137354; 271409; 4
1670091492.162354; 271434; 4
1670091492.187354; 271459; 4
1670091492.212362; 271484; 4
1670091492.237355; 271509; 4
1670091492.262354; 271534; 4
1670091492.287359; 271559; 4
1670091492.312364; 271584; 4
1670091492.337361; 271609; 4
1670091492.362359; 271634; 4
1670091492.387359; 271659; 4
1670091492.412364; 271684; 4
1670091492.437360; 271709; 4
1670091492.462359; 271734; 4
1670091492.487359; 271759; 4
1670091492.512359; 271784; 4
1670091492.537355; 271809; 4
1670091492.562354; 271834; 4
1670091492.587354; 271859; 4
1670091492.612354; 271884; 4
1670091492.637362; 271909; 4
1670091492.662355; 271934; 4
1670091492.687354; 271959; 4
1670091492.712386; 271984; 4
1670091492.737364; 272009; 4
1670091492.762360; 272034; 4
1670091492.787354; 272059; 4
1670091492.812354; 272084; 4
1670091492.837359; 272109; 4
1670091492.862355; 272134; 4
1670091492.887354; 272159; 4
1670091492.912363; 272184; 4
1670091492.937364; 272209; 4
1670091492.962361; 272234; 4
1670091492.987359; 272259; 4
1670091493.012359; 272284; 4
1670091493.037355; 272309; 4
1670091493.062363; 272334; 4
1670091493.087362; 272359; 4
1670091493.112355; 272384; 4
1670091493.137354; 272409; 4
1670091493.162359; 272434; 4
1670091493.187355; 272459; 4
1670091493.212354; 272484; 4
1670091493.237354; 272509; 4
1670091493.262359; 272534; 4
1670091493.287361; 272559; 4
1670091493.312359; 272584; 4
1670091493.337359; 272609; 4
1670091493.362357; 272634; 4
1670091493.387356; 272659; 4
1670091493.412359; 272684; 4
1670091493.437359; 272709; 4
1670091493.462359; 272734; 4
1670091493.487368; 272759; 4
1670091493.512360; 272784; 4
1670091493.537354; 272809; 4
1670091493.562354; 272834; 4
1670091493.587359; 272859; 4
1670091493.612355; 272884; 4
1670091493.637354; 272909; 4
1670091493.662354; 272934; 4
1670091493.687359; 272959; 4
1670091493.712355; 272984; 4
1670091493.737364; 273009; 4
1670091493.762359; 273034; 4
1670091493.787354; 273059; 4
1670091493.812359; 273084; 4
1670091493.837355; 273109; 4
1670091493.862354; 273134; 4
1670091493.887354; 273159; 4
1670091493.912362; 273184; 4
1670091493.937357; 273209; 4
1670091493.962359; 273234; 4
1670091493.987360; 273259; 4
1670091494.012364; 273284; 4
1670091494.037356; 273309; 4
1670091494.062361; 273334; 4
1670091494.087355; 273359; 4
1670091494.112365; 273384; 4
1670091494.137355; 273409; 4
1670091494.162354; 273434; 4
1670091494.187354; 273459; 4
1670091494.212354; 273484; 4
1670091494.237359; 273509; 4
1670091494.262355; 273534; 4
1670091494.287359; 273559; 4
1670091494.312359; 273584; 4
1670091494.337368; 273609; 4
1670091494.362355; 273634; 4
1670091494.387354; 273659; 4
1670091494.412354; 273684; 4
1670091494.437359; 273709; 4
1670091494.462355; 273734; 4
1670091494.487354; 273759; 4
1670091494.512354; 273784; 4
1670091494.537359; 273809; 4
1670091494.562361; 273834; 4
1670091494.587359; 273859; 4
1670091494.612359; 273884; 4
1670091494.637359; 273909; 4
1670091494.662364; 273934; 4
1670091494.687360; 273959; 4
1670091494.712359; 273984; 4
1670091494.737359; 274009; 4
1670091494.762368; 274034; 4
1670091494.787355; 274059; 4
1670091494.812359; 274084; 4
1670091494.837359; 274109; 4
1670091494.862364; 274134; 4
1670091494.887361; 274159; 4
1670091494.912359; 274184; 4
1670091494.937359; 274209; 4
1670091494.962363; 274234; 4
1670091494.987356; 274259; 4
1670091495.012359; 274284; 4
1670091495.037355; 274309; 4
1670091495.062361; 274334; 4
1670091495.087365; 274359; 4
1670091495.112356; 274384; 4
1670091495.137359; 274409; 4
1670091495.162359; 274434; 4
1670091495.187368; 274459; 4
1670091495.212355; 274484; 4
1670091495.237354; 274509; 4
1670091495.262354; 274534; 4
1670091495.287359; 274559; 4
1670091495.312355; 274584; 4
1670091495.337354; 274609; 4
1670091495.362354; 274634; 4
1670091495.387359; 274659; 4
1670091495.412364; 274684; 4
1670091495.437360; 274709; 4
1670091495.462359; 274734; 4
1670091495.487359; 274759; 4
1670091495.512364; 274784; 4
1670091495.537360; 274809; 4
1670091495.562359; 274834; 4
1670091495.587354; 274859; 4
1670091495.743255; 275014; 4
1670091495.767355; 275039; 4
1670091495.792359; 275064; 4
1670091495.817359; 275089; 4
1670091495.842364; 275114; 4
1670091495.867360; 275139; 4
1670091495.892359; 275164; 4
1670091495.917359; 275189; 4
1670091495.942359; 275214; 4
1670091495.967364; 275239; 4
1670091495.992355; 275264; 4
1670091496.017354; 275289; 4
1670091496.042361; 275314; 4
1670091496.067360; 275339; 4
1670091496.092362; 275364; 4
1670091496.117355; 275389; 4
1670091496.142354; 275414; 4
1670091496.167362; 275439; 4
1670091496.192355; 275464; 4
1670091496.217354; 275489; 4
1670091496.242354; 275514; 4
1670091496.267359; 275539; 4
1670091496.292355; 275564; 4
1670091496.317354; 275589; 4
1670091496.342354; 275614; 4
1670091496.367354; 275639; 4
1670091496.392359; 275664; 4
1670091496.417360; 275689; 4
1670091496.442359; 275714; 4
1670091496.467354; 275739; 4
1670091496.492359; 275764; 4
1670091496.517355; 275789; 4
1670091496.542354; 275814; 4
1670091496.567354; 275839; 4
1670091496.592368; 275864; 4
1670091496.617355; 275889; 4
1670091496.642354; 275914; 4
1670091496.667354; 275939; 4
1670091496.692363; 275964; 4
1670091496.717362; 275989; 4
1670091496.742354; 276014; 4
1670091496.767354; 276039; 4
1670091496.792359; 276064; 4
1670091496.817359; 276089; 4
1670091496.842355; 276114; 4
1670091496.867354; 276139; 4
1670091496.892354; 276164; 4
1670091496.917359; 276189; 4
1670091496.942355; 276214; 4
1670091496.967354; 276239; 4
1670091496.992354; 276264; 4
1670091497.017362; 276289; 4
1670091497.042362; 276314; 4
1670091497.067355; 276339; 4
1670091497.092361; 276364; 4
1670091497.117355; 276389; 4
1670091497.142359; 276414; 4
1670091497.167355; 276439; 4
1670091497.192354; 276464; 4
1670091497.217380; 276489; 4
1670091497.242359; 276514; 4
1670091497.267361; 276539; 4
1670091497.292359; 276564; 4
1670091497.317359; 276589; 4
1670091497.342364; 276614; 4
1670091497.367360; 276639; 4
1670091497.392359; 276664; 4
1670091497.417388; 276689; 4
1670091497.442362; 276714; 4
1670091497.467355; 276739; 4
1670091497.492354; 276764; 4
1670091497.517354; 276789; 4
1670091497.542354; 276814; 4
1670091497.567359; 276839; 4
1670091497.592355; 276864; 4
1670091497.617354; 276889; 4
1670091497.642354; 276914; 4
1670091497.667359; 276939; 4
1670091497.692360; 276964; 4
1670091497.717359; 276989; 4
1670091497.742359; 277014; 4
1670091497.767364; 277039; 4
1670091497.792355; 277064; 4
1670091497.817354; 277089; 4
1670091497.842359; 277114; 4
1670091497.867362; 277139; 4
1670091497.892355; 277164; 4
1670091497.917354; 277189; 4
1670091497.942354; 277214; 4
1670091497.967354; 277239; 4
1670091497.992359; 277264; 4
1670091498.017355; 277289; 4
1670091498.042355; 277314; 4
1670091498.067360; 277339; 4
1670091498.092360; 277364; 4
1670091498.117362; 277389; 4
1670091498.142354; 277414; 4
1670091498.167354; 277439; 4
1670091498.192359; 277464; 4
1670091498.217355; 277489; 4
1670091498.242401; 277514; 4
1670091498.267354; 277539; 4
1670091498.292361; 277564; 4
1670091498.317356; 277589; 4
1670091498.342359; 277614; 4
1670091498.367359; 277639; 4
1670091498.392359; 277664; 4
1670091498.417364; 277689; 4
1670091498.442355; 277714; 4
1670091498.467354; 277739; 3
1670091498.492356; 277764; 3
1670091498.517359; 277789; 3
1670091498.542355; 277814; 3
1670091498.567354; 277839; 3
1670091498.592354; 277864; 3
1670091498.617359; 277889; 3
1670091498.642355; 277914; 3
1670091498.667354; 277939; 4
1670091498.692354; 277964; 4
1670091498.717354; 277989; 4
1670091498.742362; 278014; 4
1670091498.767355; 278039; 4
1670091498.792359; 278064; 4
1670091498.817359; 278089; 4
1670091498.842364; 278114; 4
1670091498.867360; 278139; 4
1670091498.892359; 278164; 4
1670091498.917359; 278189; 4
1670091498.942364; 278214; 4
1670091498.967360; 278239; 4
1670091498.992359; 278264; 4
1670091499.017359; 278289; 4
1670091499.042360; 278314; 4
1670091499.067356; 278339; 4
1670091499.092360; 278364; 4
1670091499.117355; 278389; 4
1670091499.142354; 278414; 4
1670091499.167362; 278439; 4
1670091499.192355; 278464; 4
1670091499.217354; 278489; 4
1670091499.242354; 278514; 4
1670091499.267364; 278539; 4
1670091499.292361; 278564; 4
1670091499.317354; 278589; 4
1670091499.342354; 278614; 4
1670091499.367359; 278639; 4
1670091499.392355; 278664; 4
1670091499.417354; 278689; 4
1670091499.442354; 278714; 4
1670091499.467364; 278739; 4
1670091499.492355; 278764; 3
1670091499.517354; 278789; 3
1670091499.542354; 278814; 3
1670091499.567354; 278839; 3
1670091499.592362; 278864; 3
1670091499.617355; 278889; 3
1670091499.642354; 278914; 3
1670091499.667354; 278939; 3
1670091499.692359; 278964; 3
1670091499.717355; 278989; 3
1670091499.742354; 279014; 3
1670091499.767354; 279039; 3
1670091499.792364; 279064; 3
1670091499.817360; 279089; 3
1670091499.842359; 279114; 3
1670091499.867359; 279139; 3
1670091499.892357; 279164; 4
1670091499.917356; 279189; 4
1670091499.942359; 279214; 4
1670091499.967359; 279239; 4
1670091499.992359; 279264; 4
1670091500.017362; 279289; 4
1670091500.042362; 279314; 4
1670091500.067355; 279339; 4
1670091500.092355; 279364; 4
1670091500.117365; 279389; 4
1670091500.142355; 279414; 4
1670091500.167354; 279439; 4
1670091500.192354; 279464; 4
1670091500.217359; 279489; 4
1670091500.242355; 279514; 4
1670091500.267354; 279539; 4
1670091500.292363; 279564; 4
1670091500.317354; 279589; 4
1670091500.342359; 279614; 4
1670091500.367355; 279639; 4
1670091500.392354; 279664; 3
1670091500.417354; 279689; 3
1670091500.442368; 279714; 3
1670091500.467360; 279739; 3
1670091500.492354; 279764; 3
1670091500.517354; 279789; 3
1670091500.542360; 279814; 3
1670091500.567355; 279839; 3
1670091500.592354; 279864; 3
1670091500.617354; 279889; 3
1670091500.642359; 279914; 3
1670091500.667355; 279939; 3
1670091500.692354; 279964; 3
1670091500.717359; 279989; 3
1670091500.742359; 280014; 3
1670091500.767364; 280039; 3
1670091500.792355; 280064; 3
1670091500.817354; 280089; 3
1670091500.842354; 280114; 3
1670091500.867368; 280139; 3
1670091500.892360; 280164; 3
1670091500.917359; 280189; 3
1670091500.942359; 280214; 3
1670091500.967359; 280239; 3
1670091500.992355; 280264; 3
1670091501.017354; 280289; 3
1670091501.042360; 280314; 3
1670091501.067360; 280339; 3
1670091501.092362; 280364; 3
1670091501.117360; 280389; 3
1670091501.142354; 280414; 3
1670091501.167354; 280439; 3
1670091501.192359; 280464; 3
1670091501.217355; 280489; 4
1670091501.242354; 280514; 4
1670091501.267354; 280539; 4
1670091501.292362; 280564; 4
1670091501.317355; 280589; 4
1670091501.342354; 280614; 4
1670091501.367359; 280639; 4
1670091501.392364; 280664; 4
1670091501.417360; 280689; 5
1670091501.442359; 280714; 5
1670091501.467359; 280739; 5
1670091501.492357; 280764; 5
1670091501.517362; 280789; 6
1670091501.542354; 280814; 6
1670091501.567354; 280839; 6
1670091501.592354; 280864; 6
1670091501.617359; 280889; 6
1670091501.642355; 280914; 6
1670091501.667354; 280939; 6
1670091501.692354; 280964; 6
1670091501.717368; 280989; 6
1670091501.742360; 281014; 6
1670091501.767359; 281039; 6
1670091501.792359; 281064; 6
1670091501.817364; 281089; 6
1670091501.842360; 281114; 6
1670091501.867359; 281139; 6
1670091501.892359; 281164; 6
1670091501.917359; 281189; 6
1670091501.942359; 281214; 7
1670091501.967355; 281239; 7
1670091501.992354; 281264; 7
1670091502.017354; 281289; 7
1670091502.042365; 281314; 7
1670091502.067356; 281339; 7
1670091502.092360; 281364; 7
1670091502.117355; 281389; 7
1670091502.142362; 281414; 7
1670091502.167355; 281439; 7
1670091502.192354; 281464; 7
1670091502.217354; 281489; 7
1670091502.242359; 281514; 7
1670091502.267355; 281539; 7
1670091502.292354; 281564; 7
1670091502.317354; 281589; 7
1670091502.342359; 281614; 7
1670091502.367364; 281639; 7
1670091502.392360; 281664; 7
1670091502.417359; 281689; 7
1670091502.442359; 281714; 7
1670091502.467364; 281739; 7
1670091502.492360; 281764; 7
1670091502.517359; 281789; 7
1670091502.542373; 281814; 7
1670091502.567368; 281839; 7
1670091502.592355; 281864; 7
1670091502.617354; 281889; 7
1670091502.642354; 281914; 7
1670091502.667359; 281939; 7
1670091502.692355; 281964; 7
1670091502.717354; 281989; 7
1670091502.742376; 282014; 7
1670091502.767354; 282039; 7
1670091502.792364; 282064; 7
1670091502.817361; 282089; 7
1670091502.842359; 282114; 7
1670091502.867359; 282139; 7
1670091502.892364; 282164; 7
1670091502.917360; 282189; 7
1670091502.942359; 282214; 7
1670091502.967359; 282239; 7
1670091502.992368; 282264; 7
1670091503.017355; 282289; 7
1670091503.042360; 282314; 7
1670091503.067355; 282339; 7
1670091503.092359; 282364; 7
1670091503.117363; 282389; 7
1670091503.142354; 282414; 7
1670091503.167359; 282439; 7
1670091503.192359; 282464; 7
1670091503.217364; 282489; 7
1670091503.242360; 282514; 7
1670091503.267359; 282539; 7
1670091503.292359; 282564; 7
1670091503.317364; 282589; 7
1670091503.342360; 282614; 7
1670091503.367359; 282639; 7
1670091503.392359; 282664; 7
1670091503.417362; 282689; 7
1670091503.442355; 282714; 7
1670091503.467354; 282739; 7
1670091503.492354; 282764; 7
1670091503.517354; 282789; 7
1670091503.542359; 282814; 7
1670091503.567377; 282839; 7
1670091503.592359; 282864; 7
1670091503.617359; 282889; 7
1670091503.642364; 282914; 7
1670091503.667360; 282939; 7
1670091503.692359; 282964; 7
1670091503.717359; 282989; 7
1670091503.742364; 283014; 7
1670091503.767361; 283039; 7
1670091503.792354; 283064; 7
1670091503.817367; 283089; 7
1670091503.842362; 283114; 7
1670091503.867355; 283139; 7
1670091503.892354; 283164; 7
1670091503.917354; 283189; 7
1670091503.942354; 283214; 7
1670091503.967359; 283239; 7
1670091503.992361; 283264; 7
1670091504.017359; 283289; 7
1670091504.042355; 283314; 7
1670091504.067365; 283339; 7
1670091504.092356; 283364; 7
1670091504.117360; 283389; 7
1670091504.142354; 283414; 7
1670091504.167359; 283439; 7
1670091504.192355; 283464; 6
1670091504.217354; 283489; 6
1670091504.242359; 283514; 6
1670091504.267362; 283539; 6
1670091504.292355; 283564; 6
1670091504.317354; 283589; 6
1670091504.342354; 283614; 6
1670091504.367354; 283639; 6
1670091504.392364; 283664; 5
1670091504.417360; 283689; 5
1670091504.442359; 283714; 5
1670091504.467359; 283739; 5
1670091504.492364; 283764; 5
1670091504.517360; 283789; 5
1670091504.542359; 283814; 5
1670091504.567359; 283839; 5
1670091504.592364; 283864; 6
1670091504.617360; 283889; 6
1670091504.642359; 283914; 6
1670091504.667359; 283939; 6
1670091504.692366; 283964; 7
1670091504.717362; 283989; 7
1670091504.742354; 284014; 7
1670091504.767354; 284039; 7
1670091504.792354; 284064; 7
1670091504.817359; 284089; 7
1670091504.842355; 284114; 7
1670091504.867354; 284139; 7
1670091504.892354; 284164; 7
1670091504.917359; 284189; 7
1670091504.942355; 284214; 7
1670091504.967354; 284239; 7
1670091504.992354; 284264; 7
1670091505.017364; 284289; 7
1670091505.042356; 284314; 7
1670091505.067361; 284339; 7
1670091505.092355; 284364; 7
1670091505.117361; 284389; 7
1670091505.142362; 284414; 7
1670091505.167355; 284439; 7
1670091505.192354; 284464; 7
1670091505.217354; 284489; 7
1670091505.242359; 284514; 7
1670091505.267355; 284539; 7
1670091505.292359; 284564; 7
1670091505.317359; 284589; 7
1670091505.342364; 284614; 7
1670091505.367360; 284639; 7
1670091505.392359; 284664; 7
1670091505.417354; 284689; 7
1670091505.442359; 284714; 7
1670091505.467361; 284739; 7
1670091505.492359; 284764; 7
1670091505.517359; 284789; 7
1670091505.542359; 284814; 7
1670091505.567368; 284839; 7
1670091505.592360; 284864; 7
1670091505.617359; 284889; 7
1670091505.642359; 284914; 7
1670091505.667364; 284939; 7
1670091505.692360; 284964; 7
1670091505.717359; 284989; 7
1670091505.742359; 285014; 7
1670091505.767364; 285039; 7
1670091505.792355; 285064; 7
1670091505.817359; 285089; 7
1670091505.842359; 285114; 7
1670091505.867359; 285139; 7
1670091505.892355; 285164; 7
1670091505.917354; 285189; 6
1670091505.942354; 285214; 6
1670091505.967354; 285239; 6
1670091505.992368; 285264; 6
1670091506.017360; 285289; 5
1670091506.042355; 285314; 5
1670091506.067361; 285339; 5
1670091506.092360; 285364; 5
1670091506.117362; 285389; 5
1670091506.142354; 285414; 5
1670091506.167354; 285439; 5
1670091506.192359; 285464; 5
1670091506.217355; 285489; 5
1670091506.242359; 285514; 6
1670091506.267359; 285539; 6
1670091506.292363; 285564; 6
1670091506.317362; 285589; 6
1670091506.342354; 285614; 7
1670091506.367354; 285639; 7
1670091506.392354; 285664; 7
1670091506.417362; 285689; 7
1670091506.442355; 285714; 7
1670091506.467354; 285739; 7
1670091506.492354; 285764; 7
1670091506.517359; 285789; 7
1670091506.542355; 285814; 7
1670091506.567354; 285839; 7
1670091506.592354; 285864; 7
1670091506.617359; 285889; 7
1670091506.642360; 285914; 7
1670091506.667359; 285939; 7
1670091506.692359; 285964; 7
1670091506.717359; 285989; 7
1670091506.742364; 286014; 7
1670091506.767361; 286039; 7
1670091506.792354; 286064; 7
1670091506.817354; 286089; 7
1670091506.842362; 286114; 7
1670091506.867355; 286139; 7
1670091506.892354; 286164; 7
1670091506.917354; 286189; 7
1670091506.942359; 286214; 7
1670091506.967355; 286239; 7
1670091506.992354; 286264; 7
1670091507.017354; 286289; 7
1670091507.042365; 286314; 7
1670091507.067356; 286339; 7
1670091507.092361; 286364; 7
1670091507.117361; 286389; 7
1670091507.142354; 286414; 7
1670091507.167359; 286439; 7
1670091507.192355; 286464; 7
1670091507.217354; 286489; 7
1670091507.242354; 286514; 7
1670091507.267368; 286539; 7
1670091507.292360; 286564; 7
1670091507.317359; 286589; 7
1670091507.342359; 286614; 7
1670091507.367364; 286639; 7
1670091507.392360; 286664; 7
1670091507.417359; 286689; 7
1670091507.442359; 286714; 7
1670091507.467364; 286739; 7
1670091507.492360; 286764; 7
1670091507.517359; 286789; 7
1670091507.542359; 286814; 7
1670091507.567359; 286839; 7
1670091507.592364; 286864; 7
1670091507.617360; 286889; 7
1670091507.642359; 286914; 7
1670091507.667354; 286939; 7
1670091507.692362; 286964; 7
1670091507.717355; 286989; 7
1670091507.742354; 287014; 7
1670091507.767354; 287039; 7
1670091507.792364; 287064; 7
1670091507.817360; 287089; 7
1670091507.842359; 287114; 7
1670091507.867378; 287139; 7
1670091507.892357; 287164; 7
1670091507.917361; 287189; 7
1670091507.942354; 287214; 7
1670091507.967354; 287239; 7
1670091507.992354; 287264; 7
1670091508.017359; 287289; 7
1670091508.042356; 287314; 7
1670091508.067389; 287339; 7
1670091508.092355; 287364; 7
1670091508.117369; 287389; 7
1670091508.142355; 287414; 7
1670091508.167354; 287439; 7
1670091508.192354; 287464; 7
1670091508.217359; 287489; 7
1670091508.242355; 287514; 7
1670091508.267354; 287539; 7
1670091508.292354; 287564; 7
1670091508.317354; 287589; 7
1670091508.342364; 287614; 7
1670091508.367360; 287639; 7
1670091508.392359; 287664; 7
1670091508.417359; 287689; 7
1670091508.442364; 287714; 7
1670091508.467360; 287739; 7
1670091508.492359; 287764; 7
1670091508.517359; 287789; 7
1670091508.542362; 287814; 7
1670091508.567355; 287839; 7
1670091508.592354; 287864; 7
1670091508.617354; 287889; 7
1670091508.642359; 287914; 7
1670091508.667355; 287939; 7
1670091508.692359; 287964; 7
1670091508.717359; 287989; 7
1670091508.742359; 288014; 7
1670091508.767364; 288039; 7
1670091508.792355; 288064; 7
1670091508.817354; 288089; 7
1670091508.842354; 288114; 7
1670091508.867359; 288139; 7
1670091508.892381; 288164; 7
1670091508.917354; 288189; 7
1670091508.942354; 288214; 7
1670091508.967362; 288239; 7
1670091508.992355; 288264; 7
1670091509.017354; 288289; 7
1670091509.042360; 288314; 7
1670091509.067360; 288339; 7
1670091509.092364; 288364; 7
1670091509.117355; 288389; 7
1670091509.142385; 288414; 7
1670091509.167359; 288439; 7
1670091509.192364; 288464; 7
1670091509.217360; 288489; 7
1670091509.242359; 288514; 7
1670091509.267359; 288539; 7
1670091509.292364; 288564; 7
1670091509.317360; 288589; 7
1670091509.342359; 288614; 7
1670091509.367359; 288639; 7
1670091509.392362; 288664; 7
1670091509.417355; 288689; 7
1670091509.442354; 288714; 7
1670091509.467354; 288739; 7
1670091509.492363; 288764; 7
1670091509.517356; 288789; 7
1670091509.542359; 288814; 7
1670091509.567359; 288839; 7
1670091509.592359; 288864; 7
1670091509.617364; 288889; 7
1670091509.642360; 288914; 7
1670091509.667359; 288939; 7
1670091509.692359; 288964; 7
1670091509.717364; 288989; 7
1670091509.742360; 289014; 7
1670091509.767359; 289039; 7
1670091509.792354; 289064; 7
1670091509.817362; 289089; 7
1670091509.842355; 289114; 7
1670091509.867354; 289139; 7
1670091509.892354; 289164; 7
1670091509.917360; 289189; 6
1670091509.942364; 289214; 6
1670091509.967355; 289239; 6
1670091509.992354; 289264; 6
1670091510.017354; 289289; 5
1670091510.042365; 289314; 5
1670091510.067356; 289339; 5
1670091510.092360; 289364; 5
1670091510.117361; 289389; 5
1670091510.142364; 289414; 5
1670091510.167361; 289439; 5
1670091510.192359; 289464; 5
1670091510.217359; 289489; 5
1670091510.242368; 289514; 5
1670091510.267360; 289539; 5
1670091510.292359; 289564; 5
1670091510.317359; 289589; 5
1670091510.342359; 289614; 5
1670091510.367364; 289639; 5
1670091510.392355; 289664; 5
1670091510.417354; 289689; 7
1670091510.442354; 289714; 7
1670091510.467359; 289739; 7
1670091510.492355; 289764; 7
1670091510.517354; 289789; 7
1670091510.542359; 289814; 7
1670091510.567364; 289839; 7
1670091510.592360; 289864; 7
1670091510.617359; 289889; 7
1670091510.642359; 289914; 7
1670091510.667368; 289939; 7
1670091510.692360; 289964; 7
1670091510.717359; 289989; 7
1670091510.742359; 290014; 7
1670091510.767359; 290039; 7
1670091510.792359; 290064; 7
1670091510.817355; 290089; 7
1670091510.842354; 290114; 7
1670091510.867354; 290139; 7
1670091510.892359; 290164; 7
1670091510.917355; 290189; 7
1670091510.942363; 290214; 7
1670091510.967354; 290239; 7
1670091510.992359; 290264; 7
1670091511.017355; 290289; 7
1670091511.042360; 290314; 7
1670091511.067355; 290339; 7
1670091511.092362; 290364; 7
1670091511.117363; 290389; 7
1670091511.142354; 290414; 7
1670091511.167354; 290439; 7
1670091511.192359; 290464; 7
1670091511.217364; 290489; 7
1670091511.242360; 290514; 6
1670091511.267359; 290539; 6
1670091511.292359; 290564; 6
1670091511.317364; 290589; 6
1670091511.342360; 290614; 5
1670091511.367359; 290639; 5
1670091511.392359; 290664; 5
1670091511.417364; 290689; 5
1670091511.442361; 290714; 5
1670091511.467359; 290739; 5
1670091511.492359; 290764; 5
1670091511.517359; 290789; 5
1670091511.542368; 290814; 6
1670091511.567355; 290839; 6
1670091511.592354; 290864; 6
1670091511.617359; 290889; 6
1670091511.642364; 290914; 4
1670091511.667360; 290939; 4
1670091511.692359; 290964; 4
1670091511.717359; 290989; 4
1670091511.742364; 291014; 4
1670091511.767361; 291039; 4
1670091511.792354; 291064; 4
1670091511.817354; 291089; 4
1670091511.842359; 291114; 5
1670091511.867355; 291139; 5
1670091511.892354; 291164; 5
1670091511.917354; 291189; 5
1670091511.942354; 291214; 6
1670091511.967362; 291239; 6
1670091511.992355; 291264; 6
1670091512.017354; 291289; 6
1670091512.042360; 291314; 6
1670091512.067360; 291339; 6
1670091512.092362; 291364; 6
1670091512.117355; 291389; 6
1670091512.142354; 291414; 6
1670091512.167359; 291439; 6
1670091512.192360; 291464; 6
1670091512.217359; 291489; 6
1670091512.242359; 291514; 6
1670091512.267364; 291539; 6
1670091512.292360; 291564; 6
1670091512.317359; 291589; 6
1670091512.342359; 291614; 6
1670091512.367359; 291639; 6
1670091512.392368; 291664; 6
1670091512.417361; 291689; 6
1670091512.442354; 291714; 6
1670091512.467354; 291739; 6
1670091512.492359; 291764; 6
1670091512.517355; 291789; 6
1670091512.542354; 291814; 6
1670091512.567354; 291839; 6
1670091512.592364; 291864; 6
1670091512.617360; 291889; 6
1670091512.642359; 291914; 6
1670091512.667359; 291939; 6
1670091512.692357; 291964; 6
1670091512.717356; 291989; 6
1670091512.742359; 292014; 6
1670091512.767359; 292039; 6
1670091512.792354; 292064; 6
1670091512.817362; 292089; 6
1670091512.842360; 292114; 6
1670091512.867359; 292139; 6
1670091512.892359; 292164; 6
1670091512.917364; 292189; 6
1670091512.942361; 292214; 6
1670091512.967359; 292239; 5
1670091512.992359; 292264; 5
1670091513.017364; 292289; 5
1670091513.042356; 292314; 5
1670091513.067361; 292339; 5
1670091513.092355; 292364; 5
1670091513.117360; 292389; 5
1670091513.142359; 292414; 5
1670091513.167355; 292439; 5
1670091513.192391; 292464; 5
1670091513.217354; 292489; 5
1670091513.242367; 292514; 5
1670091513.267361; 292539; 5
1670091513.292359; 292564; 7
1670091513.317359; 292589; 7
1670091513.342364; 292614; 7
1670091513.367360; 292639; 7
1670091513.392376; 292664; 7
1670091513.417354; 292689; 7
1670091513.442359; 292714; 7
1670091513.467355; 292739; 7
1670091513.492354; 292764; 7
1670091513.517354; 292789; 7
1670091513.542354; 292814; 7
1670091513.567359; 292839; 7
1670091513.592355; 292864; 7
1670091513.617359; 292889; 7
1670091513.642359; 292914; 7
1670091513.667368; 292939; 7
1670091513.692361; 292964; 7
1670091513.717359; 292989; 7
1670091513.742359; 293014; 7
1670091513.767364; 293039; 7
1670091513.792355; 293064; 7
1670091513.817359; 293089; 7
1670091513.842359; 293114; 7
1670091513.867364; 293139; 7
1670091513.892361; 293164; 7
1670091513.917359; 293189; 7
1670091513.942359; 293214; 7
1670091513.967359; 293239; 7
1670091513.992364; 293264; 7
1670091514.017355; 293289; 7
1670091514.042360; 293314; 7
1670091514.067361; 293339; 7
1670091514.092369; 293364; 7
1670091514.117356; 293389; 7
1670091514.142359; 293414; 7
1670091514.167359; 293439; 7
1670091514.192364; 293464; 7
1670091514.217415; 293489; 7
1670091514.242354; 293514; 7
1670091514.267354; 293539; 7
1670091514.292357; 293564; 7
1670091514.317356; 293589; 7
1670091514.342359; 293614; 7
1670091514.367359; 293639; 7
1670091514.392359; 293664; 7
1670091514.417367; 293689; 7
1670091514.442360; 293714; 7
1670091514.467363; 293739; 7
1670091514.492354; 293764; 7
1670091514.517362; 293789; 7
1670091514.542355; 293814; 7
1670091514.567354; 293839; 7
1670091514.592354; 293864; 7
1670091514.617359; 293889; 7
1670091514.642355; 293914; 7
1670091514.667354; 293939; 7
1670091514.692354; 293964; 7
1670091514.717354; 293989; 5
1670091514.742359; 294014; 5
1670091514.767355; 294039; 5
1670091514.792359; 294064; 5
1670091514.817359; 294089; 4
1670091514.842364; 294114; 4
1670091514.867361; 294139; 4
1670091514.892354; 294164; 4
1670091514.917354; 294189; 4
1670091514.942368; 294214; 4
1670091514.967361; 294239; 4
1670091514.992359; 294264; 4
1670091515.017359; 294289; 4
1670091515.042360; 294314; 4
1670091515.067362; 294339; 4
1670091515.092361; 294364; 4
1670091515.117355; 294389; 5
1670091515.142354; 294414; 5
1670091515.167359; 294439; 5
1670091515.192355; 294464; 5
1670091515.217354; 294489; 4
1670091515.242354; 294514; 4
1670091515.267359; 294539; 4
1670091515.292360; 294564; 4
1670091515.317359; 294589; 4
1670091515.342359; 294614; 4
1670091515.367362; 294639; 4
1670091515.392355; 294664; 4
1670091515.417354; 294689; 4
1670091515.442359; 294714; 4
1670091515.467364; 294739; 4
1670091515.492360; 294764; 4
1670091515.517359; 294789; 4
1670091515.542359; 294814; 4
1670091515.567359; 294839; 4
1670091515.592364; 294864; 4
1670091515.617360; 294889; 4
1670091515.642359; 294914; 5
1670091515.667359; 294939; 5
1670091515.692364; 294964; 5
1670091515.717361; 294989; 5
1670091515.742359; 295014; 8
1670091515.767359; 295039; 8
1670091515.792362; 295064; 8
1670091515.817355; 295089; 8
1670091515.842354; 295114; 9
1670091515.867359; 295139; 9
1670091515.892357; 295164; 9
1670091515.917356; 295189; 9
1670091515.942359; 295214; 9
1670091515.967359; 295239; 9
1670091515.992359; 295264; 9
1670091516.017359; 295289; 9
1670091516.042356; 295314; 12
1670091516.067360; 295339; 12
1670091516.092361; 295364; 12
1670091516.117365; 295389; 12
1670091516.142355; 295414; 17
1670091516.167359; 295439; 17
1670091516.192359; 295464; 17
1670091516.217368; 295489; 17
1670091516.242355; 295514; 21
1670091516.267359; 295539; 21
1670091516.292359; 295564; 21
1670091516.317364; 295589; 21
1670091516.342355; 295614; 21
1670091516.367354; 295639; 21
1670091516.392354; 295664; 21
1670091516.417359; 295689; 21
1670091516.442355; 295714; 22
1670091516.467359; 295739; 22
1670091516.492354; 295764; 22
1670091516.517366; 295789; 22
1670091516.542356; 295814; 23
1670091516.567359; 295839; 23
1670091516.592359; 295864; 23
1670091516.617359; 295889; 23
1670091516.642362; 295914; 23
1670091516.667360; 295939; 23
1670091516.692354; 295964; 23
1670091516.717354; 295989; 23
1670091516.742359; 296014; 23
1670091516.767355; 296039; 24
1670091516.792359; 296064; 24
1670091516.817354; 296089; 24
1670091516.842359; 296114; 24
1670091516.867355; 296139; 28
1670091516.892354; 296164; 28
1670091516.917354; 296189; 28
1670091516.942359; 296214; 28
1670091516.967355; 296239; 28
1670091516.992359; 296264; 28
1670091517.017359; 296289; 28
1670091517.042363; 296314; 28
1670091517.067362; 296339; 27
1670091517.092355; 296364; 27
1670091517.117360; 296389; 27
1670091517.142359; 296414; 27
1670091517.167355; 296439; 23
1670091517.192359; 296464; 23
1670091517.217359; 296489; 23
1670091517.242359; 296514; 23
1670091517.267355; 296539; 23
1670091517.292359; 296564; 23
1670091517.317359; 296589; 23
1670091517.342363; 296614; 23
1670091517.367356; 296639; 22
1670091517.392359; 296664; 22
1670091517.417359; 296689; 22
1670091517.442359; 296714; 22
1670091517.467368; 296739; 17
1670091517.492361; 296764; 17
1670091517.517359; 296789; 17
1670091517.542359; 296814; 17
1670091517.567364; 296839; 10
1670091517.592355; 296864; 10
1670091517.617359; 296889; 10
1670091517.642359; 296914; 10
1670091517.667359; 296939; 7
1670091517.692355; 296964; 7
1670091517.717359; 296989; 7
1670091517.742359; 297014; 7
1670091517.767359; 297039; 7
1670091517.792361; 297064; 7
1670091517.817359; 297089; 7
1670091517.842359; 297114; 7
1670091517.867362; 297139; 7
1670091517.892355; 297164; 7
1670091517.917359; 297189; 7
1670091517.942359; 297214; 7
1670091517.967359; 297239; 7
1670091517.992364; 297264; 6
1670091518.017360; 297289; 6
1670091518.042355; 297314; 6
1670091518.067361; 297339; 6
1670091518.092365; 297364; 5
1670091518.117362; 297389; 5
1670091518.142354; 297414; 5
1670091518.167359; 297439; 5
1670091518.192364; 297464; 5
1670091518.217360; 297489; 5
1670091518.242359; 297514; 5
1670091518.267359; 297539; 5
1670091518.292366; 297564; 5
1670091518.317356; 297589; 5
1670091518.342359; 297614; 5
1670091518.367359; 297639; 5
1670091518.392359; 297664; 5
1670091518.417364; 297689; 5
1670091518.442360; 297714; 5
1670091518.467359; 297739; 5
1670091518.492359; 297764; 6
1670091518.517381; 297789; 6
1670091518.542360; 297814; 6
1670091518.567354; 297839; 6
1670091518.592354; 297864; 6
1670091518.617359; 297889; 6
1670091518.642355; 297914; 6
1670091518.667354; 297939; 6
1670091518.692354; 297964; 6
1670091518.717373; 297989; 6
1670091518.742362; 298014; 6
1670091518.767355; 298039; 6
1670091518.792359; 298064; 6
1670091518.817359; 298089; 6
1670091518.842364; 298114; 6
1670091518.867360; 298139; 6
1670091518.892359; 298164; 5
1670091518.917359; 298189; 5
1670091518.942364; 298214; 5
1670091518.967361; 298239; 5
1670091518.992359; 298264; 5
1670091519.017359; 298289; 5
1670091519.042360; 298314; 5
1670091519.067362; 298339; 5
1670091519.092360; 298364; 5
1670091519.117355; 298389; 4
1670091519.142354; 298414; 4
1670091519.167368; 298439; 4
1670091519.192360; 298464; 4
1670091519.217359; 298489; 5
1670091519.242359; 298514; 5
1670091519.267364; 298539; 5
1670091519.292361; 298564; 5
1670091519.317359; 298589; 5
1670091519.342354; 298614; 5
1670091519.367359; 298639; 5
1670091519.392360; 298664; 5
1670091519.417359; 298689; 6
1670091519.442359; 298714; 6
1670091519.467364; 298739; 6
1670091519.492360; 298764; 6
1670091519.517359; 298789; 6
1670091519.542370; 298814; 6
1670091519.567359; 298839; 6
1670091519.592362; 298864; 6
1670091519.617355; 298889; 6
1670091519.642354; 298914; 6
1670091519.667354; 298939; 6
1670091519.692359; 298964; 6
1670091519.717355; 298989; 5
1670091519.742357; 299014; 5
1670091519.767359; 299039; 5
1670091519.792359; 299064; 5
1670091519.817355; 299089; 6
1670091519.842354; 299114; 6
1670091519.867354; 299139; 6
1670091519.892363; 299164; 6
1670091519.917362; 299189; 6
1670091519.942354; 299214; 6
1670091519.967359; 299239; 6
1670091519.992359; 299264; 6
1670091520.017368; 299289; 7
1670091520.042356; 299314; 7
1670091520.067360; 299339; 7
1670091520.092355; 299364; 7
1670091520.117360; 299389; 7
1670091520.142355; 299414; 7
1670091520.167359; 299439; 7
1670091520.192359; 299464; 7
1670091520.217359; 299489; 7
1670091520.242355; 299514; 8
1670091520.267354; 299539; 8
1670091520.292354; 299564; 8
1670091520.317354; 299589; 8
1670091520.342359; 299614; 8
1670091520.367355; 299639; 8
1670091520.392354; 299664; 8
1670091520.417354; 299689; 8
1670091520.442368; 299714; 8
1670091520.467361; 299739; 8
1670091520.492359; 299764; 8
1670091520.517359; 299789; 8
1670091520.542364; 299814; 10
1670091520.567360; 299839; 10
1670091520.592354; 299864; 10
1670091520.617354; 299889; 10
1670091520.642359; 299914; 11
1670091520.667355; 299939; 11
1670091520.692359; 299964; 11
1670091520.717354; 299989; 11
1670091520.742359; 300014; 11
1670091520.767360; 300039; 11
1670091520.792354; 300064; 11
1670091520.817354; 300089; 11
1670091520.842366; 300114; 13
1670091520.867356; 300139; 13
1670091520.892359; 300164; 13
1670091520.917359; 300189; 13
1670091520.942359; 300214; 14
1670091520.967359; 300239; 14
1670091520.992361; 300264; 14
1670091521.017354; 300289; 14
1670091521.042360; 300314; 14
1670091521.067360; 300339; 14
1670091521.092356; 300364; 14
1670091521.117361; 300389; 14
1670091521.142354; 300414; 13
1670091521.167359; 300439; 13
1670091521.192360; 300464; 13
1670091521.217354; 300489; 13
1670091521.242354; 300514; 12
1670091521.267368; 300539; 12
1670091521.292360; 300564; 12
1670091521.317354; 300589; 12
1670091521.342359; 300614; 12
1670091521.367364; 300639; 12
1670091521.392360; 300664; 12
1670091521.417354; 300689; 12
1670091521.442359; 300714; 12
1670091521.467359; 300739; 12
1670091521.492355; 300764; 12
1670091521.517359; 300789; 12
1670091521.542359; 300814; 12
1670091521.567359; 300839; 13
1670091521.592355; 300864; 13
1670091521.617359; 300889; 13
1670091521.642359; 300914; 13
1670091521.667361; 300939; 14
1670091521.692362; 300964; 14
1670091521.717354; 300989; 14
1670091521.742354; 301014; 14
1670091521.767354; 301039; 13
1670091521.792364; 301064; 13
1670091521.817361; 301089; 13
1670091521.842359; 301114; 13
1670091521.867354; 301139; 13
1670091521.892359; 301164; 13
1670091521.917355; 301189; 13
1670091521.942359; 301214; 13
1670091521.967354; 301239; 11
1670091521.992359; 301264; 11
1670091522.017360; 301289; 11
1670091522.042355; 301314; 11
1670091522.067360; 301339; 13
1670091522.092369; 301364; 13
1670091522.117356; 301389; 13
1670091522.142359; 301414; 13
1670091522.167359; 301439; 13
1670091522.192364; 301464; 13
1670091522.217355; 301489; 13
1670091522.242359; 301514; 13
1670091522.267354; 301539; 12
1670091522.292359; 301564; 12
1670091522.317355; 301589; 12
1670091522.342359; 301614; 12
1670091522.367359; 301639; 8
1670091522.392364; 301664; 8
1670091522.417355; 301689; 8
1670091522.442354; 301714; 8
1670091522.467354; 301739; 4
1670091522.492354; 301764; 4
1670091522.517362; 301789; 4
1670091522.542360; 301814; 4
1670091522.567359; 301839; 4
1670091522.592359; 301864; 4
1670091522.617359; 301889; 4
1670091522.642355; 301914; 4
1670091522.667354; 301939; 4
1670091522.692354; 301964; 4
1670091522.717359; 301989; 4
1670091522.742355; 302014; 4
1670091522.767354; 302039; 4
1670091522.792359; 302064; 4
1670091522.817363; 302089; 4
1670091522.842356; 302114; 4
1670091522.867359; 302139; 4
1670091522.892359; 302164; 4
1670091522.917359; 302189; 4
1670091522.942362; 302214; 4
1670091522.967355; 302239; 4
1670091522.992354; 302264; 4
1670091523.017354; 302289; 4
1670091523.042360; 302314; 4
1670091523.067362; 302339; 4
1670091523.092355; 302364; 4
1670091523.117360; 302389; 4
1670091523.142359; 302414; 4
1670091523.167355; 302439; 4
1670091523.192354; 302464; 4
1670091523.217354; 302489; 4
1670091523.242354; 302514; 4
1670091523.267359; 302539; 4
1670091523.292355; 302564; 4
1670091523.317354; 302589; 4
1670091523.342354; 302614; 4
1670091523.367362; 302639; 4
1670091523.392355; 302664; 4
1670091523.417354; 302689; 4
1670091523.442359; 302714; 4
1670091523.467364; 302739; 4
1670091523.492355; 302764; 4
1670091523.517354; 302789; 4
1670091523.542354; 302814; 4
1670091523.567359; 302839; 4
1670091523.592355; 302864; 3
1670091523.617354; 302889; 3
1670091523.642354; 302914; 3
1670091523.667354; 302939; 3
1670091523.692359; 302964; 3
1670091523.717355; 302989; 3
1670091523.742354; 303014; 3
1670091523.767354; 303039; 3
1670091523.792368; 303064; 3
1670091523.817360; 303089; 4
1670091523.842362; 303114; 4
1670091523.867354; 303139; 4
1670091523.892359; 303164; 4
1670091523.917355; 303189; 4
1670091523.942354; 303214; 4
1670091523.967354; 303239; 4
1670091523.992359; 303264; 4
1670091524.017355; 303289; 3
1670091524.042398; 303314; 3
1670091524.067360; 303339; 3
1670091524.092355; 303364; 3
1670091524.117365; 303389; 3
1670091524.142355; 303414; 3
1670091524.167354; 303439; 3
1670091524.192354; 303464; 3
1670091524.217362; 303489; 3
1670091524.242355; 303514; 3
1670091524.267359; 303539; 3
1670091524.292359; 303564; 3
1670091524.317359; 303589; 3
1670091524.342355; 303614; 3
1670091524.367354; 303639; 3
1670091524.392354; 303664; 3
1670091524.417363; 303689; 3
1670091524.442362; 303714; 3
1670091524.467359; 303739; 3
1670091524.492359; 303764; 3
1670091524.517359; 303789; 3
1670091524.542364; 303814; 3
1670091524.567360; 303839; 3
1670091524.592359; 303864; 3
1670091524.617359; 303889; 3
1670091524.642368; 303914; 3
1670091524.667360; 303939; 3
1670091524.692359; 303964; 3
1670091524.717354; 303989; 3
1670091524.742359; 304014; 3
1670091524.767355; 304039; 3
1670091524.792359; 304064; 3
1670091524.817359; 304089; 3
1670091524.842359; 304114; 3
1670091524.867373; 304139; 3
1670091524.892361; 304164; 3
1670091524.917359; 304189; 3
1670091524.942359; 304214; 3
1670091524.967364; 304239; 3
1670091524.992360; 304264; 3
1670091525.017359; 304289; 3
1670091525.042355; 304314; 3
1670091525.067369; 304339; 3
1670091525.092362; 304364; 3
1670091525.117367; 304389; 3
1670091525.142359; 304414; 3
1670091525.167364; 304439; 3
1670091525.192360; 304464; 3
1670091525.217359; 304489; 3
1670091525.242359; 304514; 3
1670091525.267359; 304539; 3
1670091525.292364; 304564; 3
1670091525.317360; 304589; 3
1670091525.342359; 304614; 3
1670091525.367359; 304639; 3
1670091525.392364; 304664; 3
1670091525.417360; 304689; 3
1670091525.442359; 304714; 3
1670091525.467359; 304739; 3
1670091525.492368; 304764; 3
1670091525.517361; 304789; 3
1670091525.542359; 304814; 3
1670091525.567359; 304839; 3
1670091525.592364; 304864; 3
1670091525.617361; 304889; 3
1670091525.642359; 304914; 3
1670091525.667359; 304939; 3
1670091525.692354; 304964; 3
1670091525.717359; 304989; 3
1670091525.742355; 305014; 3
1670091525.767354; 305039; 3
1670091525.792359; 305064; 3
1670091525.817364; 305089; 3
1670091525.842361; 305114; 3
1670091525.867359; 305139; 3
1670091525.892360; 305164; 3
1670091525.917368; 305189; 3
1670091525.942355; 305214; 3
1670091525.967354; 305239; 3
1670091525.992354; 305264; 3
1670091526.017363; 305289; 3
1670091526.042357; 305314; 3
1670091526.067355; 305339; 3
1670091526.092360; 305364; 3
1670091526.117355; 305389; 3
1670091526.142364; 305414; 3
1670091526.167361; 305439; 3
1670091526.192359; 305464; 3
1670091526.217359; 305489; 3
1670091526.242364; 305514; 3
1670091526.267360; 305539; 3
1670091526.292359; 305564; 3
1670091526.317359; 305589; 3
1670091526.342362; 305614; 3
1670091526.367360; 305639; 3
1670091526.392359; 305664; 3
1670091526.417359; 305689; 3
1670091526.442359; 305714; 3
1670091526.467364; 305739; 3
1670091526.492360; 305764; 3
1670091526.517359; 305789; 3
1670091526.542359; 305814; 3
1670091526.567364; 305839; 3
1670091526.592360; 305864; 3
1670091526.617359; 305889; 3
1670091526.642359; 305914; 3
1670091526.667364; 305939; 4
1670091526.692360; 305964; 4
1670091526.717354; 305989; 4
1670091526.742354; 306014; 4
1670091526.767368; 306039; 4
1670091526.792355; 306064; 4
1670091526.817354; 306089; 4
1670091526.842354; 306114; 4
1670091526.867354; 306139; 3
1670091526.892359; 306164; 3
1670091526.917360; 306189; 3
1670091526.942359; 306214; 3
1670091526.967359; 306239; 3
1670091526.992364; 306264; 3
1670091527.017360; 306289; 3
1670091527.042355; 306314; 3
1670091527.067360; 306339; 3
1670091527.092365; 306364; 3
1670091527.117356; 306389; 3
1670091527.142354; 306414; 3
1670091527.167363; 306439; 3
1670091527.192362; 306464; 3
1670091527.217355; 306489; 3
1670091527.242354; 306514; 3
1670091527.267354; 306539; 3
1670091527.292354; 306564; 4
1670091527.317359; 306589; 4
1670091527.342355; 306614; 4
1670091527.367354; 306639; 4
1670091527.392354; 306664; 4
1670091527.417359; 306689; 4
1670091527.442355; 306714; 4
1670091527.467354; 306739; 4
1670091527.492354; 306764; 4
1670091527.517359; 306789; 4
1670091527.542355; 306814; 4
1670091527.567354; 306839; 4
1670091527.592359; 306864; 4
1670091527.617366; 306889; 4
