1670090020.258730; 428932; 29
1670090020.283672; 428957; 29
1670090020.308669; 428982; 29
1670090020.333670; 429007; 29
1670090020.358669; 429032; 29
1670090020.383689; 429057; 29
1670090020.408671; 429082; 29
1670090020.433669; 429107; 29
1670090020.458675; 429132; 29
1670090020.483680; 429157; 29
1670090020.508676; 429182; 29
1670090020.533675; 429207; 29
1670090020.558669; 429232; 29
1670090020.583674; 429257; 29
1670090020.608671; 429282; 29
1670090020.633669; 429307; 29
1670090020.658675; 429332; 29
1670090020.683680; 429357; 29
1670090020.708676; 429382; 29
1670090020.733675; 429407; 29
1670090020.758675; 429432; 29
1670090020.914984; 429588; 29
1670090020.939671; 429613; 30
1670090020.964669; 429638; 30
1670090020.989670; 429663; 30
1670090021.014674; 429688; 30
1670090021.039677; 429713; 30
1670090021.064671; 429738; 30
1670090021.089676; 429763; 30
1670090021.114681; 429788; 30
1670090021.139671; 429813; 30
1670090021.164670; 429838; 30
1670090021.189670; 429863; 30
1670090021.214669; 429888; 30
1670090021.239674; 429913; 31
1670090021.264671; 429938; 31
1670090021.289669; 429963; 31
1670090021.314669; 429988; 31
1670090021.339683; 430013; 31
1670090021.364676; 430038; 31
1670090021.389675; 430063; 31
1670090021.414675; 430088; 31
1670090021.439680; 430113; 31
1670090021.464676; 430138; 31
1670090021.489669; 430163; 31
1670090021.514670; 430188; 31
1670090021.539674; 430213; 31
1670090021.564670; 430238; 31
1670090021.589669; 430263; 31
1670090021.614669; 430288; 31
1670090021.639674; 430313; 31
1670090021.664671; 430338; 31
1670090021.689675; 430363; 31
1670090021.714675; 430388; 31
1670090021.739683; 430413; 31
1670090021.764671; 430438; 31
1670090021.789669; 430463; 31
1670090021.814669; 430488; 31
1670090021.839674; 430513; 31
1670090021.864671; 430538; 31
1670090021.889669; 430563; 31
1670090021.914669; 430588; 31
1670090021.939674; 430613; 31
1670090021.964671; 430638; 30
1670090021.989669; 430663; 30
1670090022.014669; 430688; 30
1670090022.039676; 430713; 30
1670090022.064681; 430738; 31
1670090022.089672; 430763; 31
1670090022.114671; 430788; 31
1670090022.139675; 430813; 31
1670090022.164683; 430838; 32
1670090022.189671; 430863; 32
1670090022.214670; 430888; 32
1670090022.239670; 430913; 32
1670090022.264674; 430938; 31
1670090022.289697; 430963; 31
1670090022.314669; 430988; 31
1670090022.339669; 431013; 31
1670090022.364674; 431038; 31
1670090022.389676; 431063; 31
1670090022.414669; 431088; 31
1670090022.439669; 431113; 31
1670090022.464674; 431138; 31
1670090022.489671; 431163; 31
1670090022.514669; 431188; 31
1670090022.539669; 431213; 31
1670090022.564678; 431238; 31
1670090022.589676; 431263; 31
1670090022.614675; 431288; 31
1670090022.639675; 431313; 31
1670090022.664679; 431338; 31
1670090022.689676; 431363; 31
1670090022.714670; 431388; 31
1670090022.739669; 431413; 31
1670090022.764673; 431438; 31
1670090022.789672; 431463; 31
1670090022.814675; 431488; 31
1670090022.839675; 431513; 31
1670090022.864675; 431538; 31
1670090022.889674; 431563; 31
1670090022.914671; 431588; 31
1670090022.939669; 431613; 31
1670090022.964669; 431638; 31
1670090022.989678; 431663; 31
1670090023.014676; 431688; 31
1670090023.039676; 431713; 31
1670090023.064676; 431738; 31
1670090023.089681; 431763; 31
1670090023.114677; 431788; 31
1670090023.139669; 431813; 31
1670090023.164669; 431838; 31
1670090023.189674; 431863; 31
1670090023.214671; 431888; 31
1670090023.239669; 431913; 31
1670090023.264669; 431938; 31
1670090023.289674; 431963; 30
1670090023.314678; 431988; 30
1670090023.339669; 432013; 30
1670090023.364669; 432038; 30
1670090023.389683; 432063; 30
1670090023.414671; 432088; 30
1670090023.439669; 432113; 30
1670090023.464669; 432138; 30
1670090023.489674; 432163; 31
1670090023.514671; 432188; 31
1670090023.539669; 432213; 31
1670090023.564669; 432238; 31
1670090023.589673; 432263; 31
1670090023.614672; 432288; 31
1670090023.639675; 432313; 31
1670090023.664675; 432338; 31
1670090023.689675; 432363; 31
1670090023.714674; 432388; 31
1670090023.739676; 432413; 31
1670090023.764669; 432438; 31
1670090023.789669; 432463; 31
1670090023.814683; 432488; 31
1670090023.839671; 432513; 31
1670090023.864669; 432538; 31
1670090023.889669; 432563; 31
1670090023.914674; 432588; 31
1670090023.939676; 432613; 31
1670090023.964669; 432638; 31
1670090023.989669; 432663; 31
1670090024.014674; 432688; 31
1670090024.039677; 432713; 31
1670090024.064676; 432738; 31
1670090024.089676; 432763; 32
1670090024.114681; 432788; 32
1670090024.139671; 432813; 32
1670090024.164670; 432838; 32
1670090024.189670; 432863; 32
1670090024.214678; 432888; 33
1670090024.239676; 432913; 33
1670090024.264669; 432938; 33
1670090024.289670; 432963; 33
1670090024.314674; 432988; 34
1670090024.339671; 433013; 34
1670090024.364670; 433038; 34
1670090024.389675; 433063; 34
1670090024.414669; 433088; 33
1670090024.439691; 433113; 33
1670090024.464705; 433138; 33
1670090024.489677; 433163; 33
1670090024.514683; 433188; 33
1670090024.539680; 433213; 33
1670090024.564671; 433238; 33
1670090024.589669; 433263; 33
1670090024.614670; 433288; 33
1670090024.639678; 433313; 33
1670090024.664676; 433338; 33
1670090024.689675; 433363; 33
1670090024.714675; 433388; 33
1670090024.739680; 433413; 33
1670090024.764671; 433438; 33
1670090024.789669; 433463; 33
1670090024.814669; 433488; 33
1670090024.839674; 433513; 33
1670090024.864671; 433538; 33
1670090024.889675; 433563; 33
1670090024.914669; 433588; 34
1670090024.939674; 433613; 34
1670090024.964671; 433638; 34
1670090024.989670; 433663; 34
1670090025.014675; 433688; 34
1670090025.039679; 433713; 34
1670090025.064677; 433738; 34
1670090025.089676; 433763; 34
1670090025.114676; 433788; 33
1670090025.139680; 433813; 33
1670090025.164671; 433838; 33
1670090025.189669; 433863; 33
1670090025.214669; 433888; 32
1670090025.239670; 433913; 32
1670090025.264674; 433938; 32
1670090025.289671; 433963; 32
1670090025.314670; 433988; 32
1670090025.339669; 434013; 32
1670090025.364674; 434038; 32
1670090025.389671; 434063; 32
1670090025.414670; 434088; 32
1670090025.439670; 434113; 32
1670090025.464683; 434138; 32
1670090025.489676; 434163; 32
1670090025.514675; 434188; 32
1670090025.539675; 434213; 32
1670090025.564680; 434238; 32
1670090025.589671; 434263; 32
1670090025.614669; 434288; 32
1670090025.639669; 434313; 32
1670090025.664674; 434338; 32
1670090025.689671; 434363; 32
1670090025.714670; 434388; 32
1670090025.739669; 434413; 33
1670090025.764674; 434438; 33
1670090025.789676; 434463; 33
1670090025.814675; 434488; 33
1670090025.839669; 434513; 33
1670090025.864678; 434538; 33
1670090025.889671; 434563; 33
1670090025.914670; 434588; 33
1670090025.939670; 434613; 33
1670090025.964678; 434638; 33
1670090025.989677; 434663; 33
1670090026.014670; 434688; 33
1670090026.039676; 434713; 33
1670090026.064676; 434738; 33
1670090026.089681; 434763; 33
1670090026.114677; 434788; 33
1670090026.139670; 434813; 33
1670090026.164669; 434838; 33
1670090026.189679; 434863; 33
1670090026.214676; 434888; 33
1670090026.239675; 434913; 33
1670090026.264675; 434938; 33
1670090026.289678; 434963; 33
1670090026.314671; 434988; 33
1670090026.339669; 435013; 35
1670090026.364670; 435038; 35
1670090026.389674; 435063; 35
1670090026.414671; 435088; 35
1670090026.439669; 435113; 35
1670090026.464670; 435138; 35
1670090026.489674; 435163; 35
1670090026.514671; 435188; 35
1670090026.539669; 435213; 35
1670090026.564669; 435238; 35
1670090026.589674; 435263; 35
1670090026.614671; 435288; 35
1670090026.639669; 435313; 35
1670090026.664669; 435338; 38
1670090026.689683; 435363; 38
1670090026.714676; 435388; 38
1670090026.739675; 435413; 38
1670090026.764675; 435438; 39
1670090026.789673; 435463; 39
1670090026.814672; 435488; 39
1670090026.839675; 435513; 39
1670090026.864675; 435538; 38
1670090026.889670; 435563; 38
1670090026.914674; 435588; 38
1670090026.939671; 435613; 38
1670090026.964669; 435638; 39
1670090026.989669; 435663; 39
1670090027.014674; 435688; 39
1670090027.039677; 435713; 39
1670090027.064676; 435738; 38
1670090027.089676; 435763; 38
1670090027.114679; 435788; 38
1670090027.139676; 435813; 38
1670090027.164675; 435838; 38
1670090027.189675; 435863; 38
1670090027.214674; 435888; 38
1670090027.239671; 435913; 38
1670090027.264669; 435938; 40
1670090027.289670; 435963; 40
1670090027.314674; 435988; 40
1670090027.339671; 436013; 40
1670090027.364669; 436038; 39
1670090027.389675; 436063; 39
1670090027.414679; 436088; 39
1670090027.439676; 436113; 39
1670090027.464675; 436138; 39
1670090027.489675; 436163; 39
1670090027.514683; 436188; 39
1670090027.539676; 436213; 39
1670090027.564675; 436238; 38
1670090027.589675; 436263; 38
1670090027.614681; 436288; 38
1670090027.639680; 436313; 38
1670090027.664676; 436338; 38
1670090027.689675; 436363; 38
1670090027.714675; 436388; 38
1670090027.739680; 436413; 38
1670090027.764676; 436438; 38
1670090027.789675; 436463; 38
1670090027.814675; 436488; 38
1670090027.839680; 436513; 38
1670090027.864676; 436538; 38
1670090027.889669; 436563; 37
1670090027.914670; 436588; 37
1670090027.939678; 436613; 37
1670090027.964671; 436638; 37
1670090027.989670; 436663; 37
1670090028.014669; 436688; 37
1670090028.039675; 436713; 37
1670090028.064672; 436738; 37
1670090028.089671; 436763; 37
1670090028.114671; 436788; 37
1670090028.139680; 436813; 37
1670090028.164676; 436838; 37
1670090028.189675; 436863; 37
1670090028.214675; 436888; 37
1670090028.239680; 436913; 37
1670090028.264676; 436938; 37
1670090028.289675; 436963; 38
1670090028.314675; 436988; 38
1670090028.339683; 437013; 38
1670090028.364676; 437038; 38
1670090028.389669; 437063; 38
1670090028.414669; 437088; 38
1670090028.439675; 437113; 38
1670090028.464680; 437138; 38
1670090028.489676; 437163; 37
1670090028.514675; 437188; 37
1670090028.539675; 437213; 37
1670090028.564679; 437238; 37
1670090028.589676; 437263; 38
1670090028.614675; 437288; 38
1670090028.639686; 437313; 38
1670090028.664674; 437338; 38
1670090028.689671; 437363; 38
1670090028.714669; 437388; 38
1670090028.739669; 437413; 38
1670090028.764683; 437438; 38
1670090028.789676; 437463; 37
1670090028.814675; 437488; 37
1670090028.839675; 437513; 37
1670090028.864674; 437538; 37
1670090028.889676; 437563; 37
1670090028.914670; 437588; 38
1670090028.939669; 437613; 38
1670090028.964674; 437638; 38
1670090028.989671; 437663; 38
1670090029.014669; 437688; 39
1670090029.039676; 437713; 39
1670090029.064681; 437738; 39
1670090029.089672; 437763; 39
1670090029.114671; 437788; 40
1670090029.139675; 437813; 40
1670090029.164677; 437838; 40
1670090029.189672; 437863; 40
1670090029.214675; 437888; 41
1670090029.239675; 437913; 41
1670090029.264669; 437938; 41
1670090029.289674; 437963; 41
1670090029.314671; 437988; 40
1670090029.339669; 438013; 40
1670090029.364669; 438038; 40
1670090029.389674; 438063; 40
1670090029.414671; 438088; 41
1670090029.439669; 438113; 41
1670090029.464669; 438138; 41
1670090029.489674; 438163; 41
1670090029.514676; 438188; 42
1670090029.539675; 438213; 42
1670090029.564675; 438238; 42
1670090029.589683; 438263; 42
1670090029.614676; 438288; 43
1670090029.639675; 438313; 43
1670090029.664678; 438338; 43
1670090029.689674; 438363; 43
1670090029.714671; 438388; 43
1670090029.739669; 438413; 43
1670090029.764669; 438438; 43
1670090029.789674; 438463; 43
1670090029.814671; 438488; 43
1670090029.839669; 438513; 43
1670090029.864669; 438538; 43
1670090029.889674; 438563; 43
1670090029.914671; 438588; 44
1670090029.939669; 438613; 44
1670090029.964670; 438638; 44
1670090029.989677; 438663; 44
1670090030.014672; 438688; 44
1670090030.039671; 438713; 46
1670090030.064676; 438738; 46
1670090030.089671; 438763; 46
1670090030.114675; 438788; 46
1670090030.139676; 438813; 45
1670090030.164675; 438838; 45
1670090030.189675; 438863; 45
1670090030.214679; 438888; 45
1670090030.239676; 438913; 45
1670090030.264675; 438938; 45
1670090030.289675; 438963; 45
1670090030.314679; 438988; 45
1670090030.339676; 439013; 44
1670090030.364675; 439038; 44
1670090030.389670; 439063; 44
1670090030.414683; 439088; 44
1670090030.439676; 439113; 44
1670090030.464675; 439138; 44
1670090030.489675; 439163; 44
1670090030.514679; 439188; 44
1670090030.539671; 439213; 44
1670090030.564669; 439238; 44
1670090030.589669; 439263; 44
1670090030.614674; 439288; 44
1670090030.639671; 439313; 44
1670090030.664669; 439338; 44
1670090030.689675; 439363; 44
1670090030.714680; 439388; 44
1670090030.739676; 439413; 45
1670090030.764675; 439438; 45
1670090030.789709; 439463; 45
1670090030.814669; 439488; 45
1670090030.839678; 439513; 44
1670090030.864671; 439538; 44
1670090030.889675; 439563; 44
1670090030.914669; 439588; 44
1670090030.939674; 439613; 44
1670090030.964671; 439638; 44
1670090030.989669; 439663; 44
1670090031.014669; 439688; 44
1670090031.039681; 439713; 42
1670090031.064677; 439738; 42
1670090031.089676; 439763; 42
1670090031.114671; 439788; 42
1670090031.139680; 439813; 41
1670090031.164671; 439838; 41
1670090031.189670; 439863; 41
1670090031.214669; 439888; 41
1670090031.239683; 439913; 41
1670090031.264676; 439938; 41
1670090031.289675; 439963; 41
1670090031.314675; 439988; 41
1670090031.339680; 440013; 41
1670090031.364676; 440038; 42
1670090031.389669; 440063; 42
1670090031.414669; 440088; 42
1670090031.439674; 440113; 42
1670090031.464671; 440138; 43
1670090031.489670; 440163; 43
1670090031.514675; 440188; 43
1670090031.539680; 440213; 43
1670090031.564676; 440238; 42
1670090031.589675; 440263; 42
1670090031.614675; 440288; 42
1670090031.639675; 440313; 42
1670090031.664678; 440338; 42
1670090031.689671; 440363; 42
1670090031.714675; 440388; 42
1670090031.739675; 440413; 42
1670090031.764680; 440438; 42
1670090031.789676; 440463; 42
1670090031.814688; 440488; 42
1670090031.839670; 440513; 42
1670090031.864674; 440538; 42
1670090031.889671; 440563; 42
1670090031.914669; 440588; 42
1670090031.939675; 440613; 42
1670090031.964674; 440638; 41
1670090031.989671; 440663; 41
1670090032.014669; 440688; 41
1670090032.039676; 440713; 41
1670090032.064684; 440738; 41
1670090032.089677; 440763; 41
1670090032.114676; 440788; 41
1670090032.139670; 440813; 41
1670090032.164674; 440838; 41
1670090032.189671; 440863; 41
1670090032.214669; 440888; 41
1670090032.239670; 440913; 41
1670090032.264674; 440938; 42
1670090032.289671; 440963; 42
1670090032.314670; 440988; 42
1670090032.339675; 441013; 42
1670090032.364673; 441038; 42
1670090032.389672; 441063; 43
1670090032.414675; 441088; 43
1670090032.439675; 441113; 43
1670090032.464675; 441138; 43
1670090032.489678; 441163; 42
1670090032.514671; 441188; 42
1670090032.539669; 441213; 42
1670090032.564669; 441238; 42
1670090032.589679; 441263; 42
1670090032.614676; 441288; 42
1670090032.639675; 441313; 42
1670090032.664675; 441338; 42
1670090032.689680; 441363; 43
1670090032.714676; 441388; 43
1670090032.739669; 441413; 43
1670090032.764669; 441438; 43
1670090032.789674; 441463; 42
1670090032.814671; 441488; 42
1670090032.839678; 441513; 42
1670090032.864670; 441538; 42
1670090032.889683; 441563; 40
1670090032.914676; 441588; 40
1670090032.939691; 441613; 40
1670090032.964670; 441638; 40
1670090032.989674; 441663; 41
1670090033.014671; 441688; 41
1670090033.039676; 441713; 41
1670090033.064676; 441738; 41
1670090033.089681; 441763; 43
1670090033.114677; 441788; 43
1670090033.139669; 441813; 43
1670090033.164675; 441838; 43
1670090033.189673; 441863; 41
1670090033.214672; 441888; 41
1670090033.239675; 441913; 41
1670090033.264675; 441938; 41
1670090033.289675; 441963; 42
1670090033.314678; 441988; 42
1670090033.339671; 442013; 42
1670090033.364675; 442038; 42
1670090033.389675; 442063; 42
1670090033.414680; 442088; 42
1670090033.439676; 442113; 42
1670090033.464675; 442138; 42
1670090033.489675; 442163; 42
1670090033.514679; 442188; 43
1670090033.539676; 442213; 43
1670090033.564675; 442238; 43
1670090033.589675; 442263; 43
1670090033.614679; 442288; 43
1670090033.639676; 442313; 43
1670090033.664675; 442338; 43
1670090033.689675; 442363; 43
1670090033.714683; 442388; 45
1670090033.739676; 442413; 45
1670090033.764691; 442438; 45
1670090033.789669; 442463; 45
1670090033.814674; 442488; 45
1670090033.839671; 442513; 45
1670090033.864669; 442538; 45
1670090033.889675; 442563; 45
1670090033.914680; 442588; 43
1670090033.939676; 442613; 43
1670090033.964677; 442638; 43
1670090033.989669; 442663; 43
1670090034.014670; 442688; 43
1670090034.039680; 442713; 43
1670090034.064672; 442738; 43
1670090034.089671; 442763; 43
1670090034.114676; 442788; 45
1670090034.139678; 442813; 45
1670090034.164671; 442838; 45
1670090034.189675; 442863; 45
1670090034.214675; 442888; 44
1670090034.239674; 442913; 44
1670090034.264671; 442938; 44
1670090034.289669; 442963; 44
1670090034.314670; 442988; 44
1670090034.339674; 443013; 44
1670090034.364671; 443038; 44
1670090034.389669; 443063; 44
1670090034.414669; 443088; 44
1670090034.439674; 443113; 44
1670090034.464671; 443138; 44
1670090034.489675; 443163; 44
1670090034.514675; 443188; 45
1670090034.539683; 443213; 45
1670090034.564676; 443238; 45
1670090034.589669; 443263; 45
1670090034.614669; 443288; 46
1670090034.639674; 443313; 46
1670090034.664671; 443338; 46
1670090034.689670; 443363; 46
1670090034.714669; 443388; 46
1670090034.739674; 443413; 46
1670090034.764671; 443438; 46
1670090034.789678; 443463; 46
1670090034.814669; 443488; 46
1670090034.839669; 443513; 46
1670090034.864674; 443538; 46
1670090034.889676; 443563; 46
1670090034.914675; 443588; 46
1670090034.939675; 443613; 48
1670090034.964683; 443638; 48
1670090034.989677; 443663; 48
1670090035.014669; 443688; 48
1670090035.039676; 443713; 50
1670090035.064675; 443738; 50
1670090035.089672; 443763; 50
1670090035.114671; 443788; 50
1670090035.139670; 443813; 50
1670090035.164674; 443838; 50
1670090035.189671; 443863; 50
1670090035.214675; 443888; 50
1670090035.239675; 443913; 50
1670090035.264680; 443938; 50
1670090035.289676; 443963; 50
1670090035.314675; 443988; 50
1670090035.339675; 444013; 48
1670090035.364683; 444038; 48
1670090035.389671; 444063; 48
1670090035.414669; 444088; 48
1670090035.439670; 444113; 48
1670090035.464674; 444138; 48
1670090035.489671; 444163; 48
1670090035.514675; 444188; 48
1670090035.539675; 444213; 46
1670090035.564673; 444238; 46
1670090035.589677; 444263; 46
1670090035.614675; 444288; 46
1670090035.639675; 444313; 43
1670090035.664675; 444338; 43
1670090035.689674; 444363; 43
1670090035.714676; 444388; 43
1670090035.739675; 444413; 40
1670090035.764669; 444438; 40
1670090035.789683; 444463; 40
1670090035.814671; 444488; 40
1670090035.839675; 444513; 40
1670090035.864675; 444538; 42
1670090035.889674; 444563; 42
1670090035.914671; 444588; 42
1670090035.939669; 444613; 42
1670090035.964669; 444638; 43
1670090035.989674; 444663; 43
1670090036.014671; 444688; 43
1670090036.039676; 444713; 43
1670090036.064675; 444738; 42
1670090036.089681; 444763; 42
1670090036.114672; 444788; 42
1670090036.139675; 444813; 42
1670090036.164675; 444838; 44
1670090036.189683; 444863; 44
1670090036.214676; 444888; 44
1670090036.239670; 444913; 44
1670090036.264670; 444938; 45
1670090036.289674; 444963; 45
1670090036.314671; 444988; 45
1670090036.339669; 445013; 45
1670090036.364669; 445038; 45
1670090036.389678; 445063; 45
1670090036.414677; 445088; 45
1670090036.439669; 445113; 45
1670090036.464670; 445138; 43
1670090036.489669; 445163; 43
1670090036.514674; 445188; 43
1670090036.539671; 445213; 43
1670090036.564669; 445238; 46
1670090036.589670; 445263; 46
1670090036.614683; 445288; 46
1670090036.639671; 445313; 46
1670090036.664670; 445338; 44
1670090036.689669; 445363; 44
1670090036.714674; 445388; 44
1670090036.739671; 445413; 44
1670090036.764670; 445438; 42
1670090036.789670; 445463; 42
1670090036.814674; 445488; 42
1670090036.839671; 445513; 42
1670090036.864670; 445538; 36
1670090036.889669; 445563; 36
1670090036.914674; 445588; 36
1670090036.939671; 445613; 36
1670090036.964670; 445638; 38
1670090036.989670; 445663; 38
1670090037.014678; 445688; 38
1670090037.039677; 445713; 38
1670090037.064676; 445738; 38
1670090037.089676; 445763; 40
1670090037.114675; 445788; 40
1670090037.139676; 445813; 40
1670090037.164675; 445838; 40
1670090037.189675; 445863; 42
1670090037.214675; 445888; 42
1670090037.239679; 445913; 42
1670090037.264676; 445938; 42
1670090037.289675; 445963; 41
1670090037.314675; 445988; 41
1670090037.339680; 446013; 41
1670090037.364676; 446038; 41
1670090037.389675; 446063; 38
1670090037.414675; 446088; 38
1670090037.439678; 446113; 38
1670090037.464676; 446138; 38
1670090037.489675; 446163; 35
1670090037.514675; 446188; 35
1670090037.539679; 446213; 35
1670090037.564676; 446238; 35
1670090037.589675; 446263; 35
1670090037.614669; 446288; 35
1670090037.639674; 446313; 35
1670090037.664676; 446338; 35
1670090037.689675; 446363; 34
1670090037.714675; 446388; 34
1670090037.739680; 446413; 34
1670090037.764676; 446438; 34
1670090037.789675; 446463; 34
1670090037.814675; 446488; 34
1670090037.839683; 446513; 34
1670090037.864671; 446538; 34
1670090037.889669; 446563; 34
1670090037.914669; 446588; 34
1670090037.939674; 446613; 34
1670090037.964671; 446638; 34
1670090037.989669; 446663; 34
1670090038.014669; 446688; 34
1670090038.039676; 446713; 34
1670090038.064681; 446738; 34
1670090038.089672; 446763; 33
1670090038.114671; 446788; 33
1670090038.139675; 446813; 33
1670090038.164680; 446838; 33
1670090038.189676; 446863; 33
1670090038.214675; 446888; 33
1670090038.239675; 446913; 33
1670090038.264686; 446938; 33
1670090038.289671; 446963; 33
1670090038.314669; 446988; 33
1670090038.339670; 447013; 33
1670090038.364674; 447038; 33
1670090038.389676; 447063; 33
1670090038.414675; 447088; 33
1670090038.439675; 447113; 33
1670090038.464680; 447138; 33
1670090038.489676; 447163; 33
1670090038.514675; 447188; 33
1670090038.539675; 447213; 33
1670090038.564680; 447238; 33
1670090038.589676; 447263; 33
1670090038.614675; 447288; 33
1670090038.639675; 447313; 33
1670090038.664683; 447338; 33
1670090038.689676; 447363; 33
1670090038.714675; 447388; 33
1670090038.739675; 447413; 33
1670090038.764673; 447438; 33
1670090038.789672; 447463; 33
1670090038.814675; 447488; 38
1670090038.839669; 447513; 38
1670090038.864670; 447538; 38
1670090038.889674; 447563; 38
1670090038.914671; 447588; 37
1670090038.939670; 447613; 37
1670090038.964670; 447638; 37
1670090038.989681; 447663; 37
1670090039.014671; 447688; 33
1670090039.039676; 447713; 33
1670090039.064676; 447738; 33
1670090039.089679; 447763; 33
1670090039.114672; 447788; 32
1670090039.139669; 447813; 32
1670090039.164670; 447838; 32
1670090039.189674; 447863; 32
1670090039.214687; 447888; 31
1670090039.239669; 447913; 31
1670090039.264675; 447938; 31
1670090039.289686; 447963; 31
1670090039.314671; 447988; 31
1670090039.339670; 448013; 31
1670090039.364675; 448038; 31
1670090039.389674; 448063; 31
1670090039.414676; 448088; 31
1670090039.439675; 448113; 33
1670090039.464675; 448138; 33
1670090039.489683; 448163; 33
1670090039.514676; 448188; 33
1670090039.539675; 448213; 32
1670090039.564675; 448238; 32
1670090039.589673; 448263; 32
1670090039.614672; 448288; 32
1670090039.639675; 448313; 31
1670090039.664669; 448338; 31
1670090039.689669; 448363; 31
1670090039.714680; 448388; 31
1670090039.739676; 448413; 24
1670090039.764675; 448438; 24
1670090039.789675; 448463; 24
1670090039.814680; 448488; 24
1670090039.839676; 448513; 22
1670090039.864675; 448538; 22
1670090039.889669; 448563; 22
1670090039.914678; 448588; 22
1670090039.939671; 448613; 18
1670090039.964669; 448638; 18
1670090039.989669; 448663; 18
1670090040.014674; 448688; 18
1670090040.039677; 448713; 19
1670090040.064676; 448738; 19
1670090040.089676; 448763; 19
1670090040.114675; 448788; 19
1670090040.139676; 448813; 18
1670090040.164675; 448838; 18
1670090040.189675; 448863; 18
1670090040.214680; 448888; 18
1670090040.239676; 448913; 17
1670090040.264675; 448938; 17
1670090040.289675; 448963; 17
1670090040.314683; 448988; 17
1670090040.339676; 449013; 18
1670090040.364675; 449038; 18
1670090040.389675; 449063; 18
1670090040.414675; 449088; 18
1670090040.439679; 449113; 22
1670090040.464676; 449138; 22
1670090040.489675; 449163; 22
1670090040.514675; 449188; 22
1670090040.539680; 449213; 22
1670090040.564676; 449238; 23
1670090040.589675; 449263; 23
1670090040.614675; 449288; 23
1670090040.639680; 449313; 23
1670090040.664676; 449338; 23
1670090040.689675; 449363; 23
1670090040.714675; 449388; 23
1670090040.739678; 449413; 23
1670090040.764671; 449438; 23
1670090040.789669; 449463; 23
1670090040.814669; 449488; 23
1670090040.839674; 449513; 23
1670090040.864671; 449538; 25
1670090040.889669; 449563; 25
1670090040.914669; 449588; 25
1670090040.939679; 449613; 25
1670090040.964676; 449638; 28
1670090040.989675; 449663; 28
1670090041.014675; 449688; 28
1670090041.039675; 449713; 28
1670090041.064672; 449738; 28
1670090041.089671; 449763; 28
1670090041.114676; 449788; 28
1670090041.139683; 449813; 28
1670090041.164676; 449838; 29
1670090041.189675; 449863; 29
1670090041.214675; 449888; 29
1670090041.239675; 449913; 29
1670090041.264680; 449938; 29
1670090041.289676; 449963; 29
1670090041.314675; 449988; 29
1670090041.339675; 450013; 29
1670090041.364680; 450038; 30
1670090041.389671; 450063; 30
1670090041.414669; 450088; 30
1670090041.439669; 450113; 30
1670090041.464674; 450138; 30
1670090041.489671; 450163; 30
1670090041.514669; 450188; 30
1670090041.539669; 450213; 30
1670090041.564683; 450238; 29
1670090041.589676; 450263; 29
1670090041.614669; 450288; 29
1670090041.639669; 450313; 29
1670090041.664674; 450338; 29
1670090041.689671; 450363; 30
1670090041.714669; 450388; 30
1670090041.739669; 450413; 30
1670090041.764674; 450438; 30
1670090041.789671; 450463; 30
1670090041.814670; 450488; 30
1670090041.839669; 450513; 30
1670090041.864674; 450538; 30
1670090041.889676; 450563; 31
1670090041.914675; 450588; 31
1670090041.939675; 450613; 31
1670090041.964682; 450638; 31
1670090041.989672; 450663; 32
1670090042.014675; 450688; 32
1670090042.039671; 450713; 32
1670090042.064676; 450738; 32
1670090042.089681; 450763; 32
1670090042.114672; 450788; 32
1670090042.139675; 450813; 32
1670090042.164675; 450838; 32
1670090042.189680; 450863; 33
1670090042.214671; 450888; 33
1670090042.239670; 450913; 33
1670090042.264669; 450938; 33
1670090042.289674; 450963; 32
1670090042.314671; 450988; 32
1670090042.339670; 451013; 32
1670090042.364675; 451038; 32
1670090042.389678; 451063; 32
1670090042.414671; 451088; 32
1670090042.439669; 451113; 32
1670090042.464670; 451138; 32
1670090042.489674; 451163; 31
1670090042.514671; 451188; 31
1670090042.539670; 451213; 31
1670090042.564669; 451238; 31
1670090042.589674; 451263; 32
1670090042.614671; 451288; 32
1670090042.639670; 451313; 32
1670090042.664669; 451338; 32
1670090042.689674; 451363; 32
1670090042.714671; 451388; 32
1670090042.739675; 451413; 32
1670090042.764675; 451438; 32
1670090042.789677; 451463; 33
1670090042.814672; 451488; 33
1670090042.839675; 451513; 33
1670090042.864675; 451538; 33
1670090042.889669; 451563; 33
1670090042.914674; 451588; 34
1670090042.939671; 451613; 34
1670090042.964669; 451638; 34
1670090042.989669; 451663; 34
1670090043.014674; 451688; 32
1670090043.039677; 451713; 32
1670090043.064676; 451738; 32
1670090043.089676; 451763; 32
1670090043.114681; 451788; 32
1670090043.139671; 451813; 32
1670090043.164670; 451838; 32
1670090043.189670; 451863; 32
1670090043.214683; 451888; 32
1670090043.239671; 451913; 32
1670090043.264670; 451938; 32
1670090043.289669; 451963; 32
1670090043.314674; 451988; 32
1670090043.339671; 452013; 32
1670090043.364670; 452038; 32
1670090043.389675; 452063; 32
1670090043.414679; 452088; 31
1670090043.439676; 452113; 31
1670090043.464675; 452138; 31
1670090043.489675; 452163; 31
1670090043.514680; 452188; 29
1670090043.539676; 452213; 29
1670090043.564675; 452238; 29
1670090043.589701; 452263; 29
1670090043.614675; 452288; 30
1670090043.639683; 452313; 30
1670090043.664676; 452338; 30
1670090043.689675; 452363; 30
1670090043.714675; 452388; 31
1670090043.739680; 452413; 31
1670090043.764676; 452438; 31
1670090043.789675; 452463; 31
1670090043.814669; 452488; 31
1670090043.839674; 452513; 31
1670090043.864671; 452538; 31
1670090043.889669; 452563; 31
1670090043.914675; 452588; 27
1670090043.939680; 452613; 27
1670090043.964676; 452638; 27
1670090043.989675; 452663; 27
1670090044.014675; 452688; 27
1670090044.039679; 452713; 27
1670090044.064672; 452738; 27
1670090044.089671; 452763; 27
1670090044.114676; 452788; 27
1670090044.139679; 452813; 27
1670090044.164676; 452838; 27
1670090044.189675; 452863; 27
1670090044.214670; 452888; 27
1670090044.239674; 452913; 26
1670090044.264671; 452938; 26
1670090044.289669; 452963; 26
1670090044.314669; 452988; 26
1670090044.339674; 453013; 24
1670090044.364671; 453038; 24
1670090044.389670; 453063; 24
1670090044.414693; 453088; 24
1670090044.439675; 453113; 23
1670090044.464678; 453138; 23
1670090044.489671; 453163; 23
1670090044.514669; 453188; 23
1670090044.539669; 453213; 23
1670090044.564674; 453238; 23
1670090044.589671; 453263; 23
1670090044.614686; 453288; 23
1670090044.639669; 453313; 21
1670090044.664674; 453338; 21
1670090044.689676; 453363; 21
1670090044.714675; 453388; 21
1670090044.739675; 453413; 18
1670090044.764680; 453438; 18
1670090044.789676; 453463; 18
1670090044.814675; 453488; 18
1670090044.839675; 453513; 17
1670090044.864678; 453538; 17
1670090044.889671; 453563; 17
1670090044.914670; 453588; 17
1670090044.939669; 453613; 17
1670090044.964674; 453638; 17
1670090044.989671; 453663; 17
1670090045.014670; 453688; 17
1670090045.039671; 453713; 17
1670090045.064675; 453738; 17
1670090045.089677; 453763; 17
1670090045.114676; 453788; 17
1670090045.139670; 453813; 17
1670090045.164673; 453838; 17
1670090045.189672; 453863; 17
1670090045.214675; 453888; 17
1670090045.239669; 453913; 17
1670090045.264670; 453938; 17
1670090045.289683; 453963; 17
1670090045.314676; 453988; 17
1670090045.339675; 454013; 17
1670090045.364675; 454038; 16
1670090045.389674; 454063; 16
1670090045.414671; 454088; 16
1670090045.439669; 454113; 16
1670090045.464669; 454138; 17
1670090045.489679; 454163; 17
1670090045.514676; 454188; 17
1670090045.539675; 454213; 17
1670090045.564675; 454238; 17
1670090045.589680; 454263; 17
1670090045.614676; 454288; 17
1670090045.639670; 454313; 17
1670090045.664675; 454338; 16
1670090045.689678; 454363; 16
1670090045.714671; 454388; 16
1670090045.739670; 454413; 16
1670090045.764669; 454438; 16
1670090045.789674; 454463; 16
1670090045.814671; 454488; 16
1670090045.839670; 454513; 16
1670090045.864675; 454538; 16
1670090045.889674; 454563; 16
1670090045.914671; 454588; 16
1670090045.939669; 454613; 16
1670090045.964669; 454638; 17
1670090045.989673; 454663; 17
1670090046.014672; 454688; 17
1670090046.039671; 454713; 17
1670090046.064671; 454738; 17
1670090046.089671; 454763; 17
1670090046.114679; 454788; 17
1670090046.139676; 454813; 17
1670090046.164675; 454838; 16
1670090046.189675; 454863; 16
1670090046.214679; 454888; 16
1670090046.239676; 454913; 16
1670090046.264669; 454938; 16
1670090046.289670; 454963; 16
1670090046.314674; 454988; 16
1670090046.339671; 455013; 16
1670090046.364670; 455038; 16
1670090046.389669; 455063; 17
1670090046.414679; 455088; 17
1670090046.439676; 455113; 17
1670090046.464675; 455138; 17
1670090046.489669; 455163; 17
1670090046.514683; 455188; 17
1670090046.539676; 455213; 17
1670090046.564675; 455238; 17
1670090046.589675; 455263; 16
1670090046.614680; 455288; 16
1670090046.639676; 455313; 16
1670090046.664670; 455338; 16
1670090046.689670; 455363; 16
1670090046.714674; 455388; 16
1670090046.739671; 455413; 16
1670090046.764669; 455438; 16
1670090046.789670; 455463; 16
1670090046.814669; 455488; 16
1670090046.839674; 455513; 16
1670090046.864671; 455538; 16
1670090046.889675; 455563; 17
1670090046.914675; 455588; 17
1670090046.939683; 455613; 17
1670090046.964671; 455638; 17
1670090046.989670; 455663; 17
1670090047.014669; 455688; 17
1670090047.039681; 455713; 17
1670090047.064677; 455738; 17
1670090047.089676; 455763; 16
1670090047.114676; 455788; 16
1670090047.139674; 455813; 16
1670090047.164671; 455838; 16
1670090047.189670; 455863; 16
1670090047.214670; 455888; 16
1670090047.239674; 455913; 16
1670090047.264671; 455938; 16
1670090047.289675; 455963; 17
1670090047.314675; 455988; 17
1670090047.339685; 456013; 17
1670090047.364674; 456038; 17
1670090047.389675; 456063; 17
1670090047.414675; 456088; 17
1670090047.439674; 456113; 17
1670090047.464671; 456138; 17
1670090047.489669; 456163; 17
1670090047.514669; 456188; 16
1670090047.539674; 456213; 16
1670090047.564671; 456238; 16
1670090047.589669; 456263; 16
1670090047.614669; 456288; 16
1670090047.639670; 456313; 16
1670090047.664674; 456338; 16
1670090047.689671; 456363; 16
1670090047.714669; 456388; 16
1670090047.739670; 456413; 16
1670090047.764678; 456438; 16
1670090047.789671; 456463; 16
1670090047.814669; 456488; 17
1670090047.839670; 456513; 17
1670090047.864674; 456538; 17
1670090047.889676; 456563; 17
1670090047.914669; 456588; 16
1670090047.939670; 456613; 16
1670090047.964674; 456638; 16
1670090047.989671; 456663; 16
1670090048.014675; 456688; 16
1670090048.039671; 456713; 16
1670090048.064675; 456738; 16
1670090048.089672; 456763; 16
1670090048.114676; 456788; 16
1670090048.139670; 456813; 16
1670090048.164683; 456838; 16
1670090048.189676; 456863; 16
1670090048.214675; 456888; 17
1670090048.239675; 456913; 17
1670090048.264674; 456938; 17
1670090048.289671; 456963; 17
1670090048.314675; 456988; 17
1670090048.339675; 457013; 17
1670090048.364673; 457038; 17
1670090048.389677; 457063; 17
1670090048.414669; 457088; 16
1670090048.439669; 457113; 16
1670090048.464670; 457138; 16
1670090048.489674; 457163; 16
1670090048.514676; 457188; 16
1670090048.539675; 457213; 16
1670090048.564675; 457238; 16
1670090048.589683; 457263; 16
1670090048.614676; 457288; 16
1670090048.639675; 457313; 16
1670090048.664675; 457338; 16
1670090048.689680; 457363; 16
1670090048.714676; 457388; 16
1670090048.739675; 457413; 17
1670090048.764675; 457438; 17
1670090048.789680; 457463; 17
1670090048.814676; 457488; 17
1670090048.839675; 457513; 16
1670090048.864675; 457538; 16
1670090048.889674; 457563; 16
1670090048.914671; 457588; 16
1670090048.939670; 457613; 16
1670090048.964670; 457638; 16
1670090048.989683; 457663; 16
1670090049.014676; 457688; 16
1670090049.039671; 457713; 16
1670090049.064676; 457738; 16
1670090049.089675; 457763; 16
1670090049.114672; 457788; 16
1670090049.139675; 457813; 17
1670090049.164675; 457838; 17
1670090049.189673; 457863; 17
1670090049.214672; 457888; 17
1670090049.239675; 457913; 17
1670090049.264675; 457938; 17
1670090049.289675; 457963; 17
1670090049.314674; 457988; 17
1670090049.339671; 458013; 16
1670090049.364670; 458038; 16
1670090049.389675; 458063; 16
1670090049.414683; 458088; 16
1670090049.439676; 458113; 16
1670090049.464675; 458138; 16
1670090049.489675; 458163; 16
1670090049.514680; 458188; 16
1670090049.539676; 458213; 16
1670090049.564675; 458238; 16
1670090049.589675; 458263; 16
1670090049.614674; 458288; 16
1670090049.639671; 458313; 17
1670090049.664669; 458338; 17
1670090049.689670; 458363; 17
1670090049.714674; 458388; 17
1670090049.739671; 458413; 16
1670090049.764670; 458438; 16
1670090049.789670; 458463; 16
1670090049.814683; 458488; 16
1670090049.839676; 458513; 16
1670090049.864675; 458538; 16
1670090049.889670; 458563; 16
1670090049.914674; 458588; 16
1670090049.939671; 458613; 16
1670090049.964670; 458638; 16
1670090049.989670; 458663; 16
1670090050.014669; 458688; 16
1670090050.039681; 458713; 16
1670090050.064677; 458738; 17
1670090050.089676; 458763; 17
1670090050.114675; 458788; 17
1670090050.139675; 458813; 17
1670090050.164675; 458838; 17
1670090050.189674; 458863; 17
1670090050.214674; 458888; 17
1670090050.239683; 458913; 17
1670090050.264676; 458938; 16
1670090050.289674; 458963; 16
1670090050.314674; 458988; 16
1670090050.339679; 459013; 16
1670090050.364671; 459038; 16
1670090050.389670; 459063; 16
1670090050.414670; 459088; 16
1670090050.439674; 459113; 16
1670090050.464671; 459138; 16
1670090050.489670; 459163; 16
1670090050.514669; 459188; 16
1670090050.539674; 459213; 16
1670090050.564676; 459238; 17
1670090050.589675; 459263; 17
1670090050.614669; 459288; 17
1670090050.639678; 459313; 17
1670090050.664671; 459338; 16
1670090050.689670; 459363; 16
1670090050.714670; 459388; 16
1670090050.739674; 459413; 16
1670090050.764676; 459438; 16
1670090050.789675; 459463; 16
1670090050.814675; 459488; 16
1670090050.839675; 459513; 16
1670090050.864680; 459538; 16
1670090050.889671; 459563; 16
1670090050.914669; 459588; 16
1670090050.939670; 459613; 16
1670090050.964679; 459638; 17
1670090050.989676; 459663; 17
1670090051.014675; 459688; 17
1670090051.039671; 459713; 17
1670090051.064684; 459738; 17
1670090051.089677; 459763; 17
1670090051.114676; 459788; 17
1670090051.139669; 459813; 17
1670090051.164674; 459838; 17
1670090051.189671; 459863; 16
1670090051.214670; 459888; 16
1670090051.239669; 459913; 16
1670090051.264674; 459938; 16
1670090051.289671; 459963; 16
1670090051.314670; 459988; 16
1670090051.339669; 460013; 16
1670090051.364674; 460038; 16
1670090051.389676; 460063; 16
1670090051.414675; 460088; 16
1670090051.439669; 460113; 16
1670090051.464683; 460138; 16
1670090051.489676; 460163; 17
1670090051.514675; 460188; 17
1670090051.539675; 460213; 17
1670090051.564673; 460238; 17
1670090051.589677; 460263; 16
1670090051.614669; 460288; 16
1670090051.639669; 460313; 16
1670090051.664670; 460338; 16
1670090051.689674; 460363; 16
1670090051.714671; 460388; 16
1670090051.739669; 460413; 16
1670090051.764670; 460438; 16
1670090051.789680; 460463; 16
1670090051.814676; 460488; 16
1670090051.839675; 460513; 16
1670090051.864675; 460538; 16
1670090051.889683; 460563; 17
1670090051.914676; 460588; 17
1670090051.939675; 460613; 17
1670090051.964675; 460638; 17
1670090051.989680; 460663; 17
1670090052.014676; 460688; 17
1670090052.039671; 460713; 17
1670090052.064676; 460738; 17
1670090052.089681; 460763; 16
1670090052.114672; 460788; 16
1670090052.139675; 460813; 16
1670090052.164675; 460838; 16
1670090052.189680; 460863; 16
1670090052.214671; 460888; 16
1670090052.239670; 460913; 16
1670090052.264670; 460938; 16
1670090052.289678; 460963; 16
1670090052.314671; 460988; 16
1670090052.339670; 461013; 16
1670090052.364669; 461038; 16
1670090052.389678; 461063; 16
1670090052.414672; 461088; 17
1670090052.439675; 461113; 17
1670090052.464675; 461138; 17
1670090052.489675; 461163; 17
1670090052.514674; 461188; 16
1670090052.539671; 461213; 16
1670090052.564670; 461238; 16
1670090052.589670; 461263; 16
1670090052.614680; 461288; 16
1670090052.639676; 461313; 16
1670090052.664675; 461338; 16
1670090052.689675; 461363; 16
1670090052.714678; 461388; 16
1670090052.739671; 461413; 16
1670090052.764670; 461438; 16
1670090052.789670; 461463; 16
1670090052.814674; 461488; 17
1670090052.839671; 461513; 17
1670090052.864670; 461538; 17
1670090052.889675; 461563; 17
1670090052.914680; 461588; 17
1670090052.939676; 461613; 17
1670090052.964669; 461638; 17
1670090052.989669; 461663; 17
1670090053.014680; 461688; 16
1670090053.039672; 461713; 16
1670090053.064671; 461738; 16
1670090053.089671; 461763; 16
1670090053.114679; 461788; 16
1670090053.139676; 461813; 16
1670090053.164675; 461838; 16
1670090053.189675; 461863; 16
1670090053.214675; 461888; 16
1670090053.239680; 461913; 16
1670090053.264676; 461938; 16
1670090053.289675; 461963; 16
1670090053.314675; 461988; 17
1670090053.339680; 462013; 17
1670090053.364676; 462038; 17
1670090053.389669; 462063; 17
1670090053.414670; 462088; 17
1670090053.439674; 462113; 16
1670090053.464671; 462138; 16
1670090053.489669; 462163; 16
1670090053.514670; 462188; 16
1670090053.539678; 462213; 16
1670090053.564671; 462238; 16
1670090053.589670; 462263; 16
1670090053.614670; 462288; 16
1670090053.639674; 462313; 16
1670090053.664671; 462338; 16
1670090053.689670; 462363; 16
1670090053.714670; 462388; 16
1670090053.739680; 462413; 17
1670090053.764676; 462438; 17
1670090053.789675; 462463; 17
1670090053.814675; 462488; 17
1670090053.839680; 462513; 17
1670090053.864676; 462538; 17
1670090053.889675; 462563; 17
1670090053.914675; 462588; 17
1670090053.939683; 462613; 16
1670090053.964676; 462638; 16
1670090053.989675; 462663; 16
1670090054.014675; 462688; 16
1670090054.039671; 462713; 16
1670090054.064681; 462738; 16
1670090054.089672; 462763; 16
1670090054.114671; 462788; 16
1670090054.139670; 462813; 16
1670090054.164674; 462838; 16
1670090054.189671; 462863; 16
1670090054.214669; 462888; 16
1670090054.239670; 462913; 17
1670090054.264674; 462938; 17
1670090054.289671; 462963; 17
1670090054.314670; 462988; 17
1670090054.339670; 463013; 16
1670090054.364683; 463038; 16
1670090054.389671; 463063; 16
1670090054.414670; 463088; 16
1670090054.439670; 463113; 16
1670090054.464674; 463138; 16
1670090054.489676; 463163; 16
1670090054.514669; 463188; 16
1670090054.539670; 463213; 16
1670090054.564674; 463238; 16
1670090054.589671; 463263; 16
1670090054.614670; 463288; 16
1670090054.639670; 463313; 16
1670090054.664680; 463338; 17
1670090054.689676; 463363; 17
1670090054.714675; 463388; 17
1670090054.739675; 463413; 17
1670090054.764677; 463438; 16
1670090054.789672; 463463; 16
1670090054.814675; 463488; 16
1670090054.839675; 463513; 16
1670090054.864675; 463538; 16
1670090054.889674; 463563; 16
1670090054.914671; 463588; 16
1670090054.939670; 463613; 16
1670090054.964669; 463638; 16
1670090054.989674; 463663; 16
1670090055.014671; 463688; 16
1670090055.039676; 463713; 16
1670090055.064676; 463738; 16
1670090055.089681; 463763; 16
1670090055.114672; 463788; 16
1670090055.139675; 463813; 16
1670090055.164675; 463838; 16
1670090055.189683; 463863; 16
1670090055.214676; 463888; 16
1670090055.239675; 463913; 16
1670090055.264675; 463938; 16
1670090055.289680; 463963; 16
1670090055.314676; 463988; 16
1670090055.339675; 464013; 16
1670090055.364675; 464038; 16
1670090055.389674; 464063; 16
1670090055.414671; 464088; 16
1670090055.439670; 464113; 16
1670090055.464670; 464138; 16
1670090055.489680; 464163; 16
1670090055.514676; 464188; 16
1670090055.539675; 464213; 16
1670090055.564675; 464238; 16
1670090055.589677; 464263; 16
1670090055.614672; 464288; 16
1670090055.639675; 464313; 16
1670090055.664675; 464338; 16
1670090055.689670; 464363; 16
1670090055.714674; 464388; 16
1670090055.739671; 464413; 16
1670090055.764670; 464438; 16
1670090055.789669; 464463; 16
1670090055.814674; 464488; 16
1670090055.839671; 464513; 16
1670090055.864670; 464538; 16
1670090055.889675; 464563; 16
1670090055.914680; 464588; 16
1670090055.939676; 464613; 16
1670090055.964675; 464638; 16
1670090055.989675; 464663; 16
1670090056.014678; 464688; 16
1670090056.039677; 464713; 16
1670090056.064676; 464738; 16
1670090056.089676; 464763; 16
1670090056.114675; 464788; 16
1670090056.139676; 464813; 16
1670090056.164675; 464838; 16
1670090056.189675; 464863; 16
1670090056.214680; 464888; 16
1670090056.239676; 464913; 16
1670090056.264675; 464938; 16
1670090056.289675; 464963; 16
1670090056.314680; 464988; 16
1670090056.339676; 465013; 16
1670090056.364675; 465038; 16
1670090056.389669; 465063; 16
1670090056.414669; 465088; 16
1670090056.439683; 465113; 16
1670090056.464676; 465138; 16
1670090056.489675; 465163; 16
1670090056.514669; 465188; 16
1670090056.539674; 465213; 16
1670090056.564671; 465238; 16
1670090056.589670; 465263; 16
1670090056.614669; 465288; 16
1670090056.639674; 465313; 16
1670090056.664671; 465338; 16
1670090056.689670; 465363; 16
1670090056.714675; 465388; 16
1670090056.739680; 465413; 16
1670090056.764676; 465438; 16
1670090056.789675; 465463; 16
1670090056.814675; 465488; 16
1670090056.839683; 465513; 16
1670090056.864676; 465538; 16
1670090056.889670; 465563; 16
1670090056.914675; 465588; 16
1670090056.939680; 465613; 16
1670090056.964676; 465638; 16
1670090056.989675; 465663; 16
1670090057.014675; 465688; 17
1670090057.039675; 465713; 17
1670090057.064672; 465738; 17
1670090057.089671; 465763; 17
1670090057.114671; 465788; 16
1670090057.139680; 465813; 16
1670090057.164676; 465838; 16
1670090057.189675; 465863; 16
1670090057.214675; 465888; 16
1670090057.239675; 465913; 16
1670090057.264678; 465938; 16
1670090057.289671; 465963; 16
1670090057.314675; 465988; 16
1670090057.339675; 466013; 16
1670090057.364680; 466038; 16
1670090057.389676; 466063; 16
1670090057.414695; 466088; 16
1670090057.439675; 466113; 16
1670090057.464680; 466138; 16
1670090057.489676; 466163; 16
1670090057.514675; 466188; 16
1670090057.539675; 466213; 16
1670090057.564680; 466238; 16
1670090057.589676; 466263; 16
1670090057.614675; 466288; 16
1670090057.639675; 466313; 16
1670090057.664678; 466338; 16
1670090057.689671; 466363; 16
1670090057.714670; 466388; 16
1670090057.739669; 466413; 16
1670090057.764674; 466438; 16
1670090057.789671; 466463; 16
1670090057.814669; 466488; 16
1670090057.839669; 466513; 16
1670090057.864674; 466538; 16
1670090057.889671; 466563; 16
1670090057.914669; 466588; 17
1670090057.939675; 466613; 17
1670090057.964678; 466638; 17
1670090057.989677; 466663; 17
1670090058.014669; 466688; 17
1670090058.039676; 466713; 16
1670090058.064676; 466738; 16
1670090058.089684; 466763; 16
1670090058.114677; 466788; 16
1670090058.139672; 466813; 16
1670090058.164675; 466838; 16
1670090058.189688; 466863; 16
1670090058.214716; 466888; 16
1670090058.239676; 466913; 16
1670090058.264675; 466938; 16
1670090058.289674; 466963; 16
1670090058.314671; 466988; 16
1670090058.339675; 467013; 17
1670090058.364675; 467038; 17
1670090058.389674; 467063; 17
1670090058.414671; 467088; 17
1670090058.439670; 467113; 17
1670090058.464669; 467138; 17
1670090058.489683; 467163; 17
1670090058.514676; 467188; 17
1670090058.539675; 467213; 16
1670090058.564675; 467238; 16
1670090058.589680; 467263; 16
1670090058.614676; 467288; 16
1670090058.639675; 467313; 16
1670090058.664675; 467338; 16
1670090058.689680; 467363; 16
1670090058.714676; 467388; 16
1670090058.739675; 467413; 17
1670090058.764669; 467438; 17
1670090058.789673; 467463; 17
1670090058.814672; 467488; 17
1670090058.839675; 467513; 17
1670090058.864675; 467538; 17
1670090058.889675; 467563; 17
1670090058.914683; 467588; 17
1670090058.939676; 467613; 16
1670090058.964670; 467638; 16
1670090058.989669; 467663; 16
1670090059.014674; 467688; 16
1670090059.039672; 467713; 16
1670090059.064671; 467738; 16
1670090059.089671; 467763; 16
1670090059.114675; 467788; 16
1670090059.139676; 467813; 16
1670090059.164675; 467838; 16
1670090059.189675; 467863; 16
1670090059.214680; 467888; 16
1670090059.239676; 467913; 16
1670090059.264675; 467938; 17
1670090059.289675; 467963; 17
1670090059.314678; 467988; 17
1670090059.339671; 468013; 17
1670090059.364675; 468038; 17
1670090059.389670; 468063; 17
1670090059.414674; 468088; 17
1670090059.439671; 468113; 17
1670090059.464672; 468138; 16
1670090059.489675; 468163; 16
1670090059.514680; 468188; 16
1670090059.539676; 468213; 16
1670090059.564675; 468238; 16
1670090059.589675; 468263; 16
1670090059.614675; 468288; 16
1670090059.639680; 468313; 16
1670090059.664676; 468338; 17
1670090059.689675; 468363; 17
1670090059.714675; 468388; 17
1670090059.739678; 468413; 17
1670090059.764671; 468438; 17
1670090059.789670; 468463; 17
1670090059.814670; 468488; 17
1670090059.839674; 468513; 17
1670090059.864671; 468538; 16
1670090059.889669; 468563; 16
1670090059.914670; 468588; 16
1670090059.939674; 468613; 16
1670090059.964671; 468638; 16
1670090059.989670; 468663; 16
1670090060.014670; 468688; 16
1670090060.039681; 468713; 16
1670090060.064672; 468738; 16
1670090060.089671; 468763; 16
1670090060.114676; 468788; 16
1670090060.139678; 468813; 16
1670090060.164671; 468838; 17
1670090060.189669; 468863; 17
1670090060.214675; 468888; 17
1670090060.239680; 468913; 17
1670090060.264671; 468938; 17
1670090060.289669; 468963; 17
1670090060.314669; 468988; 17
1670090060.339674; 469013; 17
1670090060.364671; 469038; 17
1670090060.389689; 469063; 16
1670090060.414670; 469088; 16
1670090060.439670; 469113; 16
1670090060.464674; 469138; 16
1670090060.489676; 469163; 16
1670090060.514675; 469188; 16
1670090060.539675; 469213; 16
1670090060.564678; 469238; 16
1670090060.589674; 469263; 17
1670090060.614675; 469288; 17
1670090060.639675; 469313; 17
1670090060.664680; 469338; 17
1670090060.689676; 469363; 17
1670090060.714675; 469388; 17
1670090060.739675; 469413; 17
1670090060.764680; 469438; 17
1670090060.789676; 469463; 16
1670090060.814675; 469488; 16
1670090060.839675; 469513; 16
1670090060.864680; 469538; 16
1670090060.889671; 469563; 16
1670090060.914670; 469588; 16
1670090060.939670; 469613; 16
1670090060.964678; 469638; 16
1670090060.989671; 469663; 17
1670090061.014669; 469688; 17
1670090061.039676; 469713; 17
1670090061.064675; 469738; 17
1670090061.089672; 469763; 17
1670090061.114676; 469788; 17
1670090061.139669; 469813; 17
1670090061.164673; 469838; 17
1670090061.189672; 469863; 17
1670090061.214675; 469888; 17
1670090061.239675; 469913; 17
1670090061.264675; 469938; 17
1670090061.289674; 469963; 16
1670090061.314671; 469988; 16
1670090061.339669; 470013; 16
1670090061.364670; 470038; 16
1670090061.389683; 470063; 16
1670090061.414676; 470088; 16
1670090061.439675; 470113; 16
1670090061.464675; 470138; 16
1670090061.489680; 470163; 16
1670090061.514676; 470188; 17
1670090061.539675; 470213; 17
1670090061.564675; 470238; 17
1670090061.589680; 470263; 17
1670090061.614671; 470288; 17
1670090061.639675; 470313; 17
1670090061.664675; 470338; 17
1670090061.689679; 470363; 17
1670090061.714676; 470388; 17
1670090061.739675; 470413; 17
1670090061.764675; 470438; 17
1670090061.789683; 470463; 17
1670090061.814676; 470488; 17
1670090061.839675; 470513; 17
1670090061.864675; 470538; 17
1670090061.889674; 470563; 17
1670090061.914671; 470588; 17
1670090061.939670; 470613; 17
1670090061.964670; 470638; 17
1670090061.989673; 470663; 17
1670090062.014672; 470688; 17
1670090062.039671; 470713; 17
1670090062.064676; 470738; 17
1670090062.089676; 470763; 17
1670090062.114681; 470788; 17
1670090062.139671; 470813; 17
1670090062.164670; 470838; 17
1670090062.189670; 470863; 17
1670090062.214678; 470888; 17
1670090062.239671; 470913; 17
1670090062.264669; 470938; 17
1670090062.289669; 470963; 17
1670090062.314674; 470988; 17
1670090062.339671; 471013; 17
1670090062.364669; 471038; 17
1670090062.389669; 471063; 17
1670090062.414674; 471088; 17
1670090062.439676; 471113; 17
1670090062.464675; 471138; 17
1670090062.489675; 471163; 17
1670090062.514680; 471188; 17
1670090062.539676; 471213; 17
1670090062.564675; 471238; 17
1670090062.589675; 471263; 17
1670090062.614678; 471288; 17
1670090062.639676; 471313; 17
1670090062.664675; 471338; 17
1670090062.689675; 471363; 17
1670090062.714680; 471388; 17
1670090062.739676; 471413; 17
1670090062.764675; 471438; 17
1670090062.789675; 471463; 17
1670090062.814675; 471488; 17
1670090062.839680; 471513; 17
1670090062.864676; 471538; 17
1670090062.889669; 471563; 17
1670090062.914670; 471588; 17
1670090062.939674; 471613; 17
1670090062.964671; 471638; 17
1670090062.989669; 471663; 17
1670090063.014669; 471688; 17
1670090063.039679; 471713; 17
1670090063.064672; 471738; 17
1670090063.089671; 471763; 17
1670090063.114671; 471788; 17
1670090063.139674; 471813; 17
1670090063.164671; 471838; 17
1670090063.189669; 471863; 17
1670090063.214670; 471888; 17
1670090063.239674; 471913; 17
1670090063.264671; 471938; 17
1670090063.289669; 471963; 17
1670090063.314670; 471988; 17
1670090063.339674; 472013; 17
1670090063.364671; 472038; 17
1670090063.389670; 472063; 17
1670090063.414675; 472088; 17
1670090063.439683; 472113; 17
1670090063.464676; 472138; 17
1670090063.489675; 472163; 17
1670090063.514675; 472188; 17
1670090063.539680; 472213; 17
1670090063.564676; 472238; 17
1670090063.589675; 472263; 17
1670090063.614675; 472288; 17
1670090063.639675; 472313; 17
1670090063.664680; 472338; 17
1670090063.689676; 472363; 17
1670090063.714675; 472388; 17
1670090063.739675; 472413; 17
1670090063.764679; 472438; 17
1670090063.789676; 472463; 17
1670090063.814675; 472488; 17
1670090063.839675; 472513; 17
1670090063.864683; 472538; 17
1670090063.889671; 472563; 17
1670090063.914675; 472588; 17
1670090063.939675; 472613; 17
1670090063.964680; 472638; 17
1670090063.989676; 472663; 17
1670090064.014675; 472688; 17
1670090064.039671; 472713; 17
1670090064.064675; 472738; 17
1670090064.089672; 472763; 17
1670090064.114671; 472788; 17
1670090064.139669; 472813; 17
1670090064.164674; 472838; 17
1670090064.189671; 472863; 17
1670090064.214670; 472888; 17
1670090064.239669; 472913; 17
1670090064.264683; 472938; 17
1670090064.289676; 472963; 17
1670090064.314675; 472988; 17
1670090064.339675; 473013; 17
1670090064.364673; 473038; 17
1670090064.389672; 473063; 17
1670090064.414675; 473088; 17
1670090064.439675; 473113; 17
1670090064.464675; 473138; 17
1670090064.489674; 473163; 17
1670090064.514671; 473188; 17
1670090064.539669; 473213; 17
1670090064.564669; 473238; 17
1670090064.589674; 473263; 17
1670090064.614671; 473288; 17
1670090064.639670; 473313; 17
1670090064.664670; 473338; 17
1670090064.689683; 473363; 17
1670090064.714676; 473388; 17
1670090064.739675; 473413; 17
1670090064.764675; 473438; 18
1670090064.789680; 473463; 18
1670090064.814671; 473488; 18
1670090064.839669; 473513; 18
1670090064.864669; 473538; 18
1670090064.889674; 473563; 18
1670090064.914671; 473588; 18
1670090064.939669; 473613; 18
1670090064.964675; 473638; 17
1670090064.989680; 473663; 17
1670090065.014676; 473688; 17
1670090065.039671; 473713; 17
1670090065.064676; 473738; 17
1670090065.089684; 473763; 18
1670090065.114672; 473788; 18
1670090065.139675; 473813; 18
1670090065.164675; 473838; 18
1670090065.189673; 473863; 18
1670090065.214677; 473888; 18
1670090065.239669; 473913; 18
1670090065.264669; 473938; 18
1670090065.289669; 473963; 17
1670090065.314680; 473988; 17
1670090065.339676; 474013; 17
1670090065.364675; 474038; 17
1670090065.389669; 474063; 17
1670090065.414674; 474088; 17
1670090065.439671; 474113; 17
1670090065.464669; 474138; 17
1670090065.489669; 474163; 17
1670090065.514683; 474188; 17
1670090065.539676; 474213; 17
1670090065.564675; 474238; 17
1670090065.589675; 474263; 17
1670090065.614680; 474288; 17
1670090065.639676; 474313; 17
1670090065.664675; 474338; 17
1670090065.689675; 474363; 17
1670090065.714680; 474388; 17
1670090065.739676; 474413; 17
1670090065.764675; 474438; 17
1670090065.789675; 474463; 17
1670090065.814680; 474488; 17
1670090065.839676; 474513; 17
1670090065.864675; 474538; 17
1670090065.889670; 474563; 17
1670090065.914681; 474588; 17
1670090065.939676; 474613; 17
1670090065.964675; 474638; 17
1670090065.989669; 474663; 17
1670090066.014670; 474688; 17
1670090066.039681; 474713; 17
1670090066.064677; 474738; 17
1670090066.089676; 474763; 18
1670090066.114676; 474788; 18
1670090066.139674; 474813; 18
1670090066.164671; 474838; 18
1670090066.189669; 474863; 18
1670090066.214670; 474888; 18
1670090066.239674; 474913; 18
1670090066.264671; 474938; 18
1670090066.289670; 474963; 18
1670090066.314670; 474988; 18
1670090066.339683; 475013; 18
1670090066.364676; 475038; 18
1670090066.389670; 475063; 18
1670090066.414670; 475088; 18
1670090066.439674; 475113; 18
1670090066.464671; 475138; 18
1670090066.489670; 475163; 18
1670090066.514670; 475188; 19
1670090066.539680; 475213; 19
1670090066.564676; 475238; 19
1670090066.589675; 475263; 19
1670090066.614675; 475288; 19
1670090066.639680; 475313; 19
1670090066.664676; 475338; 19
1670090066.689675; 475363; 19
1670090066.714675; 475388; 18
1670090066.739683; 475413; 18
1670090066.764676; 475438; 18
1670090066.789675; 475463; 18
1670090066.814675; 475488; 18
1670090066.839675; 475513; 18
1670090066.864680; 475538; 18
1670090066.889676; 475563; 18
1670090066.914675; 475588; 18
1670090066.939669; 475613; 18
1670090066.964674; 475638; 18
1670090066.989671; 475663; 18
1670090067.014670; 475688; 18
1670090067.039676; 475713; 18
1670090067.064681; 475738; 18
1670090067.089677; 475763; 18
1670090067.114676; 475788; 19
1670090067.139669; 475813; 19
1670090067.164683; 475838; 19
1670090067.189676; 475863; 19
1670090067.214675; 475888; 19
1670090067.239675; 475913; 19
1670090067.264674; 475938; 19
1670090067.289671; 475963; 19
1670090067.314669; 475988; 19
1670090067.339675; 476013; 19
1670090067.364679; 476038; 19
1670090067.389671; 476063; 19
1670090067.414670; 476088; 19
1670090067.439669; 476113; 19
1670090067.464674; 476138; 19
1670090067.489671; 476163; 19
1670090067.514669; 476188; 19
1670090067.539670; 476213; 19
1670090067.564677; 476238; 19
1670090067.589672; 476263; 19
1670090067.614678; 476288; 19
1670090067.639669; 476313; 20
1670090067.664670; 476338; 20
1670090067.689674; 476363; 20
1670090067.714671; 476388; 20
1670090067.739670; 476413; 20
1670090067.764669; 476438; 20
1670090067.789674; 476463; 20
1670090067.814671; 476488; 20
1670090067.839669; 476513; 21
1670090067.864670; 476538; 21
1670090067.889679; 476563; 21
1670090067.914676; 476588; 21
1670090067.939675; 476613; 20
1670090067.964675; 476638; 20
1670090067.989678; 476663; 20
1670090068.014671; 476688; 20
1670090068.039676; 476713; 19
1670090068.064676; 476738; 19
1670090068.089675; 476763; 19
1670090068.114672; 476788; 19
1670090068.139675; 476813; 18
1670090068.164675; 476838; 18
1670090068.189680; 476863; 18
1670090068.214676; 476888; 18
1670090068.239675; 476913; 18
1670090068.264675; 476938; 18
1670090068.289680; 476963; 18
1670090068.314676; 476988; 18
1670090068.339675; 477013; 18
1670090068.364675; 477038; 18
1670090068.389677; 477063; 18
1670090068.414672; 477088; 18
1670090068.439675; 477113; 18
1670090068.464675; 477138; 18
1670090068.489675; 477163; 18
1670090068.514680; 477188; 18
1670090068.539676; 477213; 18
1670090068.564675; 477238; 18
1670090068.589675; 477263; 18
1670090068.614680; 477288; 18
1670090068.639676; 477313; 18
1670090068.664675; 477338; 18
1670090068.689675; 477363; 18
1670090068.714680; 477388; 18
1670090068.739676; 477413; 18
1670090068.764675; 477438; 18
1670090068.789669; 477463; 18
1670090068.814683; 477488; 18
1670090068.839676; 477513; 18
1670090068.864675; 477538; 18
1670090068.889670; 477563; 18
1670090068.914674; 477588; 18
1670090068.939671; 477613; 18
1670090068.964669; 477638; 18
1670090068.989669; 477663; 18
1670090069.014674; 477688; 18
1670090069.039677; 477713; 18
1670090069.064676; 477738; 18
1670090069.089671; 477763; 18
1670090069.114700; 477788; 18
1670090069.139671; 477813; 18
1670090069.164688; 477838; 19
1670090069.189678; 477863; 19
1670090069.214675; 477888; 19
1670090069.239683; 477913; 19
1670090069.264676; 477938; 21
1670090069.289675; 477963; 21
1670090069.314669; 477988; 21
1670090069.339674; 478013; 21
1670090069.364671; 478038; 21
1670090069.389670; 478063; 21
1670090069.414675; 478088; 21
1670090069.439680; 478113; 21
1670090069.464676; 478138; 19
1670090069.489675; 478163; 19
1670090069.514675; 478188; 19
1670090069.539680; 478213; 19
1670090069.564676; 478238; 19
1670090069.589675; 478263; 19
1670090069.614670; 478288; 19
1670090069.639683; 478313; 19
1670090069.664676; 478338; 19
1670090069.689675; 478363; 20
1670090069.714675; 478388; 20
1670090069.739680; 478413; 20
1670090069.764676; 478438; 20
1670090069.789675; 478463; 20
1670090069.814670; 478488; 20
1670090069.839674; 478513; 20
1670090069.864671; 478538; 20
1670090069.889669; 478563; 20
1670090069.914669; 478588; 20
1670090069.939674; 478613; 20
1670090069.964671; 478638; 20
1670090069.989670; 478663; 20
1670090070.014675; 478688; 20
1670090070.039671; 478713; 20
1670090070.064684; 478738; 20
1670090070.089677; 478763; 20
1670090070.114676; 478788; 20
1670090070.139670; 478813; 20
1670090070.164674; 478838; 20
1670090070.189671; 478863; 20
1670090070.214660; 478888; 20
1670090070.239669; 478913; 20
1670090070.264674; 478938; 20
1670090070.289671; 478963; 21
1670090070.314669; 478988; 21
1670090070.339669; 479013; 21
1670090070.364674; 479038; 21
1670090070.389676; 479063; 20
1670090070.414675; 479088; 20
1670090070.439675; 479113; 20
1670090070.464678; 479138; 20
1670090070.489671; 479163; 20
1670090070.514670; 479188; 20
1670090070.539669; 479213; 20
1670090070.564674; 479238; 20
1670090070.589671; 479263; 20
1670090070.614670; 479288; 20
1670090070.639675; 479313; 20
1670090070.664680; 479338; 20
1670090070.689676; 479363; 22
1670090070.714675; 479388; 22
1670090070.739675; 479413; 22
1670090070.764678; 479438; 22
1670090070.789677; 479463; 24
1670090070.814669; 479488; 24
1670090070.839675; 479513; 24
1670090070.864675; 479538; 24
1670090070.889678; 479563; 24
1670090070.914671; 479588; 24
1670090070.939669; 479613; 24
1670090070.964669; 479638; 24
1670090070.989674; 479663; 24
1670090071.014671; 479688; 24
1670090071.039701; 479713; 24
1670090071.064671; 479738; 24
1670090071.089681; 479763; 24
1670090071.114677; 479788; 24
1670090071.139670; 479813; 24
1670090071.164670; 479838; 24
1670090071.189674; 479863; 24
1670090071.214671; 479888; 25
1670090071.239677; 479913; 25
1670090071.264669; 479938; 25
1670090071.289683; 479963; 25
1670090071.314676; 479988; 25
1670090071.339675; 480013; 25
1670090071.364675; 480038; 25
1670090071.389674; 480063; 25
1670090071.414671; 480088; 25
1670090071.439669; 480113; 25
1670090071.464669; 480138; 25
1670090071.489674; 480163; 25
1670090071.514671; 480188; 26
1670090071.539669; 480213; 26
1670090071.564670; 480238; 26
1670090071.589673; 480263; 26
1670090071.614672; 480288; 26
1670090071.639675; 480313; 26
1670090071.664669; 480338; 26
1670090071.689670; 480363; 26
1670090071.714683; 480388; 27
1670090071.739676; 480413; 27
1670090071.764675; 480438; 27
1670090071.789675; 480463; 27
1670090071.814680; 480488; 27
1670090071.839676; 480513; 27
1670090071.864670; 480538; 27
1670090071.889677; 480563; 27
1670090071.914691; 480588; 27
1670090071.939689; 480613; 27
1670090071.964670; 480638; 27
1670090071.989675; 480663; 27
1670090072.014674; 480688; 27
1670090072.039674; 480713; 28
1670090072.064674; 480738; 28
1670090072.089671; 480763; 28
1670090072.114679; 480788; 28
1670090072.139676; 480813; 29
1670090072.164675; 480838; 29
1670090072.189675; 480863; 29
1670090072.214680; 480888; 29
1670090072.239676; 480913; 29
1670090072.264675; 480938; 29
1670090072.289675; 480963; 29
1670090072.314680; 480988; 29
1670090072.339676; 481013; 30
1670090072.364675; 481038; 30
1670090072.389669; 481063; 30
1670090072.414669; 481088; 30
1670090072.439674; 481113; 30
1670090072.464671; 481138; 30
1670090072.489675; 481163; 30
1670090072.514675; 481188; 30
1670090072.539683; 481213; 32
1670090072.564676; 481238; 32
1670090072.589675; 481263; 32
1670090072.614675; 481288; 32
1670090072.639680; 481313; 32
1670090072.664676; 481338; 32
1670090072.689675; 481363; 32
1670090072.714675; 481388; 32
1670090072.739680; 481413; 33
1670090072.764676; 481438; 33
1670090072.789675; 481463; 33
1670090072.814675; 481488; 33
1670090072.839680; 481513; 34
1670090072.864676; 481538; 34
1670090072.889669; 481563; 34
1670090072.914670; 481588; 34
1670090072.939678; 481613; 34
1670090072.964671; 481638; 34
1670090072.989669; 481663; 34
1670090073.014670; 481688; 34
1670090073.039681; 481713; 34
1670090073.064672; 481738; 34
1670090073.089676; 481763; 34
1670090073.114676; 481788; 34
1670090073.139674; 481813; 34
1670090073.164671; 481838; 34
1670090073.189670; 481863; 34
1670090073.214670; 481888; 34
1670090073.239669; 481913; 34
1670090073.264674; 481938; 35
1670090073.289677; 481963; 35
1670090073.314669; 481988; 35
1670090073.339669; 482013; 35
1670090073.364678; 482038; 36
1670090073.389676; 482063; 36
1670090073.414675; 482088; 36
1670090073.439675; 482113; 36
1670090073.464680; 482138; 36
1670090073.489676; 482163; 36
1670090073.514675; 482188; 36
1670090073.539675; 482213; 36
1670090073.564674; 482238; 37
1670090073.589671; 482263; 37
1670090073.614669; 482288; 37
1670090073.639669; 482313; 37
1670090073.664674; 482338; 38
1670090073.689671; 482363; 38
1670090073.714675; 482388; 38
1670090073.739675; 482413; 38
1670090073.764678; 482438; 38
1670090073.789671; 482463; 38
1670090073.814669; 482488; 38
1670090073.839669; 482513; 38
1670090073.864674; 482538; 38
1670090073.889671; 482563; 38
1670090073.914669; 482588; 38
1670090073.939670; 482613; 38
1670090073.964673; 482638; 39
1670090073.989672; 482663; 39
1670090074.014675; 482688; 39
1670090074.039671; 482713; 39
1670090074.064676; 482738; 38
1670090074.089681; 482763; 38
1670090074.114677; 482788; 38
1670090074.139670; 482813; 38
1670090074.164669; 482838; 38
1670090074.189678; 482863; 38
1670090074.214671; 482888; 38
1670090074.239670; 482913; 38
1670090074.264669; 482938; 40
1670090074.289674; 482963; 40
1670090074.314671; 482988; 40
1670090074.339669; 483013; 40
1670090074.364669; 483038; 40
1670090074.389674; 483063; 40
1670090074.414671; 483088; 40
1670090074.439669; 483113; 40
1670090074.464670; 483138; 40
1670090074.489674; 483163; 40
1670090074.514671; 483188; 40
1670090074.539669; 483213; 40
1670090074.564669; 483238; 40
1670090074.589683; 483263; 42
1670090074.614676; 483288; 42
1670090074.639675; 483313; 42
1670090074.664675; 483338; 42
1670090074.689680; 483363; 46
1670090074.714676; 483388; 46
1670090074.739675; 483413; 46
1670090074.764675; 483438; 46
1670090074.789673; 483463; 45
1670090074.814672; 483488; 45
1670090074.839675; 483513; 45
1670090074.864675; 483538; 45
1670090074.889670; 483563; 44
1670090074.914674; 483588; 44
1670090074.939671; 483613; 44
1670090074.964683; 483638; 44
1670090074.989669; 483663; 47
1670090075.014683; 483688; 47
1670090075.039672; 483713; 47
1670090075.064671; 483738; 47
1670090075.089676; 483763; 48
1670090075.114675; 483788; 48
1670090075.139671; 483813; 48
1670090075.164669; 483838; 48
1670090075.189670; 483863; 48
1670090075.214674; 483888; 48
1670090075.239671; 483913; 48
1670090075.264670; 483938; 48
1670090075.289669; 483963; 49
1670090075.314674; 483988; 49
1670090075.339671; 484013; 49
1670090075.364669; 484038; 49
1670090075.389675; 484063; 52
1670090075.414683; 484088; 52
1670090075.439676; 484113; 52
1670090075.464675; 484138; 52
1670090075.489675; 484163; 52
1670090075.514679; 484188; 47
1670090075.539678; 484213; 47
1670090075.564669; 484238; 47
1670090075.589669; 484263; 47
1670090075.614670; 484288; 51
1670090075.639674; 484313; 51
1670090075.664671; 484338; 51
1670090075.689670; 484363; 51
1670090075.714670; 484388; 50
1670090075.739674; 484413; 50
1670090075.764676; 484438; 50
1670090075.789675; 484463; 50
1670090075.814675; 484488; 50
1670090075.839683; 484513; 50
1670090075.864671; 484538; 50
1670090075.889670; 484563; 50
1670090075.914670; 484588; 42
1670090075.939674; 484613; 42
1670090075.964671; 484638; 42
1670090075.989670; 484663; 42
1670090076.014669; 484688; 27
1670090076.039681; 484713; 27
1670090076.064677; 484738; 27
1670090076.089676; 484763; 27
1670090076.114676; 484788; 28
1670090076.139674; 484813; 28
1670090076.164676; 484838; 28
1670090076.189675; 484863; 28
1670090076.214675; 484888; 30
1670090076.239683; 484913; 30
1670090076.264676; 484938; 30
1670090076.289675; 484963; 30
1670090076.314675; 484988; 29
1670090076.339679; 485013; 29
1670090076.364688; 485038; 29
1670090076.389675; 485063; 29
1670090076.414670; 485088; 27
1670090076.439669; 485113; 27
1670090076.464674; 485138; 27
1670090076.489671; 485163; 27
1670090076.514669; 485188; 29
1670090076.539669; 485213; 29
1670090076.564678; 485238; 29
1670090076.589676; 485263; 29
1670090076.614675; 485288; 29
1670090076.639675; 485313; 30
1670090076.664683; 485338; 30
1670090076.689676; 485363; 30
1670090076.714675; 485388; 30
1670090076.739675; 485413; 31
1670090076.764680; 485438; 31
1670090076.789671; 485463; 31
1670090076.814669; 485488; 31
1670090076.839670; 485513; 33
1670090076.864674; 485538; 33
1670090076.889671; 485563; 33
1670090076.914670; 485588; 33
1670090076.939669; 485613; 31
1670090076.964674; 485638; 31
1670090076.989676; 485663; 31
1670090077.014675; 485688; 31
1670090077.039671; 485713; 32
1670090077.064679; 485738; 32
1670090077.089672; 485763; 32
1670090077.114671; 485788; 32
1670090077.139670; 485813; 32
1670090077.164678; 485838; 32
1670090077.189677; 485863; 32
1670090077.214670; 485888; 32
1670090077.239675; 485913; 32
1670090077.264675; 485938; 32
1670090077.289674; 485963; 32
1670090077.314671; 485988; 32
1670090077.339669; 486013; 31
1670090077.364669; 486038; 31
1670090077.389676; 486063; 31
1670090077.414676; 486088; 31
1670090077.439675; 486113; 31
1670090077.464675; 486138; 31
1670090077.489678; 486163; 31
1670090077.514671; 486188; 31
1670090077.539670; 486213; 31
1670090077.564669; 486238; 31
1670090077.589683; 486263; 31
1670090077.614676; 486288; 31
1670090077.639683; 486313; 32
1670090077.664675; 486338; 32
1670090077.689680; 486363; 32
1670090077.714676; 486388; 32
1670090077.739675; 486413; 33
1670090077.764675; 486438; 33
1670090077.789680; 486463; 33
1670090077.814676; 486488; 33
1670090077.839675; 486513; 33
1670090077.864675; 486538; 33
1670090077.889678; 486563; 33
1670090077.914671; 486588; 33
1670090077.939669; 486613; 33
1670090077.964669; 486638; 32
1670090077.989678; 486663; 32
1670090078.014672; 486688; 32
1670090078.039671; 486713; 32
1670090078.064671; 486738; 32
1670090078.089676; 486763; 32
1670090078.114681; 486788; 32
1670090078.139671; 486813; 32
1670090078.164670; 486838; 32
1670090078.189670; 486863; 32
1670090078.214679; 486888; 32
1670090078.239676; 486913; 32
1670090078.264675; 486938; 34
1670090078.289675; 486963; 34
1670090078.314683; 486988; 34
1670090078.339676; 487013; 34
1670090078.364675; 487038; 33
1670090078.389670; 487063; 33
1670090078.414683; 487088; 33
1670090078.439671; 487113; 33
1670090078.464670; 487138; 35
1670090078.489669; 487163; 35
1670090078.514674; 487188; 35
1670090078.539671; 487213; 35
1670090078.564669; 487238; 35
1670090078.589669; 487263; 35
1670090078.614680; 487288; 35
1670090078.639671; 487313; 35
1670090078.664670; 487338; 33
1670090078.689669; 487363; 33
1670090078.714678; 487388; 33
1670090078.739671; 487413; 33
1670090078.764669; 487438; 34
1670090078.789670; 487463; 34
1670090078.814670; 487488; 34
1670090078.839674; 487513; 34
1670090078.864671; 487538; 37
1670090078.889675; 487563; 37
1670090078.914675; 487588; 37
1670090078.939679; 487613; 37
1670090078.964676; 487638; 37
1670090078.989675; 487663; 35
1670090079.014675; 487688; 35
1670090079.039681; 487713; 35
1670090079.064677; 487738; 35
1670090079.089676; 487763; 34
1670090079.114676; 487788; 34
1670090079.139683; 487813; 34
1670090079.164676; 487838; 34
1670090079.189675; 487863; 36
1670090079.214675; 487888; 36
1670090079.239679; 487913; 36
1670090079.264676; 487938; 36
1670090079.289670; 487963; 36
1670090079.314670; 487988; 36
1670090079.339674; 488013; 36
1670090079.364671; 488038; 36
1670090079.389670; 488063; 37
1670090079.414670; 488088; 37
1670090079.439680; 488113; 37
1670090079.464676; 488138; 37
1670090079.489675; 488163; 31
1670090079.514675; 488188; 31
1670090079.539678; 488213; 31
1670090079.564671; 488238; 31
1670090079.589670; 488263; 26
1670090079.614669; 488288; 26
1670090079.639675; 488313; 26
1670090079.664674; 488338; 26
1670090079.689671; 488363; 25
1670090079.714670; 488388; 25
1670090079.739670; 488413; 25
1670090079.764674; 488438; 25
1670090079.789671; 488463; 26
1670090079.814670; 488488; 26
1670090079.839669; 488513; 26
1670090079.864674; 488538; 26
1670090079.889671; 488563; 26
1670090079.914670; 488588; 26
1670090079.939669; 488613; 26
1670090079.964678; 488638; 26
1670090079.989671; 488663; 26
1670090080.014670; 488688; 26
1670090080.039676; 488713; 26
1670090080.064681; 488738; 26
1670090080.089672; 488763; 27
1670090080.114676; 488788; 27
1670090080.139669; 488813; 27
1670090080.164674; 488838; 27
1670090080.189671; 488863; 27
1670090080.214670; 488888; 28
1670090080.239670; 488913; 28
