1670090527.776456; 4124; 29
1670090527.800970; 4149; 27
1670090527.825970; 4174; 27
1670090527.850970; 4199; 27
1670090527.875970; 4224; 27
1670090527.900970; 4249; 27
1670090527.925970; 4274; 27
1670090527.950970; 4299; 27
1670090527.975970; 4324; 27
1670090528.000970; 4349; 28
1670090528.025967; 4374; 28
1670090528.050992; 4399; 28
1670090528.075971; 4424; 28
1670090528.100971; 4449; 29
1670090528.125970; 4474; 29
1670090528.150966; 4499; 29
1670090528.175966; 4524; 29
1670090528.200966; 4549; 29
1670090528.225966; 4574; 29
1670090528.250966; 4599; 29
1670090528.275966; 4624; 29
1670090528.300966; 4649; 29
1670090528.325966; 4674; 29
1670090528.350966; 4699; 29
1670090528.375966; 4724; 29
1670090528.400966; 4749; 29
1670090528.425966; 4774; 29
1670090528.450966; 4799; 29
1670090528.475970; 4824; 29
1670090528.500970; 4849; 29
1670090528.525970; 4874; 29
1670090528.550970; 4899; 29
1670090528.575970; 4924; 29
1670090528.600970; 4949; 29
1670090528.625970; 4974; 29
1670090528.650970; 4999; 29
1670090528.675970; 5024; 29
1670090528.700966; 5049; 29
1670090528.725966; 5074; 30
1670090528.750970; 5099; 30
1670090528.775970; 5124; 30
1670090528.800970; 5149; 30
1670090528.825970; 5174; 28
1670090528.850970; 5199; 28
1670090528.875970; 5224; 28
1670090528.900970; 5249; 28
1670090528.925970; 5274; 27
1670090528.950970; 5299; 27
1670090528.975966; 5324; 27
1670090529.000970; 5349; 27
1670090529.025967; 5374; 28
1670090529.050971; 5399; 28
1670090529.075971; 5424; 28
1670090529.100971; 5449; 28
1670090529.125970; 5474; 29
1670090529.150970; 5499; 29
1670090529.175966; 5524; 29
1670090529.200966; 5549; 29
1670090529.225970; 5574; 29
1670090529.250970; 5599; 29
1670090529.275970; 5624; 29
1670090529.300970; 5649; 29
1670090529.325990; 5674; 29
1670090529.350970; 5699; 29
1670090529.375960; 5724; 29
1670090529.400970; 5749; 29
1670090529.425970; 5774; 29
1670090529.450970; 5799; 29
1670090529.475970; 5824; 29
1670090529.500970; 5849; 29
1670090529.525970; 5874; 30
1670090529.550970; 5899; 30
1670090529.575970; 5924; 30
1670090529.600970; 5949; 30
1670090529.625970; 5974; 30
1670090529.650970; 5999; 30
1670090529.675970; 6024; 30
1670090529.700966; 6049; 30
1670090529.725970; 6074; 30
1670090529.750970; 6099; 31
1670090529.775970; 6124; 31
1670090529.800966; 6149; 31
1670090529.825992; 6174; 31
1670090529.850966; 6199; 31
1670090529.875970; 6224; 31
1670090529.900966; 6249; 31
1670090529.925970; 6274; 31
1670090529.950970; 6299; 30
1670090529.975970; 6324; 30
1670090530.000970; 6349; 30
1670090530.025967; 6374; 30
1670090530.050967; 6399; 29
1670090530.075967; 6424; 29
1670090530.100967; 6449; 29
1670090530.125970; 6474; 29
1670090530.150970; 6499; 30
1670090530.175970; 6524; 30
1670090530.200966; 6549; 30
1670090530.225966; 6574; 30
1670090530.250970; 6599; 32
1670090530.275970; 6624; 32
1670090530.300970; 6649; 32
1670090530.325970; 6674; 32
1670090530.350970; 6699; 33
1670090530.375970; 6724; 33
1670090530.400977; 6749; 33
1670090530.425970; 6774; 33
1670090530.450970; 6799; 33
1670090530.475970; 6824; 33
1670090530.500970; 6849; 33
1670090530.525970; 6874; 33
1670090530.550970; 6899; 33
1670090530.575970; 6924; 33
1670090530.600970; 6949; 33
1670090530.625970; 6974; 33
1670090530.650970; 6999; 34
1670090530.675970; 7024; 34
1670090530.700970; 7049; 34
1670090530.725970; 7074; 34
1670090530.750970; 7099; 34
1670090530.775970; 7124; 34
1670090530.800970; 7149; 34
1670090530.825970; 7174; 34
1670090530.850970; 7199; 34
1670090530.875970; 7224; 34
1670090530.900970; 7249; 34
1670090530.925970; 7274; 34
1670090530.950970; 7299; 34
1670090530.975970; 7324; 34
1670090531.000970; 7349; 34
1670090531.025971; 7374; 34
1670090531.050971; 7399; 34
1670090531.075971; 7424; 34
1670090531.100971; 7449; 34
1670090531.125970; 7474; 34
1670090531.150970; 7499; 34
1670090531.175970; 7524; 35
1670090531.200966; 7549; 35
1670090531.225970; 7574; 35
1670090531.250970; 7599; 35
1670090531.275970; 7624; 35
1670090531.300970; 7649; 35
1670090531.325984; 7674; 35
1670090531.350971; 7699; 35
1670090531.375970; 7724; 36
1670090531.400966; 7749; 36
1670090531.425970; 7774; 36
1670090531.450970; 7799; 36
1670090531.475970; 7824; 36
1670090531.500970; 7849; 36
1670090531.525970; 7874; 36
1670090531.550969; 7899; 36
1670090531.575966; 7924; 36
1670090531.600970; 7949; 36
1670090531.625970; 7974; 36
1670090531.650966; 7999; 36
1670090531.675966; 8024; 35
1670090531.700966; 8049; 35
1670090531.725966; 8074; 35
1670090531.750966; 8099; 35
1670090531.775966; 8124; 35
1670090531.800966; 8149; 35
1670090531.825966; 8174; 35
1670090531.850966; 8199; 35
1670090531.875970; 8224; 36
1670090531.900970; 8249; 36
1670090531.925970; 8274; 36
1670090531.950970; 8299; 36
1670090531.975970; 8324; 36
1670090532.000970; 8349; 36
1670090532.025967; 8374; 36
1670090532.050971; 8399; 36
1670090532.075971; 8424; 36
1670090532.100971; 8449; 36
1670090532.125970; 8474; 36
1670090532.150970; 8499; 36
1670090532.175970; 8524; 36
1670090532.200970; 8549; 37
1670090532.225970; 8574; 37
1670090532.250966; 8599; 37
1670090532.275966; 8624; 37
1670090532.300970; 8649; 38
1670090532.325970; 8674; 38
1670090532.350970; 8699; 38
1670090532.375970; 8724; 38
1670090532.400970; 8749; 38
1670090532.425970; 8774; 38
1670090532.450966; 8799; 38
1670090532.475966; 8824; 38
1670090532.500966; 8849; 39
1670090532.525966; 8874; 39
1670090532.550966; 8899; 39
1670090532.575966; 8924; 39
1670090532.600970; 8949; 39
1670090532.625970; 8974; 39
1670090532.650970; 8999; 39
1670090532.675966; 9024; 39
1670090532.700970; 9049; 39
1670090532.725970; 9074; 39
1670090532.750970; 9099; 39
1670090532.775970; 9124; 39
1670090532.800970; 9149; 39
1670090532.825970; 9174; 39
1670090532.850966; 9199; 39
1670090532.875970; 9224; 39
1670090532.900970; 9249; 40
1670090532.925966; 9274; 40
1670090532.950966; 9299; 40
1670090532.975966; 9324; 40
1670090533.000966; 9349; 39
1670090533.025971; 9374; 39
1670090533.050971; 9399; 39
1670090533.075971; 9424; 39
1670090533.100971; 9449; 39
1670090533.125970; 9474; 39
1670090533.150970; 9499; 39
1670090533.175970; 9524; 39
1670090533.200970; 9549; 39
1670090533.225970; 9574; 40
1670090533.250970; 9599; 40
1670090533.275966; 9624; 40
1670090533.300970; 9649; 40
1670090533.325970; 9674; 41
1670090533.350970; 9699; 41
1670090533.375970; 9724; 41
1670090533.400970; 9749; 41
1670090533.425970; 9774; 42
1670090533.450970; 9799; 42
1670090533.475966; 9824; 42
1670090533.500970; 9849; 42
1670090533.525970; 9874; 41
1670090533.550970; 9899; 41
1670090533.575970; 9924; 41
1670090533.600970; 9949; 41
1670090533.625970; 9974; 41
1670090533.650970; 9999; 41
1670090533.675970; 10024; 41
1670090533.700970; 10049; 41
1670090533.725970; 10074; 42
1670090533.750970; 10099; 42
1670090533.775970; 10124; 42
1670090533.800970; 10149; 42
1670090533.825970; 10174; 41
1670090533.850970; 10199; 41
1670090533.875970; 10224; 41
1670090533.900970; 10249; 41
1670090533.925970; 10274; 40
1670090533.950968; 10299; 40
1670090533.975970; 10324; 40
1670090534.000966; 10349; 40
1670090534.025971; 10374; 41
1670090534.050971; 10399; 41
1670090534.075971; 10424; 41
1670090534.100971; 10449; 41
1670090534.125966; 10474; 42
1670090534.150970; 10499; 42
1670090534.175970; 10524; 42
1670090534.200970; 10549; 42
1670090534.225970; 10574; 42
1670090534.250970; 10599; 42
1670090534.275970; 10624; 42
1670090534.300970; 10649; 42
1670090534.325970; 10674; 42
1670090534.350970; 10699; 43
1670090534.375970; 10724; 43
1670090534.400970; 10749; 43
1670090534.425970; 10774; 43
1670090534.450970; 10799; 44
1670090534.475970; 10824; 44
1670090534.500970; 10849; 44
1670090534.525970; 10874; 44
1670090534.550970; 10899; 40
1670090534.575970; 10924; 40
1670090534.600970; 10949; 40
1670090534.625970; 10974; 40
1670090534.650970; 10999; 39
1670090534.675970; 11024; 39
1670090534.700976; 11049; 39
1670090534.725970; 11074; 39
1670090534.750970; 11099; 42
1670090534.775966; 11124; 42
1670090534.800978; 11149; 42
1670090534.825967; 11174; 42
1670090534.850970; 11199; 41
1670090534.875970; 11224; 41
1670090534.900970; 11249; 41
1670090534.925966; 11274; 41
1670090534.950970; 11299; 43
1670090534.975970; 11324; 43
1670090535.000970; 11349; 43
1670090535.025971; 11374; 43
1670090535.050971; 11399; 41
1670090535.075971; 11424; 41
1670090535.100971; 11449; 41
1670090535.125970; 11474; 41
1670090535.150970; 11499; 40
1670090535.175970; 11524; 40
1670090535.200966; 11549; 40
1670090535.225970; 11574; 40
1670090535.250970; 11599; 39
1670090535.275970; 11624; 39
1670090535.300970; 11649; 39
1670090535.325966; 11674; 39
1670090535.350966; 11699; 39
1670090535.375970; 11724; 39
1670090535.400970; 11749; 39
1670090535.425970; 11774; 39
1670090535.450970; 11799; 39
1670090535.475970; 11824; 37
1670090535.500970; 11849; 37
1670090535.525966; 11874; 37
1670090535.550966; 11899; 37
1670090535.575966; 11924; 36
1670090535.600970; 11949; 36
1670090535.625970; 11974; 36
1670090535.650970; 11999; 36
1670090535.675970; 12024; 34
1670090535.700966; 12049; 34
1670090535.725977; 12074; 34
1670090535.750970; 12099; 34
1670090535.775970; 12124; 33
1670090535.800970; 12149; 33
1670090535.825970; 12174; 33
1670090535.850970; 12199; 33
1670090535.875970; 12224; 32
1670090535.900970; 12249; 32
1670090535.925970; 12274; 32
1670090535.950970; 12299; 32
1670090535.975970; 12324; 32
1670090536.000970; 12349; 32
1670090536.025967; 12374; 32
1670090536.050967; 12399; 32
1670090536.075967; 12424; 31
1670090536.100967; 12449; 31
1670090536.125970; 12474; 31
1670090536.150970; 12499; 31
1670090536.175970; 12524; 32
1670090536.200966; 12549; 32
1670090536.225966; 12574; 32
1670090536.250970; 12599; 32
1670090536.275970; 12624; 32
1670090536.300970; 12649; 32
1670090536.325970; 12674; 32
1670090536.350970; 12699; 32
1670090536.375970; 12724; 30
1670090536.400970; 12749; 30
1670090536.425970; 12774; 30
1670090536.450966; 12799; 30
1670090536.475970; 12824; 29
1670090536.500970; 12849; 29
1670090536.525970; 12874; 29
1670090536.550970; 12899; 29
1670090536.575970; 12924; 29
1670090536.600970; 12949; 29
1670090536.625970; 12974; 29
1670090536.650970; 12999; 29
1670090536.675970; 13024; 29
1670090536.700966; 13049; 31
1670090536.725970; 13074; 31
1670090536.750966; 13099; 31
1670090536.775970; 13124; 31
1670090536.800970; 13149; 32
1670090536.825970; 13174; 32
1670090536.850965; 13199; 32
1670090536.875966; 13224; 32
1670090536.900970; 13249; 33
1670090536.925970; 13274; 33
1670090536.950970; 13299; 33
1670090536.975970; 13324; 33
1670090537.000970; 13349; 32
1670090537.025967; 13374; 32
1670090537.050967; 13399; 32
1670090537.075967; 13424; 32
1670090537.100967; 13449; 31
1670090537.125970; 13474; 31
1670090537.150970; 13499; 31
1670090537.175970; 13524; 31
1670090537.200966; 13549; 28
1670090537.225966; 13574; 28
1670090537.250966; 13599; 28
1670090537.275970; 13624; 28
1670090537.300970; 13649; 29
1670090537.325970; 13674; 29
1670090537.350970; 13699; 29
1670090537.375966; 13724; 29
1670090537.400970; 13749; 29
1670090537.425970; 13774; 29
1670090537.450970; 13799; 29
1670090537.475966; 13824; 29
1670090537.500970; 13849; 29
1670090537.525970; 13874; 29
1670090537.550970; 13899; 29
1670090537.575970; 13924; 29
1670090537.600970; 13949; 29
1670090537.625970; 13974; 29
1670090537.650970; 13999; 29
1670090537.675970; 14024; 29
1670090537.700966; 14049; 28
1670090537.725970; 14074; 28
1670090537.750970; 14099; 28
1670090537.775966; 14124; 28
1670090537.800970; 14149; 28
1670090537.825970; 14174; 27
1670090537.850970; 14199; 27
1670090537.875970; 14224; 27
1670090537.900970; 14249; 27
1670090537.925970; 14274; 26
1670090537.950970; 14299; 26
1670090537.975970; 14324; 26
1670090538.000970; 14349; 26
1670090538.025967; 14374; 26
1670090538.050967; 14399; 26
1670090538.075967; 14424; 26
1670090538.100967; 14449; 26
1670090538.125970; 14474; 25
1670090538.150970; 14499; 25
1670090538.175970; 14524; 25
1670090538.200966; 14549; 25
1670090538.225974; 14574; 23
1670090538.250967; 14599; 23
1670090538.275970; 14624; 23
1670090538.300970; 14649; 23
1670090538.325970; 14674; 21
1670090538.350970; 14699; 21
1670090538.375970; 14724; 21
1670090538.400966; 14749; 21
1670090538.425970; 14774; 21
1670090538.450970; 14799; 21
1670090538.475970; 14824; 21
1670090538.500970; 14849; 21
1670090538.525970; 14874; 19
1670090538.550970; 14899; 19
1670090538.575970; 14924; 19
1670090538.600966; 14949; 19
1670090538.625970; 14974; 19
1670090538.650970; 14999; 19
1670090538.675970; 15024; 19
1670090538.700988; 15049; 19
1670090538.725970; 15074; 19
1670090538.750970; 15099; 19
1670090538.775970; 15124; 19
1670090538.800970; 15149; 19
1670090538.825970; 15174; 19
1670090538.850970; 15199; 19
1670090538.875970; 15224; 19
1670090538.900969; 15249; 19
1670090538.925970; 15274; 19
1670090538.950970; 15299; 19
1670090538.975970; 15324; 19
1670090539.000970; 15349; 19
1670090539.025967; 15374; 19
1670090539.050967; 15399; 19
1670090539.075967; 15424; 19
1670090539.100967; 15449; 19
1670090539.125970; 15474; 19
1670090539.150970; 15499; 19
1670090539.175970; 15524; 19
1670090539.200966; 15549; 19
1670090539.225970; 15574; 19
1670090539.250970; 15599; 20
1670090539.275970; 15624; 20
1670090539.300970; 15649; 20
1670090539.325970; 15674; 20
1670090539.350970; 15699; 20
1670090539.375970; 15724; 20
1670090539.400970; 15749; 20
1670090539.425970; 15774; 20
1670090539.450970; 15799; 20
1670090539.475970; 15824; 20
1670090539.500970; 15849; 20
1670090539.525970; 15874; 20
1670090539.550970; 15899; 20
1670090539.575970; 15924; 20
1670090539.600970; 15949; 20
1670090539.625966; 15974; 20
1670090539.650970; 15999; 20
1670090539.675970; 16024; 20
1670090539.700966; 16049; 20
1670090539.725971; 16074; 20
1670090539.750966; 16099; 20
1670090539.775970; 16124; 20
1670090539.800970; 16149; 20
1670090539.825966; 16174; 20
1670090539.850970; 16199; 20
1670090539.875970; 16224; 20
1670090539.900970; 16249; 20
1670090539.925965; 16274; 20
1670090539.950966; 16299; 21
1670090539.975970; 16324; 21
1670090540.000970; 16349; 21
1670090540.025979; 16374; 21
1670090540.050971; 16399; 20
1670090540.075971; 16424; 20
1670090540.100971; 16449; 20
1670090540.125970; 16474; 20
1670090540.150970; 16499; 20
1670090540.175970; 16524; 19
1670090540.200970; 16549; 19
1670090540.225966; 16574; 19
1670090540.250966; 16599; 19
1670090540.275970; 16624; 17
1670090540.300970; 16649; 17
1670090540.325970; 16674; 17
1670090540.350970; 16699; 17
1670090540.375970; 16724; 17
1670090540.400970; 16749; 17
1670090540.425970; 16774; 17
1670090540.450970; 16799; 17
1670090540.475970; 16824; 15
1670090540.500970; 16849; 15
1670090540.525970; 16874; 15
1670090540.550970; 16899; 15
1670090540.575970; 16924; 15
1670090540.600970; 16949; 15
1670090540.625970; 16974; 15
1670090540.650970; 16999; 15
1670090540.675970; 17024; 16
1670090540.700970; 17049; 16
1670090540.725970; 17074; 16
1670090540.750970; 17099; 16
1670090540.775970; 17124; 18
1670090540.800970; 17149; 18
1670090540.825970; 17174; 18
1670090540.850966; 17199; 18
1670090540.875970; 17224; 19
1670090540.900970; 17249; 19
1670090540.925970; 17274; 19
1670090540.950966; 17299; 19
1670090540.975970; 17324; 19
1670090541.000970; 17349; 19
1670090541.025967; 17374; 19
1670090541.050989; 17399; 19
1670090541.075967; 17424; 19
1670090541.100967; 17449; 19
1670090541.125970; 17474; 19
1670090541.150970; 17499; 19
1670090541.175966; 17524; 18
1670090541.200966; 17549; 18
1670090541.225970; 17574; 18
1670090541.250970; 17599; 18
1670090541.275970; 17624; 18
1670090541.300970; 17649; 18
1670090541.325970; 17674; 18
1670090541.350970; 17699; 18
1670090541.375970; 17724; 18
1670090541.400970; 17749; 17
1670090541.425970; 17774; 17
1670090541.450970; 17799; 17
1670090541.475970; 17824; 17
1670090541.500970; 17849; 16
1670090541.525970; 17874; 16
1670090541.550970; 17899; 16
1670090541.575970; 17924; 16
1670090541.600970; 17949; 17
1670090541.625977; 17974; 17
1670090541.650968; 17999; 17
1670090541.675966; 18024; 17
1670090541.700966; 18049; 18
1670090541.725970; 18074; 18
1670090541.750970; 18099; 18
1670090541.775966; 18124; 18
1670090541.800970; 18149; 18
1670090541.825970; 18174; 18
1670090541.850970; 18199; 18
1670090541.875966; 18224; 18
1670090541.900966; 18249; 18
1670090541.925970; 18274; 18
1670090541.950970; 18299; 18
1670090541.975970; 18324; 18
1670090542.000970; 18349; 17
1670090542.025967; 18374; 17
1670090542.050967; 18399; 17
1670090542.075971; 18424; 17
1670090542.100971; 18449; 13
1670090542.125974; 18474; 13
1670090542.150966; 18499; 13
1670090542.175966; 18524; 13
1670090542.200966; 18549; 14
1670090542.225966; 18574; 14
1670090542.250966; 18599; 14
1670090542.275966; 18624; 14
1670090542.300970; 18649; 13
1670090542.325970; 18674; 13
1670090542.350970; 18699; 13
1670090542.375970; 18724; 13
1670090542.400966; 18749; 13
1670090542.425970; 18774; 13
1670090542.450970; 18799; 13
1670090542.475970; 18824; 13
1670090542.500970; 18849; 13
1670090542.525970; 18874; 16
1670090542.550970; 18899; 16
1670090542.575970; 18924; 16
1670090542.600970; 18949; 16
1670090542.625970; 18974; 18
1670090542.650970; 18999; 18
1670090542.675970; 19024; 18
1670090542.700970; 19049; 18
1670090542.725970; 19074; 17
1670090542.750970; 19099; 17
1670090542.775970; 19124; 17
1670090542.800970; 19149; 17
1670090542.825970; 19174; 18
1670090542.850970; 19199; 18
1670090542.875970; 19224; 18
1670090542.900966; 19249; 18
1670090542.925970; 19274; 18
1670090542.950970; 19299; 18
1670090542.975970; 19324; 18
1670090543.000970; 19349; 18
1670090543.025967; 19374; 18
1670090543.050967; 19399; 18
1670090543.075967; 19424; 18
1670090543.100971; 19449; 18
1670090543.125970; 19474; 18
1670090543.150968; 19499; 18
1670090543.175970; 19524; 18
1670090543.200966; 19549; 18
1670090543.225970; 19574; 15
1670090543.250970; 19599; 15
1670090543.275970; 19624; 15
1670090543.300970; 19649; 15
1670090543.325970; 19674; 16
1670090543.350970; 19699; 16
1670090543.375970; 19724; 16
1670090543.400970; 19749; 16
1670090543.425966; 19774; 15
1670090543.450966; 19799; 15
1670090543.475970; 19824; 15
1670090543.500970; 19849; 15
1670090543.525966; 19874; 14
1670090543.550970; 19899; 14
1670090543.575970; 19924; 14
1670090543.600970; 19949; 14
1670090543.625970; 19974; 14
1670090543.650970; 19999; 11
1670090543.675966; 20024; 11
1670090543.700966; 20049; 11
1670090543.725966; 20074; 11
1670090543.750970; 20099; 11
1670090543.775970; 20124; 11
1670090543.800970; 20149; 11
1670090543.825970; 20174; 11
1670090543.850970; 20199; 11
1670090543.875970; 20224; 11
1670090543.900970; 20249; 11
1670090543.925966; 20274; 11
1670090543.950970; 20299; 11
1670090543.975970; 20324; 11
1670090544.000970; 20349; 11
1670090544.025967; 20374; 11
1670090544.050967; 20399; 11
1670090544.075967; 20424; 11
1670090544.100967; 20449; 11
1670090544.125970; 20474; 11
1670090544.150970; 20499; 11
1670090544.175970; 20524; 11
1670090544.200966; 20549; 11
1670090544.225966; 20574; 11
1670090544.250970; 20599; 11
1670090544.275970; 20624; 11
1670090544.300970; 20649; 11
1670090544.325970; 20674; 11
1670090544.350970; 20699; 11
1670090544.375970; 20724; 11
1670090544.400970; 20749; 11
1670090544.425970; 20774; 11
1670090544.450970; 20799; 11
1670090544.475970; 20824; 11
1670090544.500970; 20849; 11
1670090544.525970; 20874; 11
1670090544.550966; 20899; 11
1670090544.575970; 20924; 11
1670090544.600966; 20949; 11
1670090544.625970; 20974; 11
1670090544.650970; 20999; 11
1670090544.675970; 21024; 11
1670090544.700966; 21049; 11
1670090544.725970; 21074; 11
1670090544.750970; 21099; 11
1670090544.775970; 21124; 10
1670090544.800970; 21149; 10
1670090544.825970; 21174; 10
1670090544.850966; 21199; 10
1670090544.875970; 21224; 11
1670090544.900970; 21249; 11
1670090544.925970; 21274; 11
1670090544.950970; 21299; 11
1670090544.975970; 21324; 11
1670090545.000970; 21349; 11
1670090545.025967; 21374; 11
1670090545.050979; 21399; 11
1670090545.075972; 21424; 11
1670090545.100971; 21449; 11
1670090545.125970; 21474; 11
1670090545.150970; 21499; 11
1670090545.175970; 21524; 11
1670090545.200966; 21549; 11
1670090545.225966; 21574; 11
1670090545.250970; 21599; 11
1670090545.275970; 21624; 11
1670090545.300970; 21649; 11
1670090545.325970; 21674; 11
1670090545.350979; 21699; 11
1670090545.375970; 21724; 11
1670090545.400970; 21749; 11
1670090545.425970; 21774; 11
1670090545.450970; 21799; 11
1670090545.475970; 21824; 11
1670090545.500970; 21849; 11
1670090545.525970; 21874; 11
1670090545.550970; 21899; 11
1670090545.575970; 21924; 10
1670090546.600984; 21949; 0
1670090546.602295; 22950; 10
1670090546.626966; 22975; 10
1670090546.651970; 23000; 10
1670090546.676970; 23025; 10
1670090546.701966; 23050; 10
1670090546.726970; 23075; 10
1670090546.751970; 23100; 10
1670090546.776970; 23125; 10
1670090546.801970; 23150; 10
1670090546.826970; 23175; 10
1670090546.851970; 23200; 10
1670090546.876970; 23225; 10
1670090546.901966; 23250; 10
1670090546.926970; 23275; 10
1670090546.951970; 23300; 10
1670090546.976970; 23325; 10
1670090547.001970; 23350; 10
1670090547.026967; 23375; 10
1670090547.051967; 23400; 10
1670090547.076967; 23425; 10
1670090547.101967; 23450; 10
1670090547.126970; 23475; 10
1670090547.151966; 23500; 10
1670090547.176970; 23525; 10
1670090547.201966; 23550; 10
1670090547.226966; 23575; 9
1670090547.251966; 23600; 9
1670090547.276966; 23625; 9
1670090547.301966; 23650; 9
1670090547.326966; 23675; 9
1670090547.351966; 23700; 9
1670090547.376966; 23725; 9
1670090547.401966; 23750; 9
1670090547.426966; 23775; 9
1670090547.451966; 23800; 9
1670090547.476966; 23825; 9
1670090547.501966; 23850; 9
1670090547.526966; 23875; 9
1670090547.551966; 23900; 9
1670090547.576966; 23925; 9
1670090547.601966; 23950; 9
1670090547.626970; 23975; 11
1670090547.651970; 24000; 11
1670090547.676970; 24025; 11
1670090547.701966; 24050; 11
1670090547.726970; 24075; 12
1670090547.751970; 24100; 12
1670090547.776970; 24125; 12
1670090547.801970; 24150; 12
1670090547.826970; 24175; 12
1670090547.851970; 24200; 12
1670090547.876970; 24225; 12
1670090547.901970; 24250; 12
1670090547.926970; 24275; 12
1670090547.951970; 24300; 12
1670090547.976970; 24325; 12
1670090548.001970; 24350; 12
1670090548.026971; 24375; 13
1670090548.051971; 24400; 13
1670090548.076971; 24425; 13
1670090548.101971; 24450; 13
1670090548.126970; 24475; 13
1670090548.151970; 24500; 13
1670090548.176970; 24525; 13
1670090548.201966; 24550; 13
1670090548.226970; 24575; 12
1670090548.251970; 24600; 12
1670090548.276970; 24625; 12
1670090548.301969; 24650; 12
1670090548.326970; 24675; 12
1670090548.351970; 24700; 14
1670090548.376970; 24725; 14
1670090548.401970; 24750; 14
1670090548.426970; 24775; 14
1670090548.451970; 24800; 14
1670090548.476970; 24825; 14
1670090548.501970; 24850; 14
1670090548.526970; 24875; 14
1670090548.551970; 24900; 14
1670090548.576972; 24925; 14
1670090548.601966; 24950; 14
1670090548.626966; 24975; 14
1670090548.651970; 25000; 15
1670090548.676970; 25025; 15
1670090548.701966; 25050; 15
1670090548.726970; 25075; 15
1670090548.751970; 25100; 16
1670090548.776970; 25125; 16
1670090548.801970; 25150; 16
1670090548.826970; 25175; 16
1670090548.851966; 25200; 16
1670090548.876970; 25225; 16
1670090548.901970; 25250; 16
1670090548.926970; 25275; 16
1670090548.951970; 25300; 17
1670090548.976970; 25325; 17
1670090549.001970; 25350; 17
1670090549.026967; 25375; 17
1670090549.051967; 25400; 17
1670090549.076967; 25425; 17
1670090549.101971; 25450; 17
1670090549.126970; 25475; 17
1670090549.151970; 25500; 16
1670090549.176970; 25525; 16
1670090549.201970; 25550; 16
1670090549.226970; 25575; 16
1670090549.251966; 25600; 17
1670090549.276966; 25625; 17
1670090549.301970; 25650; 17
1670090549.326970; 25675; 17
1670090549.351970; 25700; 18
1670090549.376970; 25725; 18
1670090549.401970; 25750; 18
1670090549.426970; 25775; 18
1670090549.451978; 25800; 18
1670090549.476967; 25825; 20
1670090549.501970; 25850; 20
1670090549.526970; 25875; 20
1670090549.551970; 25900; 20
1670090549.576970; 25925; 20
1670090549.601986; 25950; 20
1670090549.626970; 25975; 20
1670090549.651991; 26000; 20
1670090549.676966; 26025; 22
1670090549.701966; 26050; 22
1670090549.726970; 26075; 22
1670090549.751970; 26100; 22
1670090549.776970; 26125; 26
1670090549.801970; 26150; 26
1670090549.826970; 26175; 26
1670090549.851970; 26200; 26
1670090549.876970; 26225; 24
1670090549.901970; 26250; 24
1670090549.926970; 26275; 24
1670090549.951970; 26300; 24
1670090549.976970; 26325; 23
1670090550.001970; 26350; 23
1670090550.026967; 26375; 23
1670090550.051967; 26400; 23
1670090550.076971; 26425; 23
1670090550.101971; 26450; 23
1670090550.126966; 26475; 23
1670090550.151970; 26500; 23
1670090550.176970; 26525; 24
1670090550.201966; 26550; 24
1670090550.226970; 26575; 24
1670090550.251970; 26600; 24
1670090550.276970; 26625; 24
1670090550.301970; 26650; 24
1670090550.326970; 26675; 24
1670090550.351970; 26700; 24
1670090550.376970; 26725; 24
1670090550.401970; 26750; 24
1670090550.426970; 26775; 24
1670090550.451970; 26800; 24
1670090550.476987; 26825; 24
1670090550.501970; 26850; 24
1670090550.526970; 26875; 24
1670090550.551970; 26900; 24
1670090550.576970; 26925; 24
1670090550.601970; 26950; 24
1670090550.626970; 26975; 24
1670090550.651970; 27000; 24
1670090550.676979; 27025; 24
1670090550.701966; 27050; 25
1670090550.726970; 27075; 25
1670090550.751970; 27100; 25
1670090550.776970; 27125; 25
1670090550.801970; 27150; 24
1670090550.826970; 27175; 24
1670090550.851970; 27200; 24
1670090550.876970; 27225; 24
1670090550.901966; 27250; 24
1670090550.926970; 27275; 24
1670090550.951966; 27300; 24
1670090550.976970; 27325; 24
1670090551.001970; 27350; 24
1670090551.026967; 27375; 24
1670090551.051967; 27400; 24
1670090551.076967; 27425; 24
1670090551.101971; 27450; 27
1670090551.126970; 27475; 27
1670090551.151970; 27500; 27
1670090551.176970; 27525; 27
1670090551.201966; 27550; 27
1670090551.226966; 27575; 27
1670090551.251970; 27600; 27
1670090551.276970; 27625; 27
1670090551.301966; 27650; 28
1670090551.326970; 27675; 28
1670090551.351970; 27700; 28
1670090551.376970; 27725; 28
1670090551.401970; 27750; 32
1670090551.426970; 27775; 32
1670090551.451970; 27800; 32
1670090551.476970; 27825; 32
1670090551.501969; 27850; 34
1670090551.526970; 27875; 34
1670090551.551970; 27900; 34
1670090551.576970; 27925; 34
1670090551.601970; 27950; 34
1670090551.626970; 27975; 34
1670090551.651970; 28000; 34
1670090551.676970; 28025; 34
1670090551.701966; 28050; 30
1670090551.726970; 28075; 30
1670090551.751977; 28100; 30
1670090551.776970; 28125; 30
1670090551.801970; 28150; 30
1670090551.826970; 28175; 34
1670090551.851970; 28200; 34
1670090551.876970; 28225; 34
1670090551.901970; 28250; 34
1670090551.926966; 28275; 32
1670090551.951970; 28300; 32
1670090551.976970; 28325; 32
1670090552.001970; 28350; 32
1670090552.026967; 28375; 26
1670090552.051967; 28400; 26
1670090552.076967; 28425; 26
1670090552.101967; 28450; 26
1670090552.126966; 28475; 15
1670090552.151970; 28500; 15
1670090552.176970; 28525; 15
1670090552.201966; 28550; 15
1670090552.226970; 28575; 14
1670090552.251970; 28600; 14
1670090552.276970; 28625; 14
1670090552.301970; 28650; 14
1670090552.326966; 28675; 14
1670090552.351966; 28700; 14
1670090552.376970; 28725; 14
1670090552.401970; 28750; 14
1670090552.426970; 28775; 14
1670090552.451970; 28800; 14
1670090552.476970; 28825; 14
1670090552.501970; 28850; 14
1670090552.526974; 28875; 14
1670090552.551966; 28900; 14
1670090552.576970; 28925; 14
1670090552.601970; 28950; 14
1670090552.626970; 28975; 15
1670090552.651970; 29000; 15
1670090552.676970; 29025; 15
1670090552.701966; 29050; 15
1670090552.726969; 29075; 15
1670090552.751970; 29100; 15
1670090552.776970; 29125; 15
1670090552.801970; 29150; 15
1670090552.826970; 29175; 15
1670090552.851970; 29200; 15
1670090552.876974; 29225; 15
1670090552.901971; 29250; 15
1670090552.926970; 29275; 15
1670090552.951970; 29300; 15
1670090552.976970; 29325; 15
1670090553.001970; 29350; 15
1670090553.026967; 29375; 15
1670090553.051967; 29400; 14
1670090553.076967; 29425; 14
1670090553.101967; 29450; 14
1670090553.126970; 29475; 14
1670090553.151970; 29500; 15
1670090553.176970; 29525; 15
1670090553.201970; 29550; 15
1670090553.226970; 29575; 15
1670090553.251970; 29600; 15
1670090553.276970; 29625; 15
1670090553.301970; 29650; 15
1670090553.326970; 29675; 15
1670090553.351970; 29700; 14
1670090553.376970; 29725; 14
1670090553.401970; 29750; 14
1670090553.426970; 29775; 14
1670090553.451970; 29800; 14
1670090553.476970; 29825; 14
1670090553.501970; 29850; 14
1670090553.526970; 29875; 14
1670090553.551970; 29900; 15
1670090553.576970; 29925; 15
1670090553.601970; 29950; 15
1670090553.626970; 29975; 15
1670090553.651970; 30000; 14
1670090553.676970; 30025; 14
1670090553.701966; 30050; 14
1670090553.726970; 30075; 14
1670090553.751970; 30100; 14
1670090553.776966; 30125; 14
1670090553.801970; 30150; 14
1670090553.826970; 30175; 14
1670090553.851970; 30200; 14
1670090553.876970; 30225; 14
1670090553.901970; 30250; 14
1670090553.926970; 30275; 14
1670090553.951970; 30300; 14
1670090553.976970; 30325; 14
1670090554.001970; 30350; 14
1670090554.026967; 30375; 14
1670090554.051967; 30400; 15
1670090554.076967; 30425; 15
1670090554.101967; 30450; 15
1670090554.126970; 30475; 15
1670090554.151970; 30500; 15
1670090554.176970; 30525; 15
1670090554.201966; 30550; 15
1670090554.226966; 30575; 15
1670090554.251970; 30600; 15
1670090554.276970; 30625; 14
1670090554.301970; 30650; 14
1670090554.326970; 30675; 14
1670090554.351970; 30700; 14
1670090554.376970; 30725; 14
1670090554.401970; 30750; 14
1670090554.426970; 30775; 14
1670090554.451970; 30800; 14
1670090554.476970; 30825; 14
1670090554.501970; 30850; 14
1670090554.526970; 30875; 14
1670090554.551970; 30900; 14
1670090554.576970; 30925; 15
1670090554.601970; 30950; 15
1670090554.626970; 30975; 15
1670090554.651970; 31000; 15
1670090554.676970; 31025; 14
1670090554.701966; 31050; 14
1670090554.726970; 31075; 14
1670090554.751970; 31100; 14
1670090554.776982; 31125; 14
1670090554.801970; 31150; 14
1670090554.826970; 31175; 14
1670090554.851970; 31200; 14
1670090554.876970; 31225; 14
1670090554.901970; 31250; 14
1670090554.926970; 31275; 14
1670090554.951970; 31300; 14
1670090554.976992; 31325; 15
1670090555.001966; 31350; 15
1670090555.026971; 31375; 15
1670090555.051971; 31400; 15
1670090555.076971; 31425; 15
1670090555.101971; 31450; 15
1670090555.126970; 31475; 15
1670090555.151970; 31500; 15
1670090555.176970; 31525; 14
1670090555.201970; 31550; 14
1670090555.226970; 31575; 14
1670090555.251970; 31600; 14
1670090555.276970; 31625; 14
1670090555.301970; 31650; 14
1670090555.326970; 31675; 14
1670090555.351970; 31700; 14
1670090555.376970; 31725; 14
1670090555.401966; 31750; 14
1670090555.426970; 31775; 14
1670090555.451970; 31800; 14
1670090555.476970; 31825; 14
1670090555.501970; 31850; 15
1670090555.526970; 31875; 15
1670090555.551970; 31900; 15
1670090555.576970; 31925; 15
1670090555.601966; 31950; 15
1670090555.626966; 31975; 15
1670090555.651970; 32000; 15
1670090555.676970; 32025; 15
1670090555.701966; 32050; 14
1670090555.726970; 32075; 14
1670090555.751970; 32100; 14
1670090555.776970; 32125; 14
1670090555.801992; 32150; 14
1670090555.826966; 32175; 14
1670090555.851970; 32200; 14
1670090555.876970; 32225; 14
1670090555.901970; 32250; 14
1670090555.926970; 32275; 14
1670090555.951970; 32300; 14
1670090555.976970; 32325; 14
1670090556.001975; 32350; 15
1670090556.026971; 32375; 15
1670090556.051971; 32400; 15
1670090556.076971; 32425; 15
1670090556.101971; 32450; 14
1670090556.126970; 32475; 14
1670090556.151970; 32500; 14
1670090556.176970; 32525; 14
1670090556.201966; 32550; 14
1670090556.226966; 32575; 14
1670090556.251970; 32600; 14
1670090556.276974; 32625; 14
1670090556.301971; 32650; 14
1670090556.326970; 32675; 14
1670090556.351970; 32700; 14
1670090556.376970; 32725; 14
1670090556.401970; 32750; 14
1670090556.426970; 32775; 14
1670090556.451970; 32800; 14
1670090556.476970; 32825; 14
1670090556.501970; 32850; 14
1670090556.526970; 32875; 15
1670090556.551970; 32900; 15
1670090556.576970; 32925; 15
1670090556.601970; 32950; 15
1670090556.626966; 32975; 14
1670090556.651970; 33000; 14
1670090556.676970; 33025; 14
1670090556.701966; 33050; 14
1670090556.726970; 33075; 14
1670090556.751970; 33100; 14
1670090556.776970; 33125; 14
1670090556.801970; 33150; 14
1670090556.826970; 33175; 14
1670090556.851970; 33200; 14
1670090556.876970; 33225; 14
1670090556.901970; 33250; 14
1670090556.926970; 33275; 15
1670090556.951970; 33300; 15
1670090556.976970; 33325; 15
1670090557.001970; 33350; 15
1670090557.026967; 33375; 15
1670090557.051967; 33400; 15
1670090557.076967; 33425; 15
1670090557.101967; 33450; 15
1670090557.126970; 33475; 14
1670090557.151970; 33500; 14
1670090557.176970; 33525; 14
1670090557.201966; 33550; 14
1670090557.226970; 33575; 14
1670090557.251970; 33600; 14
1670090557.276970; 33625; 14
1670090557.301970; 33650; 14
1670090557.326970; 33675; 14
1670090557.351970; 33700; 14
1670090557.376970; 33725; 14
1670090557.401970; 33750; 14
1670090557.426970; 33775; 15
1670090557.451966; 33800; 15
1670090557.476970; 33825; 15
1670090557.501970; 33850; 15
1670090557.526970; 33875; 14
1670090557.551970; 33900; 14
1670090557.576970; 33925; 14
1670090557.601970; 33950; 14
1670090557.626970; 33975; 14
1670090557.651970; 34000; 14
1670090557.676970; 34025; 14
1670090557.701966; 34050; 14
1670090557.726970; 34075; 14
1670090557.751970; 34100; 14
1670090557.776970; 34125; 14
1670090557.801970; 34150; 14
1670090557.826970; 34175; 14
1670090557.851969; 34200; 14
1670090557.876970; 34225; 14
1670090557.901970; 34250; 14
1670090557.926970; 34275; 14
1670090557.951970; 34300; 14
1670090557.976970; 34325; 14
1670090558.001970; 34350; 14
1670090558.026967; 34375; 14
1670090558.051971; 34400; 14
1670090558.076971; 34425; 14
1670090558.101970; 34450; 14
1670090558.126970; 34475; 14
1670090558.151970; 34500; 14
1670090558.176970; 34525; 14
1670090558.201966; 34550; 14
1670090558.226966; 34575; 14
1670090558.251970; 34600; 14
1670090558.276966; 34625; 14
1670090558.301966; 34650; 14
1670090558.326970; 34675; 14
1670090558.351970; 34700; 14
1670090558.376970; 34725; 14
1670090558.401970; 34750; 14
1670090558.426970; 34775; 14
1670090558.451970; 34800; 14
1670090558.476970; 34825; 14
1670090558.501970; 34850; 14
1670090558.526970; 34875; 14
1670090558.551970; 34900; 14
1670090558.576970; 34925; 14
1670090558.601970; 34950; 14
1670090558.626970; 34975; 14
1670090558.651970; 35000; 14
1670090558.676970; 35025; 14
1670090558.701966; 35050; 14
1670090558.726970; 35075; 14
1670090558.751970; 35100; 14
1670090558.776970; 35125; 14
1670090558.801970; 35150; 14
1670090558.826970; 35175; 14
1670090558.851970; 35200; 14
1670090558.876970; 35225; 14
1670090558.901970; 35250; 14
1670090558.926970; 35275; 14
1670090558.951970; 35300; 14
1670090558.976970; 35325; 14
1670090559.001970; 35350; 14
1670090559.026967; 35375; 14
1670090559.051967; 35400; 14
1670090559.076967; 35425; 14
1670090559.101967; 35450; 14
1670090559.126970; 35475; 14
1670090559.151970; 35500; 14
1670090559.176970; 35525; 14
1670090559.201966; 35550; 14
1670090559.226966; 35575; 14
1670090559.251970; 35600; 14
1670090559.276970; 35625; 14
1670090559.301970; 35650; 14
1670090559.326970; 35675; 14
1670090559.351966; 35700; 14
1670090559.376970; 35725; 14
1670090559.401970; 35750; 14
1670090559.426970; 35775; 14
1670090559.451970; 35800; 14
1670090559.476970; 35825; 14
1670090559.501966; 35850; 14
1670090559.526966; 35875; 14
1670090559.551970; 35900; 14
1670090559.576970; 35925; 14
1670090559.601970; 35950; 14
1670090559.626970; 35975; 14
1670090559.651970; 36000; 14
1670090559.676970; 36025; 14
1670090559.701978; 36050; 14
1670090559.726967; 36075; 14
1670090559.751966; 36100; 14
1670090559.776970; 36125; 14
1670090559.801970; 36150; 14
1670090559.826970; 36175; 14
1670090559.851970; 36200; 14
1670090559.876970; 36225; 14
1670090559.901966; 36250; 14
1670090559.926970; 36275; 14
1670090559.951970; 36300; 14
1670090559.976970; 36325; 14
1670090560.001970; 36350; 14
1670090560.026967; 36375; 14
1670090560.051967; 36400; 14
1670090560.076967; 36425; 14
1670090560.101971; 36450; 14
1670090560.126966; 36475; 14
1670090560.151970; 36500; 14
1670090560.176970; 36525; 14
1670090560.201966; 36550; 14
1670090560.226966; 36575; 14
1670090560.251970; 36600; 14
1670090560.276970; 36625; 14
1670090560.301980; 36650; 14
1670090560.326970; 36675; 14
1670090560.351970; 36700; 14
1670090560.376970; 36725; 14
1670090560.401970; 36750; 14
1670090560.426970; 36775; 14
1670090560.451970; 36800; 14
1670090560.476970; 36825; 14
1670090560.501970; 36850; 14
1670090560.526970; 36875; 14
1670090560.551970; 36900; 14
1670090560.576970; 36925; 14
1670090560.601970; 36950; 14
1670090560.626970; 36975; 14
1670090560.651970; 37000; 14
1670090560.676970; 37025; 14
1670090560.701966; 37050; 14
1670090560.726966; 37075; 14
1670090560.751970; 37100; 14
1670090560.776970; 37125; 14
1670090560.801970; 37150; 14
1670090560.826970; 37175; 14
1670090560.851970; 37200; 14
1670090560.876970; 37225; 14
1670090560.901970; 37250; 14
1670090560.926966; 37275; 14
1670090560.951970; 37300; 14
1670090560.976970; 37325; 14
1670090561.001970; 37350; 14
1670090561.026967; 37375; 14
1670090561.051967; 37400; 14
1670090561.076967; 37425; 14
1670090561.101967; 37450; 14
1670090561.126985; 37475; 14
1670090561.151966; 37500; 14
1670090561.176970; 37525; 14
1670090561.201966; 37550; 14
1670090561.226966; 37575; 14
1670090561.251970; 37600; 14
1670090561.276970; 37625; 14
1670090561.301970; 37650; 14
1670090561.326984; 37675; 14
1670090561.351966; 37700; 14
1670090561.376970; 37725; 14
1670090561.401966; 37750; 14
1670090561.426966; 37775; 14
1670090561.451970; 37800; 14
1670090561.476970; 37825; 14
1670090561.501970; 37850; 14
1670090561.526970; 37875; 14
1670090561.551966; 37900; 14
1670090561.576970; 37925; 14
1670090561.601970; 37950; 14
1670090561.626970; 37975; 14
1670090561.651970; 38000; 14
1670090561.676970; 38025; 14
1670090561.701966; 38050; 14
1670090561.726970; 38075; 14
1670090561.751970; 38100; 14
1670090561.776970; 38125; 14
1670090561.801970; 38150; 14
1670090561.826970; 38175; 14
1670090561.851970; 38200; 14
1670090561.876970; 38225; 14
1670090561.901970; 38250; 14
1670090561.926970; 38275; 14
1670090561.951966; 38300; 14
1670090561.976970; 38325; 14
1670090562.001970; 38350; 14
1670090562.026967; 38375; 14
1670090562.051967; 38400; 14
1670090562.076967; 38425; 14
1670090562.101967; 38450; 14
1670090562.126970; 38475; 14
1670090562.151965; 38500; 14
1670090562.176966; 38525; 14
1670090562.201970; 38550; 14
1670090562.226970; 38575; 14
1670090562.251970; 38600; 14
1670090562.276970; 38625; 14
1670090562.301970; 38650; 14
1670090562.326970; 38675; 14
1670090562.351969; 38700; 14
1670090562.376970; 38725; 14
1670090562.401970; 38750; 14
1670090562.426970; 38775; 14
1670090562.451970; 38800; 14
1670090562.476970; 38825; 14
1670090562.501970; 38850; 14
1670090562.526970; 38875; 14
1670090562.551970; 38900; 14
1670090562.576970; 38925; 14
1670090562.601970; 38950; 14
1670090562.626970; 38975; 14
1670090562.651970; 39000; 14
1670090562.676970; 39025; 14
1670090562.701966; 39050; 14
1670090562.726970; 39075; 14
1670090562.751970; 39100; 14
1670090562.776966; 39125; 14
1670090562.801970; 39150; 14
1670090562.826970; 39175; 14
1670090562.851970; 39200; 14
1670090562.876970; 39225; 14
1670090562.901970; 39250; 14
1670090562.926970; 39275; 14
1670090562.951970; 39300; 14
1670090562.976966; 39325; 14
1670090563.001970; 39350; 14
1670090563.026967; 39375; 14
1670090563.051967; 39400; 14
1670090563.076967; 39425; 14
1670090563.101975; 39450; 14
1670090563.126971; 39475; 14
1670090563.151970; 39500; 14
1670090563.176966; 39525; 14
1670090563.201966; 39550; 14
1670090563.226966; 39575; 14
1670090563.251970; 39600; 14
1670090563.276970; 39625; 14
1670090563.301970; 39650; 14
1670090563.326970; 39675; 14
1670090563.351970; 39700; 14
1670090563.376970; 39725; 14
1670090563.401966; 39750; 14
1670090563.426972; 39775; 14
1670090563.451966; 39800; 14
1670090563.476970; 39825; 14
1670090563.501970; 39850; 14
1670090563.526970; 39875; 14
1670090563.551970; 39900; 14
1670090563.576970; 39925; 14
1670090563.601966; 39950; 14
1670090563.626970; 39975; 14
1670090563.651970; 40000; 14
1670090563.676970; 40025; 14
1670090563.701966; 40050; 14
1670090563.726970; 40075; 14
1670090563.751970; 40100; 14
1670090563.776970; 40125; 14
1670090563.801970; 40150; 14
1670090563.826970; 40175; 14
1670090563.851970; 40200; 14
1670090563.876970; 40225; 14
1670090563.901970; 40250; 14
1670090563.926970; 40275; 14
1670090563.951970; 40300; 14
1670090563.976970; 40325; 14
1670090564.001970; 40350; 14
1670090564.026967; 40375; 14
1670090564.051973; 40400; 14
1670090564.076971; 40425; 14
1670090564.101971; 40450; 14
1670090564.126970; 40475; 14
1670090564.151970; 40500; 14
1670090564.176970; 40525; 15
1670090564.201966; 40550; 15
1670090564.226970; 40575; 15
1670090564.251966; 40600; 15
1670090564.276970; 40625; 14
1670090564.301970; 40650; 14
1670090564.326970; 40675; 14
1670090564.351970; 40700; 14
1670090564.376970; 40725; 14
1670090564.401966; 40750; 14
1670090564.426970; 40775; 14
1670090564.451970; 40800; 14
1670090564.476970; 40825; 14
1670090564.501970; 40850; 14
1670090564.526970; 40875; 14
1670090564.551970; 40900; 14
1670090564.576970; 40925; 14
1670090564.601970; 40950; 14
1670090564.626966; 40975; 14
1670090564.651970; 41000; 14
1670090564.676970; 41025; 14
1670090564.701970; 41050; 14
1670090564.726970; 41075; 14
1670090564.751970; 41100; 14
1670090564.776970; 41125; 14
1670090564.801970; 41150; 14
1670090564.826966; 41175; 14
1670090564.851970; 41200; 14
1670090564.876970; 41225; 14
1670090564.901970; 41250; 14
1670090564.926970; 41275; 14
1670090564.951970; 41300; 14
1670090564.976970; 41325; 14
1670090565.001970; 41350; 14
1670090565.026967; 41375; 14
1670090565.051967; 41400; 14
1670090565.076971; 41425; 14
1670090565.101971; 41450; 15
1670090565.126970; 41475; 15
1670090565.151970; 41500; 15
1670090565.176970; 41525; 15
1670090565.201966; 41550; 14
1670090565.226970; 41575; 14
1670090565.251970; 41600; 14
1670090565.276970; 41625; 14
1670090565.301970; 41650; 14
1670090565.326970; 41675; 14
1670090565.351970; 41700; 14
1670090565.376970; 41725; 14
1670090565.401970; 41750; 14
1670090565.426984; 41775; 14
1670090565.451970; 41800; 14
1670090565.476967; 41825; 14
1670090565.501970; 41850; 14
1670090565.526970; 41875; 14
1670090565.551970; 41900; 14
1670090565.576970; 41925; 14
1670090565.601970; 41950; 15
1670090565.626986; 41975; 15
1670090565.651970; 42000; 15
1670090565.676970; 42025; 15
1670090565.701966; 42050; 14
1670090565.726970; 42075; 14
1670090565.751970; 42100; 14
1670090565.776970; 42125; 14
1670090565.801970; 42150; 14
1670090565.826970; 42175; 14
1670090565.851966; 42200; 14
1670090565.876970; 42225; 14
1670090565.901970; 42250; 14
1670090565.926970; 42275; 14
1670090565.951970; 42300; 14
1670090565.976970; 42325; 14
1670090566.001970; 42350; 14
1670090566.026967; 42375; 15
1670090566.051967; 42400; 15
1670090566.076967; 42425; 15
1670090566.101967; 42450; 15
1670090566.126970; 42475; 15
1670090566.151970; 42500; 15
1670090566.176970; 42525; 15
1670090566.201966; 42550; 15
1670090566.226966; 42575; 14
1670090566.251966; 42600; 14
1670090566.276966; 42625; 14
1670090566.301970; 42650; 14
1670090566.326970; 42675; 14
1670090566.351970; 42700; 14
1670090566.376970; 42725; 14
1670090566.401970; 42750; 14
1670090566.426970; 42775; 14
1670090566.451982; 42800; 14
1670090566.476966; 42825; 14
1670090566.501970; 42850; 14
1670090566.526978; 42875; 15
1670090566.551967; 42900; 15
1670090566.576970; 42925; 15
1670090566.601970; 42950; 15
1670090566.626970; 42975; 15
1670090566.651970; 43000; 15
1670090566.676970; 43025; 15
1670090566.701966; 43050; 15
1670090566.726966; 43075; 14
1670090566.751970; 43100; 14
1670090566.776970; 43125; 14
1670090566.801970; 43150; 14
1670090566.826970; 43175; 14
1670090566.851970; 43200; 14
1670090566.876966; 43225; 14
1670090566.901970; 43250; 14
1670090566.926970; 43275; 14
1670090566.951970; 43300; 14
1670090566.976970; 43325; 14
1670090567.001970; 43350; 14
1670090567.026967; 43375; 14
1670090567.051967; 43400; 15
1670090567.076967; 43425; 15
1670090567.101967; 43450; 15
1670090567.126970; 43475; 15
1670090567.151970; 43500; 15
1670090567.176970; 43525; 15
1670090567.201966; 43550; 15
1670090567.226970; 43575; 15
1670090567.251970; 43600; 14
1670090567.276970; 43625; 14
1670090567.301970; 43650; 14
1670090567.326970; 43675; 14
1670090567.351970; 43700; 14
1670090567.376970; 43725; 14
1670090567.401970; 43750; 14
1670090567.426970; 43775; 14
1670090567.451970; 43800; 15
1670090567.476970; 43825; 15
1670090567.501970; 43850; 15
1670090567.526966; 43875; 15
1670090567.551966; 43900; 15
1670090567.576970; 43925; 15
1670090567.601970; 43950; 15
1670090567.626970; 43975; 15
1670090567.651970; 44000; 15
1670090567.676966; 44025; 15
1670090567.701966; 44050; 15
1670090567.726970; 44075; 15
1670090567.751970; 44100; 14
1670090567.776970; 44125; 14
1670090567.801970; 44150; 14
1670090567.826970; 44175; 14
1670090567.851970; 44200; 15
1670090567.876970; 44225; 15
1670090567.901970; 44250; 15
1670090567.926970; 44275; 15
1670090567.951966; 44300; 15
1670090567.976970; 44325; 15
1670090568.001970; 44350; 15
1670090568.026967; 44375; 15
1670090568.051967; 44400; 15
1670090568.076967; 44425; 15
1670090568.101971; 44450; 15
1670090568.126970; 44475; 15
1670090568.151970; 44500; 15
1670090568.176970; 44525; 14
1670090568.201966; 44550; 14
1670090568.226966; 44575; 14
1670090568.251970; 44600; 14
1670090568.276970; 44625; 14
1670090568.301966; 44650; 14
1670090568.326966; 44675; 14
1670090568.351966; 44700; 14
1670090568.376970; 44725; 15
1670090568.401970; 44750; 15
1670090568.426970; 44775; 15
1670090568.451970; 44800; 15
1670090568.476970; 44825; 15
1670090568.501970; 44850; 15
1670090568.526970; 44875; 15
1670090568.551970; 44900; 15
1670090568.576970; 44925; 15
1670090568.601970; 44950; 15
1670090568.626970; 44975; 15
1670090568.651970; 45000; 15
1670090568.676970; 45025; 14
1670090568.701966; 45050; 14
1670090568.726970; 45075; 14
1670090568.751968; 45100; 14
1670090568.776970; 45125; 14
1670090568.801970; 45150; 14
1670090568.826970; 45175; 14
1670090568.851970; 45200; 14
1670090568.876970; 45225; 15
1670090568.901970; 45250; 15
1670090568.926970; 45275; 15
1670090568.951970; 45300; 15
1670090568.976970; 45325; 15
1670090569.001970; 45350; 15
1670090569.026967; 45375; 15
1670090569.051967; 45400; 15
1670090569.076967; 45425; 15
1670090569.101967; 45450; 15
1670090569.126966; 45475; 15
1670090569.151970; 45500; 15
1670090569.176966; 45525; 14
1670090569.201970; 45550; 14
1670090569.226970; 45575; 14
1670090569.251970; 45600; 14
1670090569.276970; 45625; 14
1670090569.301970; 45650; 15
1670090569.326966; 45675; 15
1670090569.351970; 45700; 15
1670090569.376970; 45725; 15
1670090569.401970; 45750; 15
1670090569.426970; 45775; 15
1670090569.451970; 45800; 15
1670090569.476970; 45825; 15
1670090569.501970; 45850; 15
1670090569.526970; 45875; 15
1670090569.551970; 45900; 15
1670090569.576970; 45925; 15
1670090569.601970; 45950; 15
1670090569.626970; 45975; 15
1670090569.651970; 46000; 15
1670090569.676970; 46025; 15
1670090569.701966; 46050; 15
1670090569.726970; 46075; 15
1670090569.751970; 46100; 15
1670090569.776970; 46125; 15
1670090569.801970; 46150; 15
1670090569.826970; 46175; 15
1670090569.851970; 46200; 15
1670090569.876970; 46225; 15
1670090569.901970; 46250; 15
1670090569.926974; 46275; 15
1670090569.951967; 46300; 15
1670090569.976970; 46325; 15
1670090570.001970; 46350; 15
1670090570.026967; 46375; 15
1670090570.051967; 46400; 15
1670090570.076967; 46425; 15
1670090570.101967; 46450; 15
1670090570.126970; 46475; 15
1670090570.151970; 46500; 15
1670090570.176970; 46525; 15
1670090570.201966; 46550; 15
1670090570.226966; 46575; 15
1670090570.251970; 46600; 15
1670090570.276970; 46625; 15
1670090570.301970; 46650; 15
1670090570.326970; 46675; 15
1670090570.351970; 46700; 15
1670090570.376970; 46725; 15
1670090570.401970; 46750; 15
1670090570.426970; 46775; 15
1670090570.451970; 46800; 15
1670090570.476970; 46825; 15
1670090570.501970; 46850; 15
1670090570.526970; 46875; 16
1670090570.551966; 46900; 16
1670090570.576970; 46925; 16
1670090570.601970; 46950; 16
1670090570.626970; 46975; 24
1670090570.651970; 47000; 24
1670090570.676970; 47025; 24
1670090570.701966; 47050; 24
1670090570.726970; 47075; 49
1670090570.751975; 47100; 49
1670090570.776970; 47125; 49
1670090570.801966; 47150; 49
1670090570.826970; 47175; 104
1670090570.851970; 47200; 104
1670090570.876970; 47225; 104
1670090570.901970; 47250; 104
1670090570.926970; 47275; 192
1670090570.952005; 47300; 192
1670090570.976970; 47325; 192
1670090571.001970; 47350; 192
1670090571.026971; 47375; 381
1670090571.051971; 47400; 381
1670090571.076971; 47425; 381
1670090571.101971; 47450; 381
1670090571.126966; 47475; 2010
1670090571.151970; 47500; 2010
1670090571.176966; 47525; 2010
1670090571.201966; 47550; 2010
1670090571.226970; 47575; 2297
1670090571.251966; 47600; 2297
1670090571.276970; 47625; 2297
1670090571.301966; 47650; 2297
1670090571.326970; 47675; 3180
1670090571.351966; 47700; 3180
1670090571.376966; 47725; 3180
1670090571.401970; 47750; 3180
1670090571.426966; 47775; 2766
1670090571.451970; 47800; 2766
1670090571.476966; 47825; 2766
1670090571.501970; 47850; 2766
1670090571.526966; 47875; 1922
1670090571.551970; 47900; 1922
1670090571.576970; 47925; 1922
1670090571.601966; 47950; 1922
1670090571.626970; 47975; 1922
1670090571.651966; 48000; 1747
1670090571.676970; 48025; 1747
1670090571.701970; 48050; 1747
1670090571.726966; 48075; 1747
1670090571.751970; 48100; 1625
1670090571.776994; 48125; 1625
1670090571.801970; 48150; 1625
1670090571.826966; 48175; 1625
1670090571.851970; 48200; 1458
1670090571.876966; 48225; 1458
1670090571.901970; 48250; 1458
1670090571.926966; 48275; 1458
1670090571.951970; 48300; 1424
1670090571.976969; 48325; 1424
1670090572.001970; 48350; 1424
1670090572.026981; 48375; 1424
1670090572.051971; 48400; 1436
1670090572.076971; 48425; 1436
1670090572.101971; 48450; 1436
1670090572.126966; 48475; 1436
1670090572.151970; 48500; 1432
1670090572.176966; 48525; 1432
1670090572.201966; 48550; 1432
1670090572.226970; 48575; 1432
1670090572.251966; 48600; 1426
1670090572.276970; 48625; 1426
1670090572.301966; 48650; 1426
1670090572.326970; 48675; 1426
1670090572.351966; 48700; 1495
1670090572.376970; 48725; 1495
1670090572.401970; 48750; 1495
1670090572.426966; 48775; 1495
1670090572.451970; 48800; 1484
1670090572.476966; 48825; 1484
1670090572.501970; 48850; 1484
1670090572.526966; 48875; 1484
1670090572.551970; 48900; 1459
1670090572.576966; 48925; 1459
1670090572.601970; 48950; 1459
1670090572.626966; 48975; 1459
1670090572.651970; 49000; 1444
1670090572.676966; 49025; 1444
1670090572.701966; 49050; 1444
1670090572.726970; 49075; 1444
1670090572.751966; 49100; 1444
1670090572.776970; 49125; 1471
1670090572.801971; 49150; 1471
1670090572.826966; 49175; 1471
1670090572.851966; 49200; 1471
1670090572.876970; 49225; 1468
1670090572.901966; 49250; 1468
1670090572.926970; 49275; 1468
1670090572.951966; 49300; 1468
1670090572.976970; 49325; 1463
1670090573.001966; 49350; 1463
1670090573.026971; 49375; 1463
1670090573.051971; 49400; 1463
1670090573.076971; 49425; 1466
1670090573.101971; 49450; 1466
1670090573.126966; 49475; 1466
1670090573.151970; 49500; 1466
1670090573.176966; 49525; 1489
1670090573.201978; 49550; 1489
1670090573.226967; 49575; 1489
1670090573.251970; 49600; 1489
1670090573.276966; 49625; 1424
1670090573.301970; 49650; 1424
1670090573.326966; 49675; 1424
1670090573.351970; 49700; 1424
1670090573.376966; 49725; 1399
1670090573.401970; 49750; 1399
1670090573.426970; 49775; 1399
1670090573.451966; 49800; 1399
1670090573.476970; 49825; 1352
1670090573.501966; 49850; 1352
1670090573.526970; 49875; 1352
1670090573.551966; 49900; 1352
1670090573.576970; 49925; 1057
1670090573.601966; 49950; 1057
1670090573.626966; 49975; 1057
1670090573.651970; 50000; 1057
1670090573.676970; 50025; 110
1670090573.701966; 50050; 110
1670090573.726970; 50075; 110
1670090573.751970; 50100; 110
1670090573.776970; 50125; 48
1670090573.801970; 50150; 48
1670090573.826970; 50175; 48
1670090573.851970; 50200; 48
1670090573.876970; 50225; 21
1670090573.901970; 50250; 21
1670090573.926970; 50275; 21
1670090573.951970; 50300; 21
1670090573.976970; 50325; 21
1670090574.001970; 50350; 15
1670090574.026971; 50375; 15
1670090574.051967; 50400; 15
1670090574.076967; 50425; 15
1670090574.101967; 50450; 15
1670090574.126970; 50475; 15
1670090574.151970; 50500; 15
1670090574.176970; 50525; 15
1670090574.201966; 50550; 15
1670090574.226966; 50575; 15
1670090574.251970; 50600; 15
1670090574.276970; 50625; 15
1670090574.301970; 50650; 15
1670090574.326970; 50675; 15
1670090574.351970; 50700; 15
1670090574.376970; 50725; 15
1670090574.401970; 50750; 15
1670090574.426970; 50775; 15
1670090574.451966; 50800; 15
1670090574.476966; 50825; 15
1670090574.501970; 50850; 15
1670090574.526970; 50875; 15
1670090574.551970; 50900; 15
1670090574.576970; 50925; 15
1670090574.601970; 50950; 15
1670090574.626970; 50975; 15
1670090574.651970; 51000; 15
1670090574.676970; 51025; 15
1670090574.701966; 51050; 15
1670090574.726970; 51075; 15
1670090574.751970; 51100; 15
1670090574.776970; 51125; 15
1670090574.801970; 51150; 15
1670090574.826970; 51175; 15
1670090574.851966; 51200; 15
1670090574.876970; 51225; 15
1670090574.901970; 51250; 15
1670090574.926970; 51275; 15
1670090574.951970; 51300; 15
1670090574.976970; 51325; 15
1670090575.001970; 51350; 15
1670090575.026967; 51375; 15
1670090575.051971; 51400; 15
1670090575.076967; 51425; 15
1670090575.101967; 51450; 15
1670090575.126970; 51475; 15
1670090575.151970; 51500; 15
1670090575.176970; 51525; 15
1670090575.201966; 51550; 15
1670090575.226966; 51575; 15
1670090575.251970; 51600; 15
1670090575.276966; 51625; 15
1670090575.301970; 51650; 15
1670090575.326966; 51675; 15
1670090575.351970; 51700; 15
1670090575.376970; 51725; 15
1670090575.401970; 51750; 15
1670090575.426970; 51775; 15
1670090575.451970; 51800; 15
1670090575.476970; 51825; 15
1670090575.501970; 51850; 15
1670090575.526970; 51875; 15
1670090575.551970; 51900; 15
1670090575.576970; 51925; 15
1670090575.601970; 51950; 15
1670090575.626970; 51975; 15
1670090575.651970; 52000; 15
1670090575.676966; 52025; 15
1670090575.701970; 52050; 15
1670090575.726966; 52075; 15
1670090575.751970; 52100; 15
1670090575.776970; 52125; 15
1670090575.801970; 52150; 15
1670090575.826970; 52175; 15
1670090575.851970; 52200; 15
1670090575.876970; 52225; 15
1670090575.901970; 52250; 15
1670090575.926970; 52275; 15
1670090575.951970; 52300; 15
1670090575.976970; 52325; 15
1670090576.001970; 52350; 15
1670090576.026967; 52375; 15
1670090576.051967; 52400; 15
1670090576.076990; 52425; 15
1670090576.101971; 52450; 15
1670090576.126970; 52475; 15
1670090576.151970; 52500; 15
1670090576.176970; 52525; 15
1670090576.201966; 52550; 15
1670090576.226970; 52575; 15
1670090576.251970; 52600; 15
1670090576.277003; 52625; 15
1670090576.301966; 52650; 15
1670090576.326970; 52675; 15
1670090576.351970; 52700; 15
1670090576.376970; 52725; 15
1670090576.401970; 52750; 15
1670090576.426970; 52775; 15
1670090576.451970; 52800; 15
1670090576.476970; 52825; 15
1670090576.501970; 52850; 15
1670090576.526970; 52875; 15
1670090576.551966; 52900; 15
1670090576.576974; 52925; 15
1670090576.601971; 52950; 15
1670090576.626970; 52975; 15
1670090576.651970; 53000; 15
1670090576.676970; 53025; 15
1670090576.701966; 53050; 15
1670090576.726970; 53075; 15
1670090576.751970; 53100; 15
1670090576.776970; 53125; 15
1670090576.801970; 53150; 15
1670090576.826970; 53175; 15
1670090576.851970; 53200; 16
1670090576.876970; 53225; 16
1670090576.901970; 53250; 16
1670090576.926970; 53275; 16
1670090576.951966; 53300; 16
1670090576.976966; 53325; 16
1670090577.001970; 53350; 16
1670090577.026967; 53375; 16
1670090577.051967; 53400; 16
1670090577.076967; 53425; 16
1670090577.101987; 53450; 16
1670090577.126970; 53475; 16
1670090577.151970; 53500; 16
1670090577.176970; 53525; 16
1670090577.201966; 53550; 16
1670090577.226970; 53575; 16
1670090577.251970; 53600; 16
1670090577.276970; 53625; 16
1670090577.301964; 53650; 16
1670090577.326970; 53675; 16
1670090577.351990; 53700; 16
1670090577.376966; 53725; 16
1670090577.401970; 53750; 16
1670090577.426970; 53775; 16
1670090577.451970; 53800; 16
1670090577.476970; 53825; 16
1670090577.501970; 53850; 16
1670090577.526970; 53875; 16
1670090577.551970; 53900; 16
1670090577.576970; 53925; 16
1670090577.601970; 53950; 16
1670090577.626970; 53975; 16
1670090577.651970; 54000; 16
1670090577.676970; 54025; 16
1670090577.701966; 54050; 16
1670090577.726970; 54075; 16
1670090577.751970; 54100; 16
1670090577.776970; 54125; 16
1670090577.801970; 54150; 16
1670090577.826970; 54175; 16
1670090577.851970; 54200; 16
1670090577.876970; 54225; 16
1670090577.901970; 54250; 16
1670090577.926970; 54275; 16
1670090577.951970; 54300; 16
1670090577.976970; 54325; 16
1670090578.001970; 54350; 16
1670090578.026967; 54375; 16
1670090578.051967; 54400; 16
1670090578.076967; 54425; 16
1670090578.101967; 54450; 16
1670090578.126965; 54475; 16
1670090578.151966; 54500; 16
1670090578.176966; 54525; 16
1670090578.201966; 54550; 16
1670090578.226970; 54575; 16
1670090578.251970; 54600; 16
1670090578.276970; 54625; 16
1670090578.301970; 54650; 16
1670090578.326970; 54675; 16
1670090578.351970; 54700; 16
1670090578.376970; 54725; 17
1670090578.401970; 54750; 17
1670090578.426970; 54775; 17
1670090578.451970; 54800; 17
1670090578.476970; 54825; 17
1670090578.501970; 54850; 17
1670090578.526970; 54875; 17
1670090578.551966; 54900; 17
1670090578.576970; 54925; 17
1670090578.601970; 54950; 17
1670090578.626970; 54975; 17
1670090578.651970; 55000; 17
1670090578.676970; 55025; 17
1670090578.701966; 55050; 17
1670090578.726970; 55075; 17
1670090578.751970; 55100; 17
1670090578.776970; 55125; 17
1670090578.801970; 55150; 18
1670090578.826970; 55175; 18
1670090578.851970; 55200; 18
1670090578.876970; 55225; 18
1670090578.901970; 55250; 18
1670090578.926970; 55275; 18
1670090578.951966; 55300; 18
1670090578.976970; 55325; 18
1670090579.001966; 55350; 18
1670090579.026971; 55375; 18
1670090579.051971; 55400; 18
1670090579.076971; 55425; 18
1670090579.101971; 55450; 18
1670090579.126970; 55475; 18
1670090579.151970; 55500; 18
1670090579.176970; 55525; 18
1670090579.201966; 55550; 18
1670090579.226970; 55575; 18
1670090579.251970; 55600; 18
1670090579.276970; 55625; 18
1670090579.301970; 55650; 18
1670090579.326970; 55675; 18
1670090579.351970; 55700; 18
1670090579.376970; 55725; 18
1670090579.401969; 55750; 18
1670090579.426970; 55775; 18
1670090579.451970; 55800; 18
1670090579.476970; 55825; 18
1670090579.501970; 55850; 19
1670090579.526970; 55875; 19
1670090579.551970; 55900; 19
1670090579.576970; 55925; 19
1670090579.601970; 55950; 20
1670090579.626970; 55975; 20
1670090579.651970; 56000; 20
1670090579.676970; 56025; 20
1670090579.701966; 56050; 22
1670090579.726970; 56075; 22
1670090579.751970; 56100; 22
1670090579.776966; 56125; 22
1670090579.801970; 56150; 22
1670090579.826966; 56175; 22
1670090579.851970; 56200; 22
1670090579.876970; 56225; 22
1670090579.901970; 56250; 22
1670090579.926970; 56275; 22
1670090579.951970; 56300; 22
1670090579.976970; 56325; 22
1670090580.001978; 56350; 22
1670090580.026972; 56375; 22
1670090580.051971; 56400; 22
1670090580.076971; 56425; 22
1670090580.101971; 56450; 22
1670090580.126970; 56475; 22
1670090580.151970; 56500; 22
1670090580.176970; 56525; 22
1670090580.201966; 56550; 22
1670090580.226970; 56575; 22
1670090580.251970; 56600; 22
1670090580.276970; 56625; 22
1670090580.301970; 56650; 22
1670090580.326970; 56675; 23
1670090580.351970; 56700; 23
1670090580.376966; 56725; 23
1670090580.401966; 56750; 23
1670090580.426966; 56775; 24
1670090580.451970; 56800; 24
1670090580.476970; 56825; 24
1670090580.501970; 56850; 24
1670090580.526970; 56875; 24
1670090580.551970; 56900; 24
1670090580.576970; 56925; 24
1670090580.601970; 56950; 24
1670090580.626970; 56975; 25
1670090580.651970; 57000; 25
1670090580.676970; 57025; 25
1670090580.701966; 57050; 25
1670090580.726970; 57075; 25
1670090580.751970; 57100; 25
1670090580.776970; 57125; 25
1670090580.801966; 57150; 25
1670090580.826970; 57175; 25
1670090580.851970; 57200; 25
1670090580.876970; 57225; 25
1670090580.901970; 57250; 25
1670090580.926970; 57275; 25
1670090580.951970; 57300; 25
1670090580.976970; 57325; 25
1670090581.001970; 57350; 25
1670090581.026967; 57375; 25
1670090581.051967; 57400; 26
1670090581.076967; 57425; 26
1670090581.101967; 57450; 26
1670090581.126970; 57475; 26
1670090581.151970; 57500; 27
1670090581.176970; 57525; 27
1670090581.201970; 57550; 27
1670090581.226970; 57575; 27
1670090581.251970; 57600; 28
1670090581.276970; 57625; 28
1670090581.301970; 57650; 28
1670090581.326970; 57675; 28
1670090581.351970; 57700; 29
1670090581.376970; 57725; 29
1670090581.401982; 57750; 29
1670090581.426970; 57775; 29
1670090581.451970; 57800; 29
1670090581.476970; 57825; 29
1670090581.501970; 57850; 29
1670090581.526970; 57875; 29
1670090581.551970; 57900; 30
1670090581.576970; 57925; 30
1670090581.601985; 57950; 30
1670090581.626970; 57975; 30
1670090581.651970; 58000; 31
1670090581.676970; 58025; 31
1670090581.701966; 58050; 31
1670090581.726970; 58075; 31
1670090581.751970; 58100; 33
1670090581.776970; 58125; 33
1670090581.801970; 58150; 33
1670090581.826970; 58175; 33
1670090581.851970; 58200; 33
1670090581.876970; 58225; 33
1670090581.901970; 58250; 33
1670090581.926970; 58275; 33
1670090581.951970; 58300; 32
1670090581.976970; 58325; 32
1670090582.001970; 58350; 32
1670090582.026971; 58375; 32
1670090582.051971; 58400; 32
1670090582.076971; 58425; 32
1670090582.101971; 58450; 32
1670090582.126970; 58475; 32
1670090582.151970; 58500; 32
1670090582.176970; 58525; 32
1670090582.201966; 58550; 32
1670090582.226970; 58575; 32
1670090582.251970; 58600; 32
1670090582.276970; 58625; 33
1670090582.301970; 58650; 33
1670090582.326970; 58675; 33
1670090582.351970; 58700; 33
1670090582.376970; 58725; 34
1670090582.401970; 58750; 34
1670090582.426985; 58775; 34
1670090582.451966; 58800; 34
1670090582.476970; 58825; 34
1670090582.501970; 58850; 34
1670090582.526970; 58875; 34
1670090582.551970; 58900; 34
1670090582.576970; 58925; 34
1670090582.601970; 58950; 34
1670090582.626965; 58975; 34
1670090582.651970; 59000; 34
1670090582.676968; 59025; 35
1670090582.701966; 59050; 35
1670090582.726970; 59075; 35
1670090582.751970; 59100; 35
1670090582.776970; 59125; 36
1670090582.801970; 59150; 36
1670090582.826970; 59175; 36
1670090582.851970; 59200; 36
1670090582.876970; 59225; 39
1670090582.901970; 59250; 39
1670090582.926970; 59275; 39
1670090582.951970; 59300; 39
1670090582.976970; 59325; 42
1670090583.001970; 59350; 42
1670090583.026967; 59375; 42
1670090583.051967; 59400; 42
1670090583.076967; 59425; 41
1670090583.101967; 59450; 41
1670090583.126970; 59475; 41
1670090583.151970; 59500; 41
1670090583.176970; 59525; 41
1670090583.201966; 59550; 41
1670090583.226966; 59575; 41
1670090583.251970; 59600; 41
1670090583.276970; 59625; 41
1670090583.301970; 59650; 39
1670090583.326970; 59675; 39
1670090583.351970; 59700; 39
1670090583.376970; 59725; 39
1670090583.401978; 59750; 39
1670090583.426967; 59775; 39
1670090583.451966; 59800; 39
1670090583.476970; 59825; 39
1670090583.501970; 59850; 40
1670090583.526970; 59875; 40
1670090583.551970; 59900; 40
1670090583.576970; 59925; 40
1670090583.601970; 59950; 44
1670090583.626970; 59975; 44
1670090583.651970; 60000; 44
1670090583.676970; 60025; 44
1670090583.701966; 60050; 46
1670090583.726970; 60075; 46
1670090583.751970; 60100; 46
1670090583.776970; 60125; 46
1670090583.801970; 60150; 47
1670090583.826970; 60175; 47
1670090583.851970; 60200; 47
1670090583.876970; 60225; 47
1670090583.901970; 60250; 46
1670090583.926966; 60275; 46
1670090583.951970; 60300; 46
1670090583.976970; 60325; 46
1670090584.001970; 60350; 43
1670090584.026967; 60375; 43
1670090584.051967; 60400; 43
1670090584.076971; 60425; 43
1670090584.101971; 60450; 42
1670090584.126970; 60475; 42
1670090584.151970; 60500; 42
1670090584.176970; 60525; 42
1670090584.201966; 60550; 44
1670090584.226966; 60575; 44
1670090584.251966; 60600; 44
1670090584.276970; 60625; 44
1670090584.301970; 60650; 50
1670090584.326970; 60675; 50
1670090584.351970; 60700; 50
1670090584.376970; 60725; 50
1670090584.401970; 60750; 52
1670090584.426970; 60775; 52
1670090584.451970; 60800; 52
1670090584.476966; 60825; 52
1670090584.501970; 60850; 52
1670090584.526970; 60875; 52
1670090584.551970; 60900; 52
1670090584.576970; 60925; 52
1670090584.601970; 60950; 52
1670090584.626970; 60975; 49
1670090584.651970; 61000; 49
1670090584.676970; 61025; 49
1670090584.701966; 61050; 49
1670090584.726970; 61075; 43
1670090584.751970; 61100; 43
1670090584.776970; 61125; 43
1670090584.801970; 61150; 43
1670090584.826970; 61175; 45
1670090584.851970; 61200; 45
1670090584.876970; 61225; 45
1670090584.901970; 61250; 45
1670090584.926970; 61275; 48
1670090584.951970; 61300; 48
1670090584.976970; 61325; 48
1670090585.001966; 61350; 48
1670090585.026971; 61375; 47
1670090585.051971; 61400; 47
1670090585.076971; 61425; 47
1670090585.101971; 61450; 47
1670090585.126970; 61475; 42
1670090585.151970; 61500; 42
1670090585.176970; 61525; 42
1670090585.201966; 61550; 42
1670090585.226970; 61575; 29
1670090585.251970; 61600; 29
1670090585.276970; 61625; 29
1670090585.301966; 61650; 29
1670090585.326970; 61675; 29
1670090585.351970; 61700; 29
1670090585.376970; 61725; 29
1670090585.401970; 61750; 29
1670090585.426970; 61775; 26
1670090585.451970; 61800; 26
1670090585.476970; 61825; 26
1670090585.501970; 61850; 26
1670090585.526970; 61875; 26
1670090585.551970; 61900; 26
1670090585.576970; 61925; 26
1670090585.601970; 61950; 26
1670090585.626970; 61975; 26
1670090585.651970; 62000; 26
1670090585.676970; 62025; 26
1670090585.701966; 62050; 26
1670090585.726970; 62075; 26
1670090585.751970; 62100; 27
1670090585.776970; 62125; 27
1670090585.801968; 62150; 27
1670090585.826970; 62175; 27
1670090585.851970; 62200; 29
1670090585.876970; 62225; 29
1670090585.901970; 62250; 29
1670090585.926970; 62275; 29
1670090585.951970; 62300; 30
1670090585.976970; 62325; 30
1670090586.001970; 62350; 30
1670090586.026967; 62375; 30
1670090586.051967; 62400; 30
1670090586.076971; 62425; 30
1670090586.101971; 62450; 30
1670090586.126970; 62475; 30
1670090586.151970; 62500; 28
1670090586.176970; 62525; 28
1670090586.201970; 62550; 28
1670090586.226970; 62575; 28
1670090586.251970; 62600; 29
1670090586.276970; 62625; 29
1670090586.301970; 62650; 29
1670090586.326970; 62675; 29
1670090586.351970; 62700; 30
1670090586.376970; 62725; 30
1670090586.401970; 62750; 30
1670090586.426970; 62775; 30
1670090586.451970; 62800; 31
1670090586.476970; 62825; 31
1670090586.501970; 62850; 31
1670090586.526970; 62875; 31
1670090586.551970; 62900; 33
1670090586.576970; 62925; 33
1670090586.601970; 62950; 33
1670090586.626970; 62975; 33
1670090586.651970; 63000; 31
1670090586.676970; 63025; 31
1670090586.701966; 63050; 31
1670090586.726966; 63075; 31
1670090586.751970; 63100; 31
1670090586.776970; 63125; 32
1670090586.801970; 63150; 32
1670090586.826978; 63175; 32
1670090586.851967; 63200; 32
1670090586.876970; 63225; 30
1670090586.901970; 63250; 30
1670090586.926983; 63275; 30
1670090586.951966; 63300; 30
1670090586.976970; 63325; 29
1670090587.001970; 63350; 29
1670090587.026967; 63375; 29
1670090587.051967; 63400; 29
1670090587.076967; 63425; 28
1670090587.101967; 63450; 28
1670090587.126970; 63475; 28
1670090587.151970; 63500; 28
1670090587.176970; 63525; 25
1670090587.201966; 63550; 25
1670090587.226970; 63575; 25
1670090587.251970; 63600; 25
1670090587.276970; 63625; 24
1670090587.301970; 63650; 24
1670090587.326970; 63675; 24
1670090587.351966; 63700; 24
1670090587.376970; 63725; 24
1670090587.401970; 63750; 24
1670090587.426970; 63775; 24
1670090587.451970; 63800; 24
1670090587.476970; 63825; 24
1670090587.501970; 63850; 24
1670090587.526970; 63875; 24
1670090587.551966; 63900; 24
1670090587.576970; 63925; 25
1670090587.601966; 63950; 25
1670090587.626970; 63975; 25
1670090587.651970; 64000; 25
1670090587.676970; 64025; 25
1670090587.701966; 64050; 25
1670090587.726970; 64075; 25
1670090587.751970; 64100; 25
