1670091406.843868; 186115; 4
1670091406.868363; 186140; 4
1670091406.893382; 186165; 4
1670091406.918359; 186190; 4
1670091406.943359; 186215; 4
1670091406.968369; 186240; 4
1670091406.993360; 186265; 4
1670091407.018359; 186290; 4
1670091407.043356; 186315; 4
1670091407.068365; 186340; 4
1670091407.093357; 186365; 4
1670091407.118360; 186390; 4
1670091407.143359; 186415; 4
1670091407.168364; 186440; 4
1670091407.193360; 186465; 4
1670091407.218359; 186490; 4
1670091407.243359; 186515; 4
1670091407.268359; 186540; 4
1670091407.293360; 186565; 4
1670091407.318356; 186590; 4
1670091407.343355; 186615; 4
1670091407.368355; 186640; 4
1670091407.525442; 186797; 4
1670091407.550356; 186822; 4
1670091407.575355; 186847; 4
1670091407.600355; 186872; 4
1670091407.625360; 186897; 4
1670091407.650356; 186922; 4
1670091407.675359; 186947; 4
1670091407.700359; 186972; 4
1670091407.725360; 186997; 4
1670091407.750356; 187022; 4
1670091407.775359; 187047; 4
1670091407.800359; 187072; 4
1670091407.825359; 187097; 4
1670091407.850364; 187122; 4
1670091407.875360; 187147; 4
1670091407.900359; 187172; 4
1670091407.925359; 187197; 4
1670091407.950363; 187222; 4
1670091407.975360; 187247; 4
1670091408.000359; 187272; 4
1670091408.025360; 187297; 4
1670091408.050361; 187322; 4
1670091408.075361; 187347; 4
1670091408.100356; 187372; 4
1670091408.125355; 187397; 4
1670091408.150364; 187422; 4
1670091408.175360; 187447; 4
1670091408.200359; 187472; 4
1670091408.225359; 187497; 4
1670091408.250359; 187522; 4
1670091408.275364; 187547; 4
1670091408.300360; 187572; 4
1670091408.325359; 187597; 4
1670091408.350355; 187622; 4
1670091408.375363; 187647; 4
1670091408.400356; 187672; 4
1670091408.425355; 187697; 4
1670091408.450355; 187722; 4
1670091408.475360; 187747; 4
1670091408.500356; 187772; 4
1670091408.525355; 187797; 4
1670091408.550355; 187822; 4
1670091408.575358; 187847; 4
1670091408.600357; 187872; 4
1670091408.625359; 187897; 4
1670091408.650359; 187922; 4
1670091408.675359; 187947; 4
1670091408.700364; 187972; 4
1670091408.725360; 187997; 4
1670091408.750355; 188022; 4
1670091408.775359; 188047; 4
1670091408.800367; 188072; 4
1670091408.825360; 188097; 4
1670091408.850359; 188122; 4
1670091408.875359; 188147; 4
1670091408.900364; 188172; 4
1670091408.925360; 188197; 4
1670091408.950355; 188222; 4
1670091408.975355; 188247; 4
1670091409.000355; 188272; 4
1670091409.025365; 188297; 4
1670091409.050357; 188322; 4
1670091409.075360; 188347; 4
1670091409.100356; 188372; 4
1670091409.125364; 188397; 4
1670091409.150360; 188422; 4
1670091409.175355; 188447; 4
1670091409.200355; 188472; 4
1670091409.225367; 188497; 4
1670091409.250360; 188522; 4
1670091409.275359; 188547; 4
1670091409.300359; 188572; 4
1670091409.325364; 188597; 4
1670091409.350360; 188622; 4
1670091409.375355; 188647; 4
1670091409.400355; 188672; 4
1670091409.425355; 188697; 4
1670091409.450360; 188722; 4
1670091409.475356; 188747; 4
1670091409.500355; 188772; 4
1670091409.525355; 188797; 4
1670091409.550360; 188822; 4
1670091409.575360; 188847; 4
1670091409.600359; 188872; 4
1670091409.625359; 188897; 4
1670091409.650367; 188922; 4
1670091409.675360; 188947; 4
1670091409.700359; 188972; 4
1670091409.725359; 188997; 4
1670091409.750364; 189022; 4
1670091409.775360; 189047; 4
1670091409.800359; 189072; 4
1670091409.825359; 189097; 4
1670091409.850359; 189122; 4
1670091409.875364; 189147; 4
1670091409.900360; 189172; 4
1670091409.925359; 189197; 4
1670091409.950359; 189222; 4
1670091409.975364; 189247; 4
1670091410.000360; 189272; 4
1670091410.025360; 189297; 4
1670091410.050356; 189322; 4
1670091410.075368; 189347; 4
1670091410.100357; 189372; 4
1670091410.125359; 189397; 4
1670091410.150359; 189422; 4
1670091410.175387; 189447; 4
1670091410.200357; 189472; 4
1670091410.225359; 189497; 4
1670091410.250359; 189522; 4
1670091410.275359; 189547; 4
1670091410.300364; 189572; 4
1670091410.325360; 189597; 4
1670091410.350359; 189622; 4
1670091410.375392; 189647; 4
1670091410.400360; 189672; 4
1670091410.425356; 189697; 4
1670091410.450359; 189722; 4
1670091410.475359; 189747; 4
1670091410.500367; 189772; 4
1670091410.525360; 189797; 4
1670091410.550359; 189822; 4
1670091410.575359; 189847; 4
1670091410.600359; 189872; 4
1670091410.625364; 189897; 4
1670091410.650360; 189922; 4
1670091410.675359; 189947; 4
1670091410.700359; 189972; 4
1670091410.725364; 189997; 4
1670091410.750360; 190022; 4
1670091410.775355; 190047; 4
1670091410.800355; 190072; 4
1670091410.825360; 190097; 4
1670091410.850356; 190122; 4
1670091410.875359; 190147; 4
1670091410.900359; 190172; 4
1670091410.925363; 190197; 4
1670091410.950360; 190222; 4
1670091410.975359; 190247; 4
1670091411.000359; 190272; 4
1670091411.025360; 190297; 4
1670091411.050361; 190322; 4
1670091411.075361; 190347; 4
1670091411.100356; 190372; 4
1670091411.125355; 190397; 4
1670091411.150360; 190422; 4
1670091411.175356; 190447; 4
1670091411.200356; 190472; 4
1670091411.225355; 190497; 4
1670091411.250360; 190522; 4
1670091411.275356; 190547; 4
1670091411.300355; 190572; 4
1670091411.325355; 190597; 4
1670091411.350367; 190622; 4
1670091411.375360; 190647; 4
1670091411.400359; 190672; 4
1670091411.425355; 190697; 4
1670091411.450355; 190722; 4
1670091411.475360; 190747; 4
1670091411.500356; 190772; 4
1670091411.525355; 190797; 4
1670091411.550355; 190822; 4
1670091411.575360; 190847; 4
1670091411.600356; 190872; 4
1670091411.625359; 190897; 4
1670091411.650359; 190922; 4
1670091411.675364; 190947; 4
1670091411.700360; 190972; 4
1670091411.725359; 190997; 4
1670091411.750359; 191022; 4
1670091411.775366; 191047; 4
1670091411.800361; 191072; 4
1670091411.825355; 191097; 4
1670091411.850355; 191122; 4
1670091411.875355; 191147; 4
1670091411.900360; 191172; 4
1670091411.925356; 191197; 4
1670091411.950359; 191222; 4
1670091411.975359; 191247; 4
1670091412.000364; 191272; 4
1670091412.025357; 191297; 4
1670091412.050360; 191322; 4
1670091412.075360; 191347; 4
1670091412.100365; 191372; 4
1670091412.125360; 191397; 4
1670091412.150359; 191422; 4
1670091412.175359; 191447; 4
1670091412.200359; 191472; 4
1670091412.225363; 191497; 4
1670091412.250360; 191522; 4
1670091412.275359; 191547; 4
1670091412.300359; 191572; 4
1670091412.325364; 191597; 4
1670091412.350360; 191622; 4
1670091412.375359; 191647; 4
1670091412.400359; 191672; 4
1670091412.425364; 191697; 4
1670091412.450360; 191722; 4
1670091412.475359; 191747; 4
1670091412.500359; 191772; 4
1670091412.525364; 191797; 4
1670091412.550360; 191822; 4
1670091412.575359; 191847; 4
1670091412.600359; 191872; 4
1670091412.625359; 191897; 4
1670091412.650367; 191922; 4
1670091412.675360; 191947; 4
1670091412.700359; 191972; 4
1670091412.725359; 191997; 4
1670091412.750364; 192022; 4
1670091412.775356; 192047; 4
1670091412.800355; 192072; 4
1670091412.825355; 192097; 4
1670091412.850360; 192122; 4
1670091412.875356; 192147; 4
1670091412.900359; 192172; 4
1670091412.925359; 192197; 4
1670091412.950364; 192222; 4
1670091412.975360; 192247; 4
1670091413.000359; 192272; 4
1670091413.025360; 192297; 4
1670091413.050360; 192322; 4
1670091413.075369; 192347; 4
1670091413.100361; 192372; 4
1670091413.125359; 192397; 4
1670091413.150359; 192422; 4
1670091413.175364; 192447; 4
1670091413.200360; 192472; 4
1670091413.225359; 192497; 4
1670091413.250359; 192522; 4
1670091413.275364; 192547; 4
1670091413.300360; 192572; 4
1670091413.325359; 192597; 4
1670091413.350359; 192622; 4
1670091413.375359; 192647; 4
1670091413.400357; 192672; 4
1670091413.425359; 192697; 4
1670091413.450359; 192722; 4
1670091413.475359; 192747; 4
1670091413.500364; 192772; 4
1670091413.525360; 192797; 4
1670091413.550359; 192822; 4
1670091413.575359; 192847; 4
1670091413.600364; 192872; 4
1670091413.625360; 192897; 4
1670091413.650359; 192922; 4
1670091413.675359; 192947; 4
1670091413.700364; 192972; 4
1670091413.725360; 192997; 4
1670091413.750359; 193022; 4
1670091413.775355; 193047; 4
1670091413.800355; 193072; 4
1670091413.825360; 193097; 4
1670091413.850356; 193122; 4
1670091413.875359; 193147; 4
1670091413.900359; 193172; 4
1670091413.925367; 193197; 4
1670091413.950360; 193222; 4
1670091413.975359; 193247; 4
1670091414.000359; 193272; 4
1670091414.025365; 193297; 4
1670091414.050357; 193322; 4
1670091414.075356; 193347; 4
1670091414.100360; 193372; 4
1670091414.125364; 193397; 4
1670091414.150360; 193422; 4
1670091414.175359; 193447; 4
1670091414.200359; 193472; 4
1670091414.225359; 193497; 4
1670091414.250364; 193522; 4
1670091414.275360; 193547; 4
1670091414.300359; 193572; 4
1670091414.325355; 193597; 4
1670091414.350363; 193622; 4
1670091414.375360; 193647; 4
1670091414.400359; 193672; 4
1670091414.425359; 193697; 4
1670091414.450364; 193722; 4
1670091414.475360; 193747; 4
1670091414.500359; 193772; 4
1670091414.525359; 193797; 4
1670091414.550364; 193822; 4
1670091414.575360; 193847; 4
1670091414.600359; 193872; 4
1670091414.625359; 193897; 4
1670091414.650359; 193922; 4
1670091414.675364; 193947; 4
1670091414.700360; 193972; 4
1670091414.725359; 193997; 4
1670091414.750359; 194022; 4
1670091414.775367; 194047; 4
1670091414.800360; 194072; 4
1670091414.825359; 194097; 4
1670091414.850359; 194122; 4
1670091414.875364; 194147; 4
1670091414.900360; 194172; 4
1670091414.925359; 194197; 4
1670091414.950359; 194222; 4
1670091414.975359; 194247; 4
1670091415.000357; 194272; 4
1670091415.025360; 194297; 4
1670091415.050356; 194322; 4
1670091415.075360; 194347; 4
1670091415.100365; 194372; 4
1670091415.125360; 194397; 4
1670091415.150359; 194422; 4
1670091415.175359; 194447; 4
1670091415.200363; 194472; 4
1670091415.225360; 194497; 4
1670091415.250359; 194522; 4
1670091415.275359; 194547; 4
1670091415.300364; 194572; 4
1670091415.325360; 194597; 4
1670091415.350359; 194622; 4
1670091415.375359; 194647; 5
1670091415.400359; 194672; 5
1670091415.425364; 194697; 5
1670091415.450360; 194722; 5
1670091415.475359; 194747; 5
1670091415.500374; 194772; 5
1670091415.525364; 194797; 5
1670091415.550356; 194822; 5
1670091415.575359; 194847; 5
1670091415.600359; 194872; 5
1670091415.625363; 194897; 5
1670091415.650360; 194922; 5
1670091415.675359; 194947; 5
1670091415.700378; 194972; 5
1670091415.725360; 194997; 5
1670091415.750356; 195022; 5
1670091415.775355; 195047; 5
1670091415.800355; 195072; 5
1670091415.825355; 195097; 5
1670091415.850360; 195122; 5
1670091415.875356; 195147; 5
1670091415.900359; 195172; 5
1670091415.925355; 195197; 5
1670091415.950360; 195222; 5
1670091415.975356; 195247; 5
1670091416.000359; 195272; 5
1670091416.025360; 195297; 5
1670091416.050364; 195322; 5
1670091416.075357; 195347; 5
1670091416.100360; 195372; 5
1670091416.125359; 195397; 5
1670091416.150364; 195422; 5
1670091416.175360; 195447; 5
1670091416.200359; 195472; 5
1670091416.225359; 195497; 5
1670091416.250359; 195522; 5
1670091416.275364; 195547; 5
1670091416.300360; 195572; 5
1670091416.325355; 195597; 5
1670091416.350355; 195622; 5
1670091416.375360; 195647; 5
1670091416.400356; 195672; 5
1670091416.425355; 195697; 5
1670091416.450355; 195722; 5
1670091416.475363; 195747; 5
1670091416.500360; 195772; 5
1670091416.525354; 195797; 5
1670091416.550355; 195822; 5
1670091416.575363; 195847; 5
1670091416.600361; 195872; 5
1670091416.625355; 195897; 5
1670091416.650355; 195922; 5
1670091416.675355; 195947; 5
1670091416.700364; 195972; 5
1670091416.725359; 195997; 5
1670091416.750359; 196022; 5
1670091416.775377; 196047; 5
1670091416.800364; 196072; 5
1670091416.825360; 196097; 5
1670091416.850359; 196122; 5
1670091416.875359; 196147; 5
1670091416.900363; 196172; 5
1670091416.925360; 196197; 5
1670091416.950355; 196222; 5
1670091416.975355; 196247; 5
1670091417.000355; 196272; 6
1670091417.025365; 196297; 6
1670091417.050357; 196322; 6
1670091417.075360; 196347; 6
1670091417.100356; 196372; 6
1670091417.125364; 196397; 6
1670091417.150356; 196422; 6
1670091417.175355; 196447; 6
1670091417.200355; 196472; 6
1670091417.225360; 196497; 6
1670091417.250356; 196522; 6
1670091417.275359; 196547; 6
1670091417.300359; 196572; 6
1670091417.325363; 196597; 6
1670091417.350364; 196622; 6
1670091417.375354; 196647; 6
1670091417.400354; 196672; 6
1670091417.425354; 196697; 7
1670091417.450358; 196722; 7
1670091417.475355; 196747; 7
1670091417.500363; 196772; 7
1670091417.525354; 196797; 8
1670091417.550364; 196822; 8
1670091417.575356; 196847; 8
1670091417.600359; 196872; 8
1670091417.625359; 196897; 8
1670091417.650364; 196922; 8
1670091417.675360; 196947; 8
1670091417.700359; 196972; 8
1670091417.725359; 196997; 8
1670091417.750363; 197022; 8
1670091417.775360; 197047; 8
1670091417.800359; 197072; 8
1670091417.825359; 197097; 9
1670091417.850359; 197122; 9
1670091417.875364; 197147; 9
1670091417.900360; 197172; 9
1670091417.925359; 197197; 10
1670091417.950359; 197222; 10
1670091417.975364; 197247; 10
1670091418.000360; 197272; 10
1670091418.025360; 197297; 9
1670091418.050356; 197322; 9
1670091418.075365; 197347; 9
1670091418.100357; 197372; 9
1670091418.125359; 197397; 11
1670091418.150359; 197422; 11
1670091418.175363; 197447; 11
1670091418.200360; 197472; 11
1670091418.225359; 197497; 12
1670091418.250359; 197522; 12
1670091418.275364; 197547; 12
1670091418.300360; 197572; 12
1670091418.325355; 197597; 12
1670091418.350359; 197622; 12
1670091418.375359; 197647; 12
1670091418.400360; 197672; 12
1670091418.425360; 197697; 12
1670091418.450355; 197722; 12
1670091418.475359; 197747; 12
1670091418.500360; 197772; 12
1670091418.525360; 197797; 12
1670091418.550355; 197822; 12
1670091418.575355; 197847; 12
1670091418.600363; 197872; 12
1670091418.625360; 197897; 12
1670091418.650355; 197922; 12
1670091418.675359; 197947; 12
1670091418.700364; 197972; 12
1670091418.725360; 197997; 12
1670091418.750355; 198022; 11
1670091418.775355; 198047; 11
1670091418.800364; 198072; 11
1670091418.825356; 198097; 11
1670091418.850359; 198122; 11
1670091418.875359; 198147; 11
1670091418.900360; 198172; 11
1670091418.925360; 198197; 11
1670091418.950359; 198222; 10
1670091418.975359; 198247; 10
1670091419.000363; 198272; 10
1670091419.025361; 198297; 10
1670091419.050360; 198322; 10
1670091419.075360; 198347; 10
1670091419.100364; 198372; 10
1670091419.125357; 198397; 10
1670091419.150359; 198422; 9
1670091419.175359; 198447; 9
1670091419.200359; 198472; 9
1670091419.225364; 198497; 9
1670091419.250356; 198522; 8
1670091419.275359; 198547; 8
1670091419.300359; 198572; 8
1670091419.325364; 198597; 8
1670091419.350360; 198622; 8
1670091419.375359; 198647; 8
1670091419.400359; 198672; 8
1670091419.425367; 198697; 8
1670091419.450360; 198722; 8
1670091419.475359; 198747; 8
1670091419.500359; 198772; 8
1670091419.525359; 198797; 8
1670091419.550357; 198822; 9
1670091419.575359; 198847; 9
1670091419.600359; 198872; 9
1670091419.625359; 198897; 9
1670091419.650364; 198922; 9
1670091419.675360; 198947; 9
1670091419.700359; 198972; 9
1670091419.725359; 198997; 9
1670091419.750364; 199022; 9
1670091419.775356; 199047; 9
1670091419.800359; 199072; 9
1670091419.825359; 199097; 9
1670091419.850363; 199122; 9
1670091419.875360; 199147; 10
1670091419.900355; 199172; 10
1670091419.925359; 199197; 10
1670091419.950364; 199222; 10
1670091419.975360; 199247; 13
1670091420.000359; 199272; 13
1670091420.025360; 199297; 13
1670091420.050356; 199322; 13
1670091420.075365; 199347; 13
1670091420.100357; 199372; 13
1670091420.125359; 199397; 13
1670091420.150359; 199422; 13
1670091420.175360; 199447; 12
1670091420.200360; 199472; 12
1670091420.225359; 199497; 12
1670091420.250359; 199522; 12
1670091420.275367; 199547; 13
1670091420.300356; 199572; 13
1670091420.325359; 199597; 13
1670091420.350359; 199622; 13
1670091420.375364; 199647; 13
1670091420.400360; 199672; 13
1670091420.425359; 199697; 13
1670091420.450359; 199722; 13
1670091420.475364; 199747; 14
1670091420.500360; 199772; 14
1670091420.525355; 199797; 14
1670091420.550359; 199822; 14
1670091420.575360; 199847; 17
1670091420.600360; 199872; 17
1670091420.625355; 199897; 17
1670091420.650359; 199922; 17
1670091420.675363; 199947; 18
1670091420.700360; 199972; 18
1670091420.725355; 199997; 18
1670091420.750359; 200022; 18
1670091420.775362; 200047; 19
1670091420.800361; 200072; 19
1670091420.825390; 200097; 19
1670091420.850355; 200122; 19
1670091420.875359; 200147; 19
1670091420.900360; 200172; 19
1670091420.925360; 200197; 19
1670091420.950355; 200222; 19
1670091420.975359; 200247; 19
1670091421.000360; 200272; 19
1670091421.025371; 200297; 19
1670091421.050356; 200322; 19
1670091421.075360; 200347; 19
1670091421.100364; 200372; 18
1670091421.125360; 200397; 18
1670091421.150359; 200422; 18
1670091421.175359; 200447; 18
1670091421.200364; 200472; 15
1670091421.225360; 200497; 15
1670091421.250359; 200522; 15
1670091421.275359; 200547; 15
1670091421.300360; 200572; 20
1670091421.325360; 200597; 20
1670091421.350359; 200622; 20
1670091421.375359; 200647; 20
1670091421.400360; 200672; 24
1670091421.425360; 200697; 24
1670091421.450359; 200722; 24
1670091421.475359; 200747; 24
1670091421.500363; 200772; 24
1670091421.525360; 200797; 24
1670091421.550359; 200822; 24
1670091421.575359; 200847; 24
1670091421.600359; 200872; 18
1670091421.625361; 200897; 18
1670091421.650359; 200922; 18
1670091421.675359; 200947; 18
1670091421.700359; 200972; 6
1670091421.725364; 200997; 6
1670091421.750360; 201022; 6
1670091421.775355; 201047; 6
1670091421.800355; 201072; 5
1670091421.825360; 201097; 5
1670091421.850361; 201122; 5
1670091421.875359; 201147; 5
1670091421.900359; 201172; 5
1670091421.925363; 201197; 5
1670091421.950360; 201222; 5
1670091421.975359; 201247; 5
1670091422.000359; 201272; 5
1670091422.025365; 201297; 5
1670091422.050362; 201322; 5
1670091422.075360; 201347; 5
1670091422.100372; 201372; 5
1670091422.125355; 201397; 5
1670091422.150360; 201422; 5
1670091422.175356; 201447; 5
1670091422.200355; 201472; 5
1670091422.225355; 201497; 5
1670091422.250360; 201522; 5
1670091422.275360; 201547; 5
1670091422.300359; 201572; 5
1670091422.325359; 201597; 5
1670091422.350363; 201622; 5
1670091422.375360; 201647; 5
1670091422.400359; 201672; 5
1670091422.425359; 201697; 5
1670091422.450358; 201722; 5
1670091422.475357; 201747; 5
1670091422.500359; 201772; 5
1670091422.525359; 201797; 5
1670091422.550359; 201822; 5
1670091422.575364; 201847; 5
1670091422.600360; 201872; 5
1670091422.625359; 201897; 5
1670091422.650359; 201922; 5
1670091422.675360; 201947; 5
1670091422.700356; 201972; 5
1670091422.725359; 201997; 5
1670091422.750359; 202022; 5
1670091422.775367; 202047; 5
1670091422.800360; 202072; 5
1670091422.825359; 202097; 6
1670091422.850359; 202122; 6
1670091422.875362; 202147; 6
1670091422.900364; 202172; 6
1670091422.925360; 202197; 6
1670091422.950359; 202222; 6
1670091422.975359; 202247; 6
1670091423.000364; 202272; 6
1670091423.025361; 202297; 8
1670091423.050356; 202322; 8
1670091423.075356; 202347; 8
1670091423.100365; 202372; 8
1670091423.125360; 202397; 11
1670091423.150359; 202422; 11
1670091423.175359; 202447; 11
1670091423.200367; 202472; 11
1670091423.225356; 202497; 11
1670091423.250359; 202522; 13
1670091423.275359; 202547; 13
1670091423.300360; 202572; 13
1670091423.325360; 202597; 13
1670091423.350359; 202622; 12
1670091423.375359; 202647; 12
1670091423.400359; 202672; 12
1670091423.425360; 202697; 12
1670091423.450360; 202722; 14
1670091423.475359; 202747; 14
1670091423.500355; 202772; 14
1670091423.525364; 202797; 14
1670091423.550360; 202822; 14
1670091423.575355; 202847; 14
1670091423.600359; 202872; 14
1670091423.625367; 202897; 14
1670091423.650356; 202922; 15
1670091423.675359; 202947; 15
1670091423.700359; 202972; 15
1670091423.725364; 202997; 15
1670091423.750360; 203022; 17
1670091423.775355; 203047; 17
1670091423.800359; 203072; 17
1670091423.825360; 203097; 17
1670091423.850360; 203122; 17
1670091423.875355; 203147; 17
1670091423.900359; 203172; 17
1670091423.925360; 203197; 17
1670091423.950360; 203222; 18
1670091423.975355; 203247; 18
1670091424.000359; 203272; 18
1670091424.025365; 203297; 18
1670091424.050357; 203322; 20
1670091424.075356; 203347; 20
1670091424.100356; 203372; 20
1670091424.125360; 203397; 20
1670091424.150361; 203422; 20
1670091424.175355; 203447; 20
1670091424.200359; 203472; 20
1670091424.225359; 203497; 20
1670091424.250360; 203522; 18
1670091424.275360; 203547; 18
1670091424.300359; 203572; 18
1670091424.325359; 203597; 18
1670091424.350360; 203622; 18
1670091424.375360; 203647; 18
1670091424.400355; 203672; 18
1670091424.425359; 203697; 18
1670091424.450363; 203722; 18
1670091424.475360; 203747; 17
1670091424.500355; 203772; 17
1670091424.525355; 203797; 17
1670091424.550360; 203822; 17
1670091424.575356; 203847; 17
1670091424.600359; 203872; 17
1670091424.625359; 203897; 17
1670091424.650360; 203922; 17
1670091424.675360; 203947; 17
1670091424.700355; 203972; 17
1670091424.725359; 203997; 17
1670091424.750360; 204022; 17
1670091424.775356; 204047; 17
1670091424.800359; 204072; 17
1670091424.825359; 204097; 17
1670091424.850367; 204122; 17
1670091424.875356; 204147; 17
1670091424.900359; 204172; 17
1670091424.925359; 204197; 17
1670091424.950359; 204222; 17
1670091424.975357; 204247; 17
1670091425.000359; 204272; 17
1670091425.025356; 204297; 17
1670091425.050360; 204322; 17
1670091425.075365; 204347; 16
1670091425.100357; 204372; 16
1670091425.125359; 204397; 16
1670091425.150359; 204422; 16
1670091425.175360; 204447; 17
1670091425.200360; 204472; 17
1670091425.225355; 204497; 17
1670091425.250359; 204522; 17
1670091425.275367; 204547; 14
1670091425.300356; 204572; 14
1670091425.325375; 204597; 14
1670091425.350359; 204622; 14
1670091425.375364; 204647; 11
1670091425.400360; 204672; 11
1670091425.425359; 204697; 11
1670091425.450359; 204722; 11
1670091425.475360; 204747; 11
1670091425.500360; 204772; 8
1670091425.525359; 204797; 8
1670091425.550359; 204822; 8
1670091425.575364; 204847; 8
1670091425.600360; 204872; 5
1670091425.625359; 204897; 5
1670091425.650359; 204922; 5
1670091425.675359; 204947; 5
1670091425.700363; 204972; 4
1670091425.725360; 204997; 4
1670091425.750355; 205022; 4
1670091425.775359; 205047; 4
1670091425.800364; 205072; 4
1670091425.825360; 205097; 4
1670091425.850359; 205122; 4
1670091425.875359; 205147; 4
1670091425.900364; 205172; 4
1670091425.925360; 205197; 4
1670091425.950359; 205222; 4
1670091425.975359; 205247; 4
1670091426.000364; 205272; 4
1670091426.025361; 205297; 4
1670091426.050356; 205322; 4
1670091426.075360; 205347; 4
1670091426.100356; 205372; 4
1670091426.125367; 205397; 4
1670091426.150385; 205422; 4
1670091426.175359; 205447; 4
1670091426.200359; 205472; 4
1670091426.225364; 205497; 4
1670091426.250360; 205522; 4
1670091426.275359; 205547; 4
1670091426.300359; 205572; 4
1670091426.325364; 205597; 4
1670091426.350381; 205622; 4
1670091426.375355; 205647; 4
1670091426.400355; 205672; 4
1670091426.425359; 205697; 4
1670091426.450357; 205722; 4
1670091426.475359; 205747; 4
1670091426.500359; 205772; 4
1670091426.525359; 205797; 4
1670091426.550363; 205822; 4
1670091426.575356; 205847; 4
1670091426.600355; 205872; 4
1670091426.625355; 205897; 4
1670091426.650360; 205922; 4
1670091426.675356; 205947; 4
1670091426.700359; 205972; 4
1670091426.725359; 205997; 4
1670091426.750364; 206022; 4
1670091426.775356; 206047; 4
1670091426.800359; 206072; 4
1670091426.825359; 206097; 4
1670091426.850359; 206122; 4
1670091426.875364; 206147; 4
1670091426.900360; 206172; 4
1670091426.925359; 206197; 4
1670091426.950359; 206222; 4
1670091426.975363; 206247; 4
1670091427.000360; 206272; 4
1670091427.025356; 206297; 4
1670091427.050360; 206322; 4
1670091427.075361; 206347; 4
1670091427.100361; 206372; 4
1670091427.125359; 206397; 4
1670091427.150359; 206422; 4
1670091427.175366; 206447; 4
1670091427.200356; 206472; 4
1670091427.225355; 206497; 4
1670091427.250355; 206522; 4
1670091427.275359; 206547; 4
1670091427.300364; 206572; 4
1670091427.325360; 206597; 4
1670091427.350359; 206622; 4
1670091427.375359; 206647; 4
1670091427.400367; 206672; 4
1670091427.425361; 206697; 4
1670091427.450359; 206722; 4
1670091427.475359; 206747; 4
1670091427.500364; 206772; 4
1670091427.525360; 206797; 4
1670091427.550359; 206822; 4
1670091427.575359; 206847; 4
1670091427.600360; 206872; 4
1670091427.625356; 206897; 4
1670091427.650355; 206922; 4
1670091427.675355; 206947; 4
1670091427.700355; 206972; 4
1670091427.725360; 206997; 4
1670091427.750356; 207022; 4
1670091427.775359; 207047; 4
1670091427.800355; 207072; 4
1670091427.825363; 207097; 4
1670091427.850360; 207122; 4
1670091427.875359; 207147; 4
1670091427.900359; 207172; 4
1670091427.925364; 207197; 4
1670091427.950360; 207222; 4
1670091427.975359; 207247; 4
1670091428.000359; 207272; 4
1670091428.025364; 207297; 4
1670091428.050358; 207322; 4
1670091428.075356; 207347; 4
1670091428.100360; 207372; 4
1670091428.125359; 207397; 4
1670091428.150364; 207422; 4
1670091428.175360; 207447; 4
1670091428.200359; 207472; 4
1670091428.225359; 207497; 4
1670091428.250363; 207522; 4
1670091428.275360; 207547; 4
1670091428.300359; 207572; 4
1670091428.325359; 207597; 4
1670091428.350364; 207622; 4
1670091428.375360; 207647; 4
1670091428.400358; 207672; 4
1670091428.425355; 207697; 4
1670091428.450355; 207722; 4
1670091428.475360; 207747; 4
1670091428.500356; 207772; 4
1670091428.525355; 207797; 4
1670091428.550355; 207822; 4
1670091428.575360; 207847; 4
1670091428.600356; 207872; 4
1670091428.625355; 207897; 4
1670091428.650355; 207922; 4
1670091428.675367; 207947; 4
1670091428.700360; 207972; 4
1670091428.725359; 207997; 4
1670091428.750359; 208022; 4
1670091428.775360; 208047; 4
1670091428.800356; 208072; 4
1670091428.825355; 208097; 4
1670091428.850355; 208122; 4
1670091428.875355; 208147; 4
1670091428.900360; 208172; 4
1670091428.925356; 208197; 4
1670091428.950359; 208222; 4
1670091428.975359; 208247; 4
1670091429.000364; 208272; 4
1670091429.025361; 208297; 4
1670091429.050356; 208322; 4
1670091429.075356; 208347; 4
1670091429.100364; 208372; 4
1670091429.125360; 208397; 4
1670091429.150359; 208422; 4
1670091429.175359; 208447; 4
1670091429.200364; 208472; 4
1670091429.225360; 208497; 4
1670091429.250359; 208522; 4
1670091429.275359; 208547; 4
1670091429.300359; 208572; 4
1670091429.325364; 208597; 4
1670091429.350360; 208622; 4
1670091429.375359; 208647; 4
1670091429.400359; 208672; 4
1670091429.425364; 208697; 4
1670091429.450360; 208722; 4
1670091429.475359; 208747; 4
1670091429.500359; 208772; 4
1670091429.525363; 208797; 4
1670091429.550360; 208822; 4
1670091429.575359; 208847; 4
1670091429.600359; 208872; 4
1670091429.625359; 208897; 4
1670091429.650357; 208922; 4
1670091429.675359; 208947; 4
1670091429.700359; 208972; 4
1670091429.725359; 208997; 4
1670091429.750364; 209022; 4
1670091429.775356; 209047; 4
1670091429.800355; 209072; 4
1670091429.825355; 209097; 4
1670091429.850360; 209122; 4
1670091429.875356; 209147; 4
1670091429.900355; 209172; 4
1670091429.925355; 209197; 4
1670091429.950363; 209222; 4
1670091429.975360; 209247; 4
1670091430.000359; 209272; 4
1670091430.025360; 209297; 4
1670091430.050360; 209322; 4
1670091430.075361; 209347; 4
1670091430.100361; 209372; 4
1670091430.125359; 209397; 4
1670091430.150359; 209422; 4
1670091430.175364; 209447; 4
1670091430.200360; 209472; 4
1670091430.225359; 209497; 4
1670091430.250355; 209522; 4
1670091430.275364; 209547; 4
1670091430.300356; 209572; 4
1670091430.325355; 209597; 4
1670091430.350355; 209622; 4
1670091430.375363; 209647; 4
1670091430.400360; 209672; 4
1670091430.425359; 209697; 4
1670091430.450359; 209722; 4
1670091430.475355; 209747; 4
1670091430.500360; 209772; 4
1670091430.525356; 209797; 4
1670091430.550355; 209822; 4
1670091430.575355; 209847; 4
1670091430.600360; 209872; 4
1670091430.625356; 209897; 4
1670091430.650368; 209922; 4
1670091430.675355; 209947; 4
1670091430.700360; 209972; 4
1670091430.725360; 209997; 4
1670091430.750359; 210022; 4
1670091430.775355; 210047; 4
1670091430.800363; 210072; 4
1670091430.825360; 210097; 4
1670091430.850359; 210122; 4
1670091430.875355; 210147; 4
1670091430.900355; 210172; 4
1670091430.925360; 210197; 4
1670091430.950356; 210222; 4
1670091430.975359; 210247; 4
1670091431.000359; 210272; 4
1670091431.025361; 210297; 4
1670091431.050361; 210322; 4
1670091431.075360; 210347; 4
1670091431.100356; 210372; 4
1670091431.125360; 210397; 4
1670091431.150356; 210422; 4
1670091431.175355; 210447; 4
1670091431.200355; 210472; 5
1670091431.225366; 210497; 5
1670091431.250361; 210522; 5
1670091431.275359; 210547; 5
1670091431.300359; 210572; 5
1670091431.325359; 210597; 4
1670091431.350364; 210622; 4
1670091431.375360; 210647; 4
1670091431.400359; 210672; 4
1670091431.425359; 210697; 4
1670091431.450364; 210722; 4
1670091431.475367; 210747; 4
1670091431.500359; 210772; 4
1670091431.525359; 210797; 5
1670091431.550364; 210822; 5
1670091431.575360; 210847; 5
1670091431.600359; 210872; 5
1670091431.625359; 210897; 5
1670091431.650359; 210922; 5
1670091431.675416; 210947; 5
1670091431.700360; 210972; 5
1670091431.725359; 210997; 5
1670091431.750359; 211022; 5
1670091431.775360; 211047; 5
1670091431.800356; 211072; 5
1670091431.825355; 211097; 6
1670091431.850355; 211122; 6
1670091431.875364; 211147; 6
1670091431.900360; 211172; 6
1670091431.925359; 211197; 7
1670091431.950359; 211222; 7
1670091431.975364; 211247; 7
1670091432.000360; 211272; 7
1670091432.025356; 211297; 7
1670091432.050360; 211322; 7
1670091432.075356; 211347; 7
1670091432.100368; 211372; 7
1670091432.125360; 211397; 7
1670091432.150359; 211422; 7
1670091432.175359; 211447; 7
1670091432.200364; 211472; 7
1670091432.225360; 211497; 7
1670091432.250359; 211522; 7
1670091432.275359; 211547; 7
1670091432.300364; 211572; 7
1670091432.325360; 211597; 8
1670091432.350359; 211622; 8
1670091432.375359; 211647; 8
1670091432.400364; 211672; 8
1670091432.425360; 211697; 8
1670091432.450359; 211722; 8
1670091432.475359; 211747; 8
1670091432.500355; 211772; 8
1670091432.525367; 211797; 8
1670091432.550360; 211822; 10
1670091432.575359; 211847; 10
1670091432.600359; 211872; 10
1670091432.625364; 211897; 10
1670091432.650360; 211922; 11
1670091432.675355; 211947; 11
1670091432.700355; 211972; 11
1670091432.725360; 211997; 11
1670091432.750374; 212022; 11
1670091432.775355; 212047; 11
1670091432.800359; 212072; 11
1670091432.825360; 212097; 11
1670091432.850360; 212122; 12
1670091432.875355; 212147; 12
1670091432.900359; 212172; 12
1670091432.925367; 212197; 12
1670091432.950356; 212222; 12
1670091432.975355; 212247; 12
1670091433.000359; 212272; 12
1670091433.025361; 212297; 12
1670091433.050361; 212322; 12
1670091433.075360; 212347; 12
1670091433.100356; 212372; 12
1670091433.125359; 212397; 12
1670091433.150361; 212422; 13
1670091433.175359; 212447; 13
1670091433.200359; 212472; 13
1670091433.225359; 212497; 13
1670091433.250360; 212522; 13
1670091433.275360; 212547; 13
1670091433.300355; 212572; 13
1670091433.325359; 212597; 13
1670091433.350363; 212622; 14
1670091433.375360; 212647; 14
1670091433.400359; 212672; 14
1670091433.425359; 212697; 14
1670091433.450364; 212722; 14
1670091433.475360; 212747; 14
1670091433.500355; 212772; 14
1670091433.525359; 212797; 14
1670091433.550360; 212822; 14
1670091433.575360; 212847; 14
1670091433.600355; 212872; 14
1670091433.625359; 212897; 14
1670091433.650360; 212922; 14
1670091433.675360; 212947; 15
1670091433.700355; 212972; 15
1670091433.725358; 212997; 15
1670091433.750367; 213022; 15
1670091433.775360; 213047; 16
1670091433.800355; 213072; 16
1670091433.825359; 213097; 16
1670091433.850364; 213122; 16
1670091433.875360; 213147; 16
1670091433.900355; 213172; 16
1670091433.925359; 213197; 16
1670091433.950359; 213222; 16
1670091433.975360; 213247; 16
1670091434.000356; 213272; 16
1670091434.025360; 213297; 16
1670091434.050356; 213322; 16
1670091434.075361; 213347; 14
1670091434.100357; 213372; 14
1670091434.125359; 213397; 14
1670091434.150359; 213422; 14
1670091434.175367; 213447; 15
1670091434.200356; 213472; 15
1670091434.225359; 213497; 15
1670091434.250359; 213522; 15
1670091434.275364; 213547; 15
1670091434.300360; 213572; 15
1670091434.325355; 213597; 15
1670091434.350359; 213622; 15
1670091434.375360; 213647; 16
1670091434.400356; 213672; 16
1670091434.425359; 213697; 16
1670091434.450359; 213722; 16
1670091434.475360; 213747; 12
1670091434.500360; 213772; 12
1670091434.525359; 213797; 12
1670091434.550359; 213822; 12
1670091434.575367; 213847; 10
1670091434.600356; 213872; 10
1670091434.625359; 213897; 10
1670091434.650359; 213922; 10
1670091434.675364; 213947; 9
1670091434.700360; 213972; 9
1670091434.725359; 213997; 9
1670091434.750355; 214022; 9
1670091434.775359; 214047; 9
1670091434.800363; 214072; 9
1670091434.825360; 214097; 9
1670091434.850359; 214122; 9
1670091434.875359; 214147; 9
1670091434.900364; 214172; 7
1670091434.925360; 214197; 7
1670091434.950359; 214222; 7
1670091434.975359; 214247; 7
1670091435.000363; 214272; 6
1670091435.025361; 214297; 6
1670091435.050356; 214322; 6
1670091435.075360; 214347; 6
1670091435.100364; 214372; 5
1670091435.125361; 214397; 5
1670091435.150355; 214422; 5
1670091435.175359; 214447; 5
1670091435.200359; 214472; 4
1670091435.225364; 214497; 4
1670091435.250360; 214522; 4
1670091435.275359; 214547; 4
1670091435.300359; 214572; 4
1670091435.325364; 214597; 4
1670091435.350360; 214622; 4
1670091435.375355; 214647; 4
1670091435.400355; 214672; 4
1670091435.425363; 214697; 4
1670091435.450360; 214722; 4
1670091435.475359; 214747; 4
1670091435.500359; 214772; 4
1670091435.525359; 214797; 4
1670091435.550364; 214822; 4
1670091435.575360; 214847; 4
1670091435.600359; 214872; 4
1670091435.625359; 214897; 4
1670091435.650364; 214922; 4
1670091435.675360; 214947; 4
1670091435.700359; 214972; 4
1670091435.725359; 214997; 4
1670091435.750364; 215022; 4
1670091435.775356; 215047; 4
1670091435.800355; 215072; 4
1670091435.825355; 215097; 4
1670091435.850363; 215122; 4
1670091435.875360; 215147; 4
1670091435.900359; 215172; 4
1670091435.925359; 215197; 4
1670091435.950359; 215222; 4
1670091435.975376; 215247; 4
1670091436.000356; 215272; 4
1670091436.025360; 215297; 4
1670091436.050356; 215322; 4
1670091436.075365; 215347; 4
1670091436.100357; 215372; 4
1670091436.125359; 215397; 4
1670091436.150359; 215422; 4
1670091436.175364; 215447; 4
1670091436.200356; 215472; 4
1670091436.225355; 215497; 4
1670091436.250355; 215522; 4
1670091436.275367; 215547; 4
1670091436.300360; 215572; 4
1670091436.325359; 215597; 4
1670091436.350359; 215622; 4
1670091436.375359; 215647; 4
1670091436.400364; 215672; 4
1670091436.425360; 215697; 4
1670091436.450355; 215722; 4
1670091436.475355; 215747; 4
1670091436.500360; 215772; 4
1670091436.525356; 215797; 4
1670091436.550355; 215822; 4
1670091436.575355; 215847; 4
1670091436.600364; 215872; 4
1670091436.625360; 215897; 4
1670091436.650359; 215922; 4
1670091436.675359; 215947; 4
1670091436.700366; 215972; 4
1670091436.725361; 215997; 4
1670091436.750355; 216022; 4
1670091436.775359; 216047; 4
1670091436.800382; 216072; 4
1670091436.825360; 216097; 5
1670091436.850360; 216122; 5
1670091436.875359; 216147; 5
1670091436.900359; 216172; 5
1670091436.925364; 216197; 5
1670091436.950360; 216222; 5
1670091436.975359; 216247; 5
1670091437.000396; 216272; 5
1670091437.025365; 216297; 5
1670091437.050357; 216322; 5
1670091437.075360; 216347; 5
1670091437.100356; 216372; 5
1670091437.125355; 216397; 5
1670091437.150363; 216422; 5
1670091437.175360; 216447; 5
1670091437.200359; 216472; 5
1670091437.225355; 216497; 5
1670091437.250360; 216522; 5
1670091437.275360; 216547; 5
1670091437.300359; 216572; 5
1670091437.325359; 216597; 5
1670091437.350364; 216622; 5
1670091437.375360; 216647; 5
1670091437.400359; 216672; 5
1670091437.425359; 216697; 5
1670091437.450364; 216722; 5
1670091437.475360; 216747; 5
1670091437.500359; 216772; 5
1670091437.525359; 216797; 5
1670091437.550359; 216822; 5
1670091437.575363; 216847; 5
1670091437.600360; 216872; 5
1670091437.625355; 216897; 5
1670091437.650355; 216922; 5
1670091437.675364; 216947; 5
1670091437.700360; 216972; 5
1670091437.725359; 216997; 5
1670091437.750359; 217022; 5
1670091437.775360; 217047; 5
1670091437.800356; 217072; 5
1670091437.825355; 217097; 5
1670091437.850355; 217122; 5
1670091437.875360; 217147; 5
1670091437.900356; 217172; 5
1670091437.925355; 217197; 5
1670091437.950355; 217222; 6
1670091437.975355; 217247; 6
1670091438.000367; 217272; 6
1670091438.025357; 217297; 6
1670091438.050360; 217322; 6
1670091438.075376; 217347; 6
1670091438.100365; 217372; 6
1670091438.125360; 217397; 6
1670091438.150359; 217422; 6
1670091438.175359; 217447; 6
1670091438.200364; 217472; 6
1670091438.225360; 217497; 6
1670091438.250355; 217522; 6
1670091438.275359; 217547; 6
1670091438.300358; 217572; 6
1670091438.325357; 217597; 6
1670091438.350359; 217622; 6
1670091438.375359; 217647; 6
1670091438.400359; 217672; 6
1670091438.425363; 217697; 6
1670091438.450360; 217722; 6
1670091438.475359; 217747; 7
1670091438.500359; 217772; 7
1670091438.525364; 217797; 7
1670091438.550360; 217822; 7
1670091438.575359; 217847; 7
1670091438.600359; 217872; 7
1670091438.625364; 217897; 7
1670091438.650360; 217922; 7
1670091438.675359; 217947; 7
1670091438.700359; 217972; 7
1670091438.725359; 217997; 7
1670091438.750364; 218022; 7
1670091438.775356; 218047; 9
1670091438.800355; 218072; 9
1670091438.825355; 218097; 9
1670091438.850363; 218122; 9
1670091438.875360; 218147; 10
1670091438.900355; 218172; 10
1670091438.925359; 218197; 10
1670091438.950364; 218222; 10
1670091438.975360; 218247; 13
1670091439.000355; 218272; 13
1670091439.025360; 218297; 13
1670091439.050361; 218322; 13
1670091439.075357; 218347; 13
1670091439.100356; 218372; 13
1670091439.125359; 218397; 13
1670091439.150360; 218422; 13
1670091439.175360; 218447; 14
1670091439.200355; 218472; 14
1670091439.225359; 218497; 14
1670091439.250363; 218522; 14
1670091439.275360; 218547; 13
1670091439.300359; 218572; 13
1670091439.325359; 218597; 13
1670091439.350359; 218622; 13
1670091439.375364; 218647; 13
1670091439.400360; 218672; 10
1670091439.425355; 218697; 10
1670091439.450359; 218722; 10
1670091439.475364; 218747; 10
1670091439.500360; 218772; 10
1670091439.525355; 218797; 10
1670091439.550359; 218822; 10
1670091439.575360; 218847; 10
1670091439.600360; 218872; 11
1670091439.625355; 218897; 11
1670091439.650359; 218922; 11
1670091439.675363; 218947; 11
1670091439.700360; 218972; 12
1670091439.725359; 218997; 12
1670091439.750359; 219022; 12
1670091439.775360; 219047; 12
1670091439.800360; 219072; 17
1670091439.825355; 219097; 17
1670091439.850359; 219122; 17
1670091439.875360; 219147; 17
1670091439.900360; 219172; 17
1670091439.925359; 219197; 17
1670091439.950359; 219222; 17
1670091439.975360; 219247; 17
1670091440.000360; 219272; 17
1670091440.025356; 219297; 17
1670091440.050360; 219322; 17
1670091440.075364; 219347; 17
1670091440.100357; 219372; 18
1670091440.125359; 219397; 18
1670091440.150359; 219422; 18
1670091440.175359; 219447; 18
1670091440.200364; 219472; 16
1670091440.225360; 219497; 16
1670091440.250359; 219522; 16
1670091440.275359; 219547; 16
1670091440.300364; 219572; 17
1670091440.325360; 219597; 17
1670091440.350359; 219622; 17
1670091440.375359; 219647; 17
1670091440.400360; 219672; 17
1670091440.425360; 219697; 17
1670091440.450355; 219722; 17
1670091440.475359; 219747; 17
1670091440.500367; 219772; 15
1670091440.525356; 219797; 15
1670091440.550355; 219822; 15
1670091440.575359; 219847; 15
1670091440.600364; 219872; 15
1670091440.625360; 219897; 8
1670091440.650359; 219922; 8
1670091440.675359; 219947; 8
1670091440.700364; 219972; 8
1670091440.725360; 219997; 5
1670091440.750359; 220022; 5
1670091440.775355; 220047; 5
1670091440.800355; 220072; 5
1670091440.825360; 220097; 4
1670091440.850356; 220122; 4
1670091440.875355; 220147; 4
1670091440.900359; 220172; 4
1670091440.925363; 220197; 4
1670091440.950360; 220222; 4
1670091440.975359; 220247; 4
1670091441.000359; 220272; 4
1670091441.025365; 220297; 4
1670091441.050357; 220322; 4
1670091441.075360; 220347; 4
1670091441.100356; 220372; 4
1670091441.125364; 220397; 4
1670091441.150360; 220422; 4
1670091441.175359; 220447; 4
1670091441.200359; 220472; 4
1670091441.225359; 220497; 4
1670091441.250364; 220522; 4
1670091441.275360; 220547; 4
1670091441.300369; 220572; 4
1670091441.325355; 220597; 4
1670091441.350367; 220622; 4
1670091441.375360; 220647; 4
1670091441.400359; 220672; 4
1670091441.425359; 220697; 4
1670091441.450364; 220722; 4
1670091441.475360; 220747; 4
1670091441.500359; 220772; 4
1670091441.525359; 220797; 4
1670091441.550364; 220822; 4
1670091441.575360; 220847; 4
1670091441.600359; 220872; 4
1670091441.625359; 220897; 4
1670091441.650359; 220922; 4
1670091441.675364; 220947; 4
1670091441.700360; 220972; 4
1670091441.725359; 220997; 4
1670091441.750359; 221022; 4
1670091441.775363; 221047; 4
1670091441.800360; 221072; 4
1670091441.825359; 221097; 4
1670091441.850359; 221122; 4
1670091441.875364; 221147; 4
1670091441.900360; 221172; 4
1670091441.925355; 221197; 4
1670091441.950355; 221222; 4
1670091441.975358; 221247; 4
1670091442.000357; 221272; 4
1670091442.025360; 221297; 4
1670091442.050356; 221322; 4
1670091442.075360; 221347; 4
1670091442.100365; 221372; 4
1670091442.125378; 221397; 4
1670091442.150359; 221422; 4
1670091442.175359; 221447; 4
1670091442.200367; 221472; 4
1670091442.225360; 221497; 4
1670091442.250359; 221522; 4
1670091442.275359; 221547; 4
1670091442.300364; 221572; 4
1670091442.325380; 221597; 4
1670091442.350355; 221622; 4
1670091442.375355; 221647; 4
1670091442.400355; 221672; 4
1670091442.425360; 221697; 4
1670091442.450356; 221722; 4
1670091442.475355; 221747; 4
1670091442.500355; 221772; 4
1670091442.525360; 221797; 4
1670091442.550356; 221822; 4
1670091442.575355; 221847; 4
1670091442.600355; 221872; 4
1670091442.625363; 221897; 4
1670091442.650360; 221922; 4
1670091442.675359; 221947; 4
1670091442.700359; 221972; 4
1670091442.725364; 221997; 4
1670091442.750356; 222022; 4
1670091442.775359; 222047; 4
1670091442.800359; 222072; 4
1670091442.825359; 222097; 4
1670091442.850364; 222122; 4
1670091442.875360; 222147; 4
1670091442.900359; 222172; 4
1670091442.925359; 222197; 4
1670091442.950360; 222222; 4
1670091442.975356; 222247; 4
1670091443.000355; 222272; 4
1670091443.025360; 222297; 4
1670091443.050364; 222322; 4
1670091443.075361; 222347; 4
1670091443.100356; 222372; 4
1670091443.125355; 222397; 4
1670091443.150382; 222422; 4
1670091443.175360; 222447; 4
1670091443.200359; 222472; 4
1670091443.225359; 222497; 4
1670091443.250359; 222522; 4
1670091443.275360; 222547; 4
1670091443.300356; 222572; 4
1670091443.325355; 222597; 4
1670091443.350354; 222622; 4
1670091443.375360; 222647; 4
1670091443.400372; 222672; 4
1670091443.425355; 222697; 4
1670091443.450355; 222722; 4
1670091443.475367; 222747; 4
1670091443.500360; 222772; 4
1670091443.525359; 222797; 4
1670091443.550359; 222822; 4
1670091443.575359; 222847; 4
1670091443.600357; 222872; 4
1670091443.625359; 222897; 4
1670091443.650359; 222922; 4
1670091443.675359; 222947; 4
1670091443.700364; 222972; 4
1670091443.725360; 222997; 4
1670091443.750359; 223022; 4
1670091443.775359; 223047; 4
1670091443.800364; 223072; 4
1670091443.825356; 223097; 4
1670091443.850355; 223122; 4
1670091443.875355; 223147; 4
1670091443.900363; 223172; 4
1670091443.925360; 223197; 4
1670091443.950359; 223222; 4
1670091443.975355; 223247; 4
1670091444.000355; 223272; 4
1670091444.025365; 223297; 4
1670091444.050357; 223322; 4
1670091444.075360; 223347; 4
1670091444.100356; 223372; 4
1670091444.125364; 223397; 4
1670091444.150360; 223422; 4
1670091444.175355; 223447; 4
1670091444.200355; 223472; 5
1670091444.225360; 223497; 5
1670091444.250356; 223522; 5
1670091444.275359; 223547; 5
1670091444.300359; 223572; 5
1670091444.325363; 223597; 5
1670091444.350360; 223622; 5
1670091444.375355; 223647; 5
1670091444.400355; 223672; 5
1670091444.425355; 223697; 5
1670091444.450360; 223722; 5
1670091444.475356; 223747; 5
1670091444.500359; 223772; 5
1670091444.525359; 223797; 5
1670091444.550364; 223822; 5
1670091444.575360; 223847; 5
1670091444.600359; 223872; 5
1670091444.625359; 223897; 5
1670091444.650360; 223922; 5
1670091444.675356; 223947; 5
1670091444.700355; 223972; 5
1670091444.725355; 223997; 5
1670091444.750363; 224022; 5
1670091444.775356; 224047; 5
1670091444.800359; 224072; 4
1670091444.825359; 224097; 4
1670091444.850359; 224122; 4
1670091444.875364; 224147; 4
1670091444.900360; 224172; 5
1670091444.925359; 224197; 5
1670091444.950359; 224222; 5
1670091444.975364; 224247; 5
1670091445.000360; 224272; 6
1670091445.025356; 224297; 6
1670091445.050360; 224322; 6
1670091445.075361; 224347; 6
1670091445.100361; 224372; 6
1670091445.125359; 224397; 6
1670091445.150359; 224422; 6
1670091445.175362; 224447; 6
1670091445.200357; 224472; 6
1670091445.225359; 224497; 6
1670091445.250359; 224522; 6
1670091445.275359; 224547; 6
1670091445.300364; 224572; 6
1670091445.325360; 224597; 7
1670091445.350359; 224622; 7
1670091445.375359; 224647; 7
1670091445.400360; 224672; 7
1670091445.425360; 224697; 7
1670091445.450359; 224722; 7
1670091445.475359; 224747; 7
1670091445.500364; 224772; 7
1670091445.525360; 224797; 8
1670091445.550359; 224822; 8
1670091445.575359; 224847; 8
1670091445.600359; 224872; 8
1670091445.625367; 224897; 8
1670091445.650360; 224922; 8
1670091445.675359; 224947; 8
1670091445.700359; 224972; 8
1670091445.725364; 224997; 6
1670091445.750360; 225022; 6
1670091445.775355; 225047; 6
1670091445.800355; 225072; 6
1670091445.825364; 225097; 5
1670091445.850360; 225122; 5
1670091445.875359; 225147; 5
1670091445.900359; 225172; 5
1670091445.925364; 225197; 5
1670091445.950360; 225222; 5
1670091445.975359; 225247; 5
1670091446.000359; 225272; 5
1670091446.025360; 225297; 6
1670091446.050365; 225322; 6
1670091446.075357; 225347; 6
1670091446.100360; 225372; 6
1670091446.125359; 225397; 7
1670091446.150364; 225422; 7
1670091446.175360; 225447; 7
1670091446.200359; 225472; 7
1670091446.225359; 225497; 10
1670091446.250360; 225522; 10
1670091446.275360; 225547; 10
1670091446.300359; 225572; 10
1670091446.325359; 225597; 10
1670091446.350360; 225622; 10
1670091446.375360; 225647; 10
1670091446.400355; 225672; 10
1670091446.425362; 225697; 10
1670091446.450367; 225722; 11
1670091446.475356; 225747; 11
1670091446.500359; 225772; 11
1670091446.525359; 225797; 11
1670091446.550359; 225822; 11
1670091446.575364; 225847; 11
1670091446.600360; 225872; 11
1670091446.625385; 225897; 11
1670091446.650355; 225922; 10
1670091446.675364; 225947; 10
1670091446.700356; 225972; 10
1670091446.725359; 225997; 10
1670091446.750359; 226022; 10
1670091446.775364; 226047; 10
1670091446.800360; 226072; 10
1670091446.825355; 226097; 10
1670091446.850359; 226122; 10
1670091446.875363; 226147; 10
1670091446.900360; 226172; 10
1670091446.925355; 226197; 10
1670091446.950359; 226222; 10
1670091446.975364; 226247; 10
1670091447.000360; 226272; 10
1670091447.025356; 226297; 10
1670091447.050360; 226322; 10
1670091447.075365; 226347; 10
1670091447.100361; 226372; 10
1670091447.125355; 226397; 10
1670091447.150359; 226422; 11
1670091447.175360; 226447; 11
1670091447.200360; 226472; 11
1670091447.225355; 226497; 11
1670091447.250355; 226522; 9
1670091447.275366; 226547; 9
1670091447.300361; 226572; 9
1670091447.325355; 226597; 9
1670091447.350355; 226622; 7
1670091447.375355; 226647; 7
1670091447.400360; 226672; 7
1670091447.425356; 226697; 7
1670091447.450372; 226722; 3
1670091447.475355; 226747; 3
1670091447.500360; 226772; 3
1670091447.525356; 226797; 3
1670091447.550355; 226822; 3
1670091447.575355; 226847; 4
1670091447.600360; 226872; 4
1670091447.625356; 226897; 4
1670091447.650364; 226922; 4
1670091447.675359; 226947; 3
1670091447.700359; 226972; 3
1670091447.725363; 226997; 3
1670091447.750360; 227022; 3
1670091447.775355; 227047; 7
1670091447.800355; 227072; 7
1670091447.825360; 227097; 7
1670091447.850356; 227122; 7
1670091447.875359; 227147; 5
1670091447.900359; 227172; 5
1670091447.925364; 227197; 5
1670091447.950360; 227222; 5
1670091447.975359; 227247; 4
1670091448.000359; 227272; 4
1670091448.025365; 227297; 4
1670091448.050357; 227322; 4
1670091448.075356; 227347; 4
1670091448.100360; 227372; 4
1670091448.125359; 227397; 4
1670091448.150367; 227422; 4
1670091448.175360; 227447; 4
1670091448.200359; 227472; 4
1670091448.225359; 227497; 4
1670091448.250364; 227522; 4
1670091448.275360; 227547; 4
1670091448.300359; 227572; 4
1670091448.325359; 227597; 4
1670091448.350364; 227622; 4
1670091448.375360; 227647; 4
1670091448.400359; 227672; 4
1670091448.425359; 227697; 4
1670091448.450364; 227722; 4
1670091448.475358; 227747; 4
1670091448.500359; 227772; 4
1670091448.525359; 227797; 4
1670091448.550359; 227822; 4
1670091448.575367; 227847; 4
1670091448.600360; 227872; 4
1670091448.625359; 227897; 4
1670091448.650359; 227922; 4
1670091448.675359; 227947; 4
1670091448.700360; 227972; 4
1670091448.725359; 227997; 4
1670091448.750359; 228022; 4
1670091448.775360; 228047; 4
1670091448.800356; 228072; 4
1670091448.825359; 228097; 4
1670091448.850359; 228122; 4
1670091448.875358; 228147; 4
1670091448.900357; 228172; 3
1670091448.925359; 228197; 3
1670091448.950359; 228222; 3
1670091448.975359; 228247; 3
1670091449.000363; 228272; 3
1670091449.025361; 228297; 3
1670091449.050356; 228322; 3
1670091449.075360; 228347; 3
1670091449.100361; 228372; 3
1670091449.125356; 228397; 3
1670091449.150359; 228422; 3
1670091449.175359; 228447; 3
1670091449.200364; 228472; 3
1670091449.225360; 228497; 3
1670091449.250359; 228522; 3
1670091449.275359; 228547; 3
1670091449.300359; 228572; 3
1670091449.325364; 228597; 3
1670091449.350360; 228622; 3
1670091449.375359; 228647; 3
1670091449.400359; 228672; 3
1670091449.425363; 228697; 3
1670091449.450360; 228722; 3
1670091449.475359; 228747; 3
1670091449.500355; 228772; 3
1670091449.525360; 228797; 3
1670091449.550356; 228822; 3
1670091449.575355; 228847; 3
1670091449.600355; 228872; 3
1670091449.625360; 228897; 3
1670091449.650356; 228922; 3
1670091449.675359; 228947; 3
1670091449.700359; 228972; 3
1670091449.725359; 228997; 3
1670091449.750364; 229022; 3
1670091449.775356; 229047; 3
1670091449.800355; 229072; 3
1670091449.825355; 229097; 3
1670091449.850367; 229122; 3
1670091449.875360; 229147; 3
1670091449.900359; 229172; 3
1670091449.925355; 229197; 3
1670091449.950360; 229222; 3
1670091449.975356; 229247; 3
1670091450.000355; 229272; 3
1670091450.025360; 229297; 3
1670091450.050361; 229322; 3
1670091450.075361; 229347; 3
1670091450.100356; 229372; 3
1670091450.125355; 229397; 3
1670091450.150355; 229422; 3
1670091450.175360; 229447; 3
1670091450.200356; 229472; 3
1670091450.225355; 229497; 3
1670091450.250355; 229522; 3
1670091450.275367; 229547; 3
1670091450.300360; 229572; 3
1670091450.325355; 229597; 3
1670091450.350355; 229622; 3
1670091450.375364; 229647; 3
1670091450.400360; 229672; 3
1670091450.425359; 229697; 3
1670091450.450359; 229722; 3
1670091450.475359; 229747; 3
1670091450.500357; 229772; 3
1670091450.525359; 229797; 3
1670091450.550359; 229822; 3
1670091450.575359; 229847; 3
1670091450.600364; 229872; 3
1670091450.625360; 229897; 3
1670091450.650359; 229922; 3
1670091450.675359; 229947; 3
1670091450.700363; 229972; 3
1670091450.725356; 229997; 3
1670091450.750355; 230022; 3
1670091450.775356; 230047; 3
1670091450.800360; 230072; 3
1670091450.825356; 230097; 3
1670091450.850359; 230122; 3
1670091450.875359; 230147; 3
1670091450.900359; 230172; 3
1670091450.925364; 230197; 3
1670091450.950360; 230222; 3
1670091450.975359; 230247; 3
1670091451.000359; 230272; 3
1670091451.025361; 230297; 3
1670091451.050361; 230322; 3
1670091451.075356; 230347; 3
1670091451.100360; 230372; 3
1670091451.125363; 230397; 3
1670091451.150360; 230422; 3
1670091451.175359; 230447; 3
1670091451.200359; 230472; 3
1670091451.225364; 230497; 3
1670091451.250360; 230522; 3
1670091451.275359; 230547; 3
1670091451.300359; 230572; 3
1670091451.325359; 230597; 3
1670091451.350364; 230622; 3
1670091451.375360; 230647; 3
1670091451.400359; 230672; 3
1670091451.425359; 230697; 3
1670091451.450364; 230722; 3
1670091451.475360; 230747; 3
1670091451.500359; 230772; 3
1670091451.525359; 230797; 3
1670091451.550367; 230822; 3
1670091451.575360; 230847; 3
1670091451.600359; 230872; 3
1670091451.625359; 230897; 3
1670091451.650364; 230922; 3
1670091451.675360; 230947; 3
1670091451.700359; 230972; 3
1670091451.725359; 230997; 3
1670091451.750370; 231022; 3
1670091451.775360; 231047; 3
1670091451.800356; 231072; 3
1670091451.825355; 231097; 3
1670091451.850355; 231122; 3
1670091451.875360; 231147; 3
1670091451.900356; 231172; 3
1670091451.925355; 231197; 3
1670091451.950391; 231222; 3
1670091451.975363; 231247; 3
1670091452.000360; 231272; 3
1670091452.025360; 231297; 3
1670091452.050356; 231322; 3
1670091452.075360; 231347; 3
1670091452.100363; 231372; 3
1670091452.125355; 231397; 3
1670091452.150355; 231422; 3
1670091452.175355; 231447; 3
1670091452.200364; 231472; 3
1670091452.225360; 231497; 3
1670091452.250359; 231522; 3
1670091452.275359; 231547; 4
1670091452.300364; 231572; 4
1670091452.325360; 231597; 4
1670091452.350359; 231622; 4
1670091452.375359; 231647; 5
1670091452.400363; 231672; 5
1670091452.425360; 231697; 5
1670091452.450359; 231722; 5
1670091452.475359; 231747; 5
1670091452.500359; 231772; 5
1670091452.525364; 231797; 5
1670091452.550360; 231822; 5
1670091452.575355; 231847; 5
1670091452.600355; 231872; 5
1670091452.625360; 231897; 5
1670091452.650356; 231922; 5
1670091452.675359; 231947; 5
1670091452.700359; 231972; 5
1670091452.725364; 231997; 5
1670091452.750360; 232022; 5
1670091452.775379; 232047; 5
1670091452.800359; 232072; 5
1670091452.825363; 232097; 5
1670091452.850360; 232122; 5
1670091452.875359; 232147; 5
1670091452.900359; 232172; 5
1670091452.925359; 232197; 5
1670091452.950364; 232222; 5
1670091452.975370; 232247; 5
1670091453.000355; 232272; 5
1670091453.025360; 232297; 5
1670091453.050361; 232322; 5
1670091453.075361; 232347; 5
1670091453.100356; 232372; 5
1670091453.125355; 232397; 5
1670091453.150360; 232422; 5
1670091453.175356; 232447; 5
1670091453.200359; 232472; 5
1670091453.225359; 232497; 5
1670091453.250367; 232522; 5
1670091453.275360; 232547; 5
1670091453.300359; 232572; 5
1670091453.325359; 232597; 5
1670091453.350359; 232622; 5
1670091453.375364; 232647; 5
1670091453.400360; 232672; 5
1670091453.425359; 232697; 5
1670091453.450359; 232722; 5
1670091453.475364; 232747; 5
1670091453.500360; 232772; 5
1670091453.525359; 232797; 5
1670091453.550359; 232822; 5
1670091453.575364; 232847; 5
1670091453.600360; 232872; 6
1670091453.625359; 232897; 6
1670091453.650355; 232922; 6
1670091453.675362; 232947; 6
1670091453.700361; 232972; 6
1670091453.725355; 232997; 6
1670091453.750355; 233022; 6
1670091453.775359; 233047; 6
1670091453.800360; 233072; 6
1670091453.825356; 233097; 6
1670091453.850355; 233122; 6
1670091453.875355; 233147; 6
1670091453.900360; 233172; 6
1670091453.925356; 233197; 6
1670091453.950355; 233222; 6
1670091453.975355; 233247; 6
1670091454.000364; 233272; 6
1670091454.025361; 233297; 6
1670091454.050358; 233322; 6
1670091454.075360; 233347; 6
1670091454.100356; 233372; 6
1670091454.125367; 233397; 6
1670091454.150360; 233422; 6
1670091454.175359; 233447; 6
1670091454.200359; 233472; 6
1670091454.225364; 233497; 6
1670091454.250360; 233522; 6
1670091454.275359; 233547; 6
1670091454.300359; 233572; 6
1670091454.325364; 233597; 6
1670091454.350360; 233622; 6
1670091454.375359; 233647; 6
1670091454.400359; 233672; 6
1670091454.425360; 233697; 6
1670091454.450356; 233722; 6
1670091454.475359; 233747; 6
1670091454.500359; 233772; 6
1670091454.525359; 233797; 6
1670091454.550363; 233822; 6
1670091454.575360; 233847; 6
1670091454.600359; 233872; 6
1670091454.625355; 233897; 7
1670091454.650360; 233922; 7
1670091454.675356; 233947; 7
1670091454.700355; 233972; 7
1670091454.725355; 233997; 7
1670091454.750360; 234022; 7
1670091454.775360; 234047; 7
1670091454.800359; 234072; 7
1670091454.825358; 234097; 8
1670091454.850364; 234122; 8
1670091454.875356; 234147; 8
1670091454.900359; 234172; 8
1670091454.925359; 234197; 9
1670091454.950359; 234222; 9
1670091454.975363; 234247; 9
1670091455.000360; 234272; 9
1670091455.025356; 234297; 10
1670091455.050360; 234322; 10
1670091455.075365; 234347; 10
1670091455.100357; 234372; 10
1670091455.125359; 234397; 11
1670091455.150359; 234422; 11
1670091455.175360; 234447; 11
1670091455.200360; 234472; 11
1670091455.225355; 234497; 12
1670091455.250359; 234522; 12
1670091455.275360; 234547; 12
1670091455.300360; 234572; 12
1670091455.325359; 234597; 13
1670091455.350359; 234622; 13
1670091455.375363; 234647; 13
1670091455.400360; 234672; 13
1670091455.425359; 234697; 16
1670091455.450359; 234722; 16
1670091455.475364; 234747; 16
1670091455.500360; 234772; 16
1670091455.525359; 234797; 19
1670091455.550359; 234822; 19
1670091455.575359; 234847; 19
1670091455.600360; 234872; 19
1670091455.625360; 234897; 22
1670091455.650355; 234922; 22
1670091455.675359; 234947; 22
1670091455.700364; 234972; 22
1670091455.725360; 234997; 22
1670091455.750355; 235022; 26
1670091455.775355; 235047; 26
1670091455.800363; 235072; 26
1670091455.825360; 235097; 26
1670091455.850359; 235122; 31
1670091455.875359; 235147; 31
1670091455.900364; 235172; 31
1670091455.925360; 235197; 31
1670091455.950355; 235222; 37
1670091455.975359; 235247; 37
1670091456.000360; 235272; 37
1670091456.025361; 235297; 37
1670091456.050360; 235322; 41
1670091456.075356; 235347; 41
1670091456.100361; 235372; 41
1670091456.125360; 235397; 41
1670091456.150359; 235422; 40
1670091456.175359; 235447; 40
1670091456.200363; 235472; 40
1670091456.225360; 235497; 40
1670091456.250359; 235522; 38
1670091456.275359; 235547; 38
1670091456.300364; 235572; 38
1670091456.325360; 235597; 38
1670091456.350359; 235622; 36
1670091456.375359; 235647; 36
1670091456.400359; 235672; 36
1670091456.425360; 235697; 36
1670091456.450360; 235722; 34
1670091456.475355; 235747; 34
1670091456.500359; 235772; 34
1670091456.525360; 235797; 34
1670091456.550360; 235822; 31
1670091456.575359; 235847; 31
1670091456.600359; 235872; 31
1670091456.625367; 235897; 31
1670091456.650356; 235922; 29
1670091456.675359; 235947; 29
1670091456.700359; 235972; 29
1670091456.725364; 235997; 29
1670091456.750360; 236022; 27
1670091456.775359; 236047; 27
1670091456.800359; 236072; 27
1670091456.825360; 236097; 27
1670091456.850360; 236122; 27
1670091456.875359; 236147; 25
1670091456.900359; 236172; 25
1670091456.925360; 236197; 25
1670091456.950360; 236222; 25
1670091456.975355; 236247; 25
1670091457.000359; 236272; 25
1670091457.025369; 236297; 25
1670091457.050361; 236322; 25
1670091457.075371; 236347; 24
1670091457.100360; 236372; 24
1670091457.125363; 236397; 24
1670091457.150361; 236422; 24
1670091457.175355; 236447; 23
1670091457.200359; 236472; 23
1670091457.225359; 236497; 23
1670091457.250360; 236522; 23
1670091457.275376; 236547; 22
1670091457.300355; 236572; 22
1670091457.325359; 236597; 22
1670091457.350364; 236622; 22
1670091457.375360; 236647; 20
1670091457.400359; 236672; 20
1670091457.425359; 236697; 20
1670091457.450367; 236722; 20
1670091457.475356; 236747; 17
1670091457.500355; 236772; 17
1670091457.525359; 236797; 17
1670091457.550364; 236822; 17
1670091457.575360; 236847; 16
1670091457.600355; 236872; 16
1670091457.625359; 236897; 16
1670091457.650360; 236922; 16
1670091457.675360; 236947; 13
1670091457.700359; 236972; 13
1670091457.725359; 236997; 13
1670091457.750364; 237022; 13
1670091457.775356; 237047; 13
1670091457.800359; 237072; 13
1670091457.825359; 237097; 13
1670091457.850363; 237122; 13
1670091457.875360; 237147; 14
1670091457.900355; 237172; 14
1670091457.925359; 237197; 14
1670091457.950359; 237222; 14
1670091457.975361; 237247; 14
1670091458.000355; 237272; 13
1670091458.025360; 237297; 13
1670091458.050356; 237322; 13
1670091458.075361; 237347; 13
1670091458.100383; 237372; 12
1670091458.125355; 237397; 12
1670091458.150359; 237422; 12
1670091458.175360; 237447; 12
1670091458.200360; 237472; 10
1670091458.225359; 237497; 10
1670091458.250359; 237522; 10
1670091458.275363; 237547; 10
1670091458.300371; 237572; 9
1670091458.325355; 237597; 9
1670091458.350355; 237622; 9
1670091458.375360; 237647; 9
1670091458.400356; 237672; 8
1670091458.425355; 237697; 8
1670091458.450355; 237722; 8
1670091458.475360; 237747; 8
1670091458.500356; 237772; 8
1670091458.525359; 237797; 8
1670091458.550359; 237822; 8
1670091458.575355; 237847; 8
1670091458.600360; 237872; 6
1670091458.625356; 237897; 6
1670091458.650359; 237922; 6
1670091458.675359; 237947; 6
1670091458.700363; 237972; 4
1670091458.725360; 237997; 4
1670091458.750359; 238022; 4
1670091458.775355; 238047; 4
1670091458.800360; 238072; 4
1670091458.825356; 238097; 4
1670091458.850355; 238122; 4
1670091458.875355; 238147; 4
1670091458.900360; 238172; 4
1670091458.925356; 238197; 4
1670091458.950355; 238222; 4
1670091458.975355; 238247; 4
1670091459.000355; 238272; 4
1670091459.025365; 238297; 4
1670091459.050357; 238322; 4
1670091459.075360; 238347; 4
1670091459.100356; 238372; 4
1670091459.125363; 238397; 4
1670091459.150356; 238422; 4
1670091459.175355; 238447; 4
1670091459.200355; 238472; 4
1670091459.225360; 238497; 4
1670091459.250356; 238522; 4
1670091459.275355; 238547; 4
1670091459.300355; 238572; 4
1670091459.325363; 238597; 4
1670091459.350357; 238622; 4
1670091459.375379; 238647; 4
1670091459.400359; 238672; 4
1670091459.425359; 238697; 4
1670091459.450364; 238722; 4
1670091459.475360; 238747; 4
1670091459.500359; 238772; 4
1670091459.525359; 238797; 4
1670091459.550363; 238822; 4
1670091459.575360; 238847; 4
1670091459.600359; 238872; 4
1670091459.625359; 238897; 4
1670091459.650364; 238922; 4
1670091459.675360; 238947; 4
1670091459.700359; 238972; 4
1670091459.725359; 238997; 4
1670091459.750359; 239022; 4
1670091459.775360; 239047; 4
1670091459.800356; 239072; 4
1670091459.825355; 239097; 4
1670091459.850355; 239122; 4
1670091459.875360; 239147; 4
1670091459.900356; 239172; 4
1670091459.925355; 239197; 3
1670091459.950359; 239222; 3
1670091459.975363; 239247; 3
1670091460.000360; 239272; 3
1670091460.025356; 239297; 4
1670091460.050360; 239322; 4
1670091460.075361; 239347; 4
1670091460.100361; 239372; 4
1670091460.125359; 239397; 4
1670091460.150355; 239422; 4
1670091460.175355; 239447; 4
1670091460.200360; 239472; 4
1670091460.225356; 239497; 4
1670091460.250355; 239522; 4
1670091460.275355; 239547; 4
1670091460.300360; 239572; 4
1670091460.325356; 239597; 4
1670091460.350355; 239622; 4
1670091460.375359; 239647; 4
1670091460.400363; 239672; 4
1670091460.425360; 239697; 4
1670091460.450359; 239722; 4
1670091460.475359; 239747; 4
1670091460.500364; 239772; 4
1670091460.525360; 239797; 4
1670091460.550359; 239822; 4
1670091460.575359; 239847; 4
1670091460.600359; 239872; 4
1670091460.625364; 239897; 4
1670091460.650360; 239922; 4
1670091460.675359; 239947; 4
1670091460.700359; 239972; 4
1670091460.725364; 239997; 4
1670091460.750360; 240022; 4
1670091460.775359; 240047; 4
1670091460.800359; 240072; 4
1670091460.825367; 240097; 4
1670091460.850360; 240122; 4
1670091460.875359; 240147; 4
1670091460.900359; 240172; 4
1670091460.925359; 240197; 4
1670091460.950357; 240222; 4
1670091460.975359; 240247; 4
1670091461.000359; 240272; 4
1670091461.025360; 240297; 4
1670091461.050365; 240322; 4
1670091461.075357; 240347; 4
1670091461.100360; 240372; 4
1670091461.125359; 240397; 4
1670091461.150364; 240422; 4
1670091461.175360; 240447; 4
1670091461.200359; 240472; 4
1670091461.225359; 240497; 4
1670091461.250363; 240522; 4
1670091461.275360; 240547; 4
1670091461.300359; 240572; 4
1670091461.325355; 240597; 4
1670091461.350359; 240622; 4
1670091461.375360; 240647; 4
1670091461.400360; 240672; 4
1670091461.425359; 240697; 4
1670091461.450359; 240722; 4
1670091461.475364; 240747; 4
1670091461.500360; 240772; 4
1670091461.525359; 240797; 4
1670091461.550359; 240822; 4
1670091461.575364; 240847; 4
1670091461.600360; 240872; 4
1670091461.625359; 240897; 4
1670091461.650359; 240922; 4
1670091461.675363; 240947; 4
1670091461.700360; 240972; 4
1670091461.725359; 240997; 4
1670091461.750359; 241022; 4
1670091461.775355; 241047; 4
1670091461.800364; 241072; 4
1670091461.825360; 241097; 4
1670091461.850355; 241122; 4
1670091461.875355; 241147; 4
1670091461.900360; 241172; 4
1670091461.925356; 241197; 4
1670091461.950355; 241222; 4
1670091461.975355; 241247; 4
1670091462.000364; 241272; 4
1670091462.025361; 241297; 4
1670091462.050356; 241322; 4
1670091462.075360; 241347; 4
1670091462.100368; 241372; 4
1670091462.125360; 241397; 4
1670091462.150359; 241422; 4
1670091462.175359; 241447; 4
1670091462.200355; 241472; 4
1670091462.225360; 241497; 4
1670091462.250356; 241522; 4
1670091462.275359; 241547; 4
1670091462.300359; 241572; 4
1670091462.325364; 241597; 4
1670091462.350360; 241622; 4
1670091462.375359; 241647; 4
1670091462.400367; 241672; 4
1670091462.425364; 241697; 4
1670091462.450360; 241722; 4
1670091462.475359; 241747; 4
1670091462.500359; 241772; 4
1670091462.525362; 241797; 4
1670091462.550361; 241822; 4
1670091462.575355; 241847; 4
1670091462.600364; 241872; 4
1670091462.625359; 241897; 4
1670091462.650364; 241922; 4
1670091462.675360; 241947; 4
1670091462.700359; 241972; 4
1670091462.725359; 241997; 4
1670091462.750364; 242022; 4
1670091462.775356; 242047; 4
1670091462.800355; 242072; 4
1670091462.825359; 242097; 4
1670091462.850364; 242122; 4
1670091462.875360; 242147; 4
1670091462.900359; 242172; 4
1670091462.925359; 242197; 4
1670091462.950359; 242222; 4
1670091462.975363; 242247; 4
1670091463.000360; 242272; 4
1670091463.025360; 242297; 4
1670091463.050356; 242322; 4
1670091463.075365; 242347; 4
1670091463.100357; 242372; 4
1670091463.125359; 242397; 4
1670091463.150359; 242422; 4
1670091463.175364; 242447; 4
1670091463.200360; 242472; 4
1670091463.225359; 242497; 4
1670091463.250359; 242522; 4
1670091463.275364; 242547; 4
1670091463.300360; 242572; 4
1670091463.325359; 242597; 4
1670091463.350359; 242622; 4
1670091463.375359; 242647; 4
1670091463.400363; 242672; 4
1670091463.425372; 242697; 4
1670091463.450355; 242722; 4
1670091463.475355; 242747; 4
1670091463.500360; 242772; 4
1670091463.525356; 242797; 4
1670091463.550355; 242822; 4
1670091463.575355; 242847; 4
1670091463.600360; 242872; 4
1670091463.625366; 242897; 4
1670091463.650359; 242922; 4
1670091463.675359; 242947; 4
1670091463.700364; 242972; 4
1670091463.725360; 242997; 4
1670091463.750359; 243022; 4
1670091463.775355; 243047; 4
1670091463.800355; 243072; 4
1670091463.825363; 243097; 4
1670091463.850356; 243122; 4
1670091463.875355; 243147; 4
1670091463.900355; 243172; 4
1670091463.925360; 243197; 4
1670091463.950356; 243222; 4
1670091463.975355; 243247; 4
1670091464.000355; 243272; 4
1670091464.025365; 243297; 4
1670091464.050357; 243322; 4
1670091464.075360; 243347; 4
1670091464.100356; 243372; 4
1670091464.125359; 243397; 4
1670091464.150357; 243422; 4
1670091464.175359; 243447; 4
1670091464.200359; 243472; 4
1670091464.225359; 243497; 4
1670091464.250363; 243522; 4
1670091464.275360; 243547; 4
1670091464.300359; 243572; 4
1670091464.325359; 243597; 4
1670091464.350364; 243622; 4
1670091464.375360; 243647; 4
1670091464.400359; 243672; 4
1670091464.425359; 243697; 4
1670091464.450360; 243722; 4
1670091464.475356; 243747; 4
1670091464.500355; 243772; 4
1670091464.525355; 243797; 4
1670091464.550355; 243822; 4
1670091464.575360; 243847; 4
1670091464.600356; 243872; 4
1670091464.625355; 243897; 4
1670091464.650355; 243922; 4
1670091464.675367; 243947; 4
1670091464.700384; 243972; 4
1670091464.725355; 243997; 4
1670091464.750355; 244022; 4
1670091464.775364; 244047; 4
1670091464.800360; 244072; 4
1670091464.825359; 244097; 4
1670091464.850359; 244122; 4
1670091464.875360; 244147; 4
1670091464.900356; 244172; 4
1670091464.925359; 244197; 4
1670091464.950359; 244222; 4
1670091464.975359; 244247; 4
1670091465.000364; 244272; 4
1670091465.025361; 244297; 4
1670091465.050356; 244322; 4
1670091465.075360; 244347; 4
1670091465.100364; 244372; 4
1670091465.125356; 244397; 4
1670091465.150355; 244422; 4
1670091465.175355; 244447; 4
1670091465.200360; 244472; 4
1670091465.225356; 244497; 4
1670091465.250355; 244522; 4
1670091465.275359; 244547; 4
1670091465.300364; 244572; 4
1670091465.325360; 244597; 4
1670091465.350359; 244622; 4
1670091465.375359; 244647; 4
1670091465.400359; 244672; 4
1670091465.425364; 244697; 4
1670091465.450360; 244722; 4
1670091465.475358; 244747; 4
1670091465.500359; 244772; 4
1670091465.525367; 244797; 4
1670091465.550360; 244822; 4
1670091465.575359; 244847; 4
1670091465.600359; 244872; 4
1670091465.625364; 244897; 4
1670091465.650360; 244922; 4
1670091465.675359; 244947; 4
1670091465.700359; 244972; 4
1670091465.725358; 244997; 4
1670091465.750357; 245022; 4
1670091465.775355; 245047; 4
1670091465.800355; 245072; 4
1670091465.825355; 245097; 4
1670091465.850364; 245122; 4
1670091465.875360; 245147; 4
1670091465.900359; 245172; 4
1670091465.925359; 245197; 4
1670091465.950363; 245222; 4
1670091465.975360; 245247; 4
1670091466.000359; 245272; 4
1670091466.025360; 245297; 4
1670091466.050361; 245322; 4
1670091466.075361; 245347; 4
1670091466.100356; 245372; 4
1670091466.125355; 245397; 4
1670091466.150355; 245422; 4
1670091466.175360; 245447; 4
1670091466.200356; 245472; 4
1670091466.225355; 245497; 4
1670091466.250355; 245522; 4
1670091466.275360; 245547; 4
1670091466.300356; 245572; 4
1670091466.325355; 245597; 4
1670091466.350359; 245622; 4
1670091466.375363; 245647; 4
1670091466.400360; 245672; 4
1670091466.425359; 245697; 4
1670091466.450359; 245722; 4
1670091466.475364; 245747; 4
1670091466.500361; 245772; 4
1670091466.525359; 245797; 4
1670091466.550359; 245822; 4
1670091466.575359; 245847; 4
1670091466.600364; 245872; 4
1670091466.625360; 245897; 4
1670091466.650359; 245922; 4
1670091466.675359; 245947; 4
1670091466.700360; 245972; 4
1670091466.725360; 245997; 4
1670091466.750359; 246022; 4
1670091466.775355; 246047; 4
1670091466.800367; 246072; 4
1670091466.825360; 246097; 4
