1670091589.362835; 368634; 7
1670091589.387363; 368659; 7
1670091589.412359; 368684; 7
1670091589.437359; 368709; 7
1670091589.462359; 368734; 7
1670091589.487373; 368759; 7
1670091589.512355; 368784; 7
1670091589.537354; 368809; 7
1670091589.562354; 368834; 7
1670091589.587359; 368859; 7
1670091589.612355; 368884; 7
1670091589.637354; 368909; 7
1670091589.662354; 368934; 7
1670091589.687359; 368959; 7
1670091589.712355; 368984; 7
1670091589.737354; 369009; 7
1670091589.762354; 369034; 7
1670091589.787359; 369059; 7
1670091589.812359; 369084; 8
1670091589.837364; 369109; 8
1670091589.862354; 369134; 8
1670091589.887354; 369159; 8
1670091590.042194; 369313; 9
1670091590.066362; 369338; 9
1670091590.091355; 369363; 9
1670091590.116360; 369388; 10
1670091590.141359; 369413; 10
1670091590.166355; 369438; 10
1670091590.191359; 369463; 10
1670091590.216354; 369488; 10
1670091590.241359; 369513; 10
1670091590.266355; 369538; 10
1670091590.291354; 369563; 10
1670091590.316354; 369588; 10
1670091590.341359; 369613; 10
1670091590.366355; 369638; 10
1670091590.391359; 369663; 10
1670091590.416354; 369688; 10
1670091590.441361; 369713; 10
1670091590.466362; 369738; 10
1670091590.491354; 369763; 10
1670091590.516354; 369788; 10
1670091590.541354; 369813; 9
1670091590.566359; 369838; 9
1670091590.591355; 369863; 9
1670091590.616359; 369888; 9
1670091590.641359; 369913; 9
1670091590.666364; 369938; 9
1670091590.691360; 369963; 9
1670091590.716359; 369988; 9
1670091590.741359; 370013; 8
1670091590.766364; 370038; 8
1670091590.791355; 370063; 8
1670091590.816363; 370088; 8
1670091590.841354; 370113; 7
1670091590.866368; 370138; 7
1670091590.891361; 370163; 7
1670091590.916359; 370188; 7
1670091590.941359; 370213; 7
1670091590.966359; 370238; 7
1670091590.991364; 370263; 7
1670091591.016355; 370288; 7
1670091591.041355; 370313; 7
1670091591.066358; 370338; 7
1670091591.091360; 370363; 7
1670091591.116362; 370388; 7
1670091591.141354; 370413; 7
1670091591.166354; 370438; 7
1670091591.191359; 370463; 7
1670091591.216355; 370488; 7
1670091591.241354; 370513; 6
1670091591.266354; 370538; 6
1670091591.291361; 370563; 6
1670091591.316356; 370588; 6
1670091591.341359; 370613; 6
1670091591.366359; 370638; 4
1670091591.391359; 370663; 4
1670091591.416364; 370688; 4
1670091591.441360; 370713; 4
1670091591.466359; 370738; 4
1670091591.491359; 370763; 4
1670091591.516364; 370788; 4
1670091591.541361; 370813; 4
1670091591.566359; 370838; 4
1670091591.591359; 370863; 4
1670091591.616364; 370888; 4
1670091591.641360; 370913; 4
1670091591.666359; 370938; 4
1670091591.691359; 370963; 4
1670091591.716359; 370988; 4
1670091591.741362; 371013; 4
1670091591.766355; 371038; 4
1670091591.791354; 371063; 4
1670091591.816354; 371088; 4
1670091591.841359; 371113; 4
1670091591.866355; 371138; 4
1670091591.891359; 371163; 4
1670091591.916359; 371188; 4
1670091591.941364; 371213; 4
1670091591.966360; 371238; 4
1670091591.991359; 371263; 4
1670091592.016359; 371288; 4
1670091592.041365; 371313; 4
1670091592.066356; 371338; 4
1670091592.091360; 371363; 4
1670091592.116360; 371388; 4
1670091592.141354; 371413; 4
1670091592.166368; 371438; 4
1670091592.191360; 371463; 4
1670091592.216359; 371488; 4
1670091592.241359; 371513; 4
1670091592.266359; 371538; 4
1670091592.291361; 371563; 4
1670091592.316359; 371588; 4
1670091592.341359; 371613; 4
1670091592.366364; 371638; 4
1670091592.391360; 371663; 4
1670091592.416359; 371688; 4
1670091592.441359; 371713; 4
1670091592.466359; 371738; 4
1670091592.491355; 371763; 4
1670091592.516354; 371788; 4
1670091592.541354; 371813; 4
1670091592.566354; 371838; 4
1670091592.591368; 371863; 4
1670091592.616361; 371888; 4
1670091592.641359; 371913; 4
1670091592.666359; 371938; 4
1670091592.691364; 371963; 4
1670091592.716360; 371988; 4
1670091592.741359; 372013; 4
1670091592.766359; 372038; 4
1670091592.791359; 372063; 4
1670091592.816355; 372088; 4
1670091592.841354; 372113; 4
1670091592.866354; 372138; 4
1670091592.891363; 372163; 4
1670091592.916362; 372188; 4
1670091592.941354; 372213; 4
1670091592.966354; 372238; 4
1670091592.991354; 372263; 4
1670091593.016368; 372288; 4
1670091593.041356; 372313; 4
1670091593.066369; 372338; 4
1670091593.091360; 372363; 4
1670091593.116365; 372388; 4
1670091593.141355; 372413; 4
1670091593.166354; 372438; 4
1670091593.191354; 372463; 5
1670091593.216359; 372488; 5
1670091593.241355; 372513; 5
1670091593.266395; 372538; 5
1670091593.291354; 372563; 5
1670091593.316354; 372588; 5
1670091593.341359; 372613; 5
1670091593.366355; 372638; 5
1670091593.391354; 372663; 6
1670091593.416354; 372688; 6
1670091593.441362; 372713; 6
1670091593.466355; 372738; 6
1670091593.491354; 372763; 6
1670091593.516354; 372788; 6
1670091593.541364; 372813; 6
1670091593.566361; 372838; 6
1670091593.591359; 372863; 6
1670091593.616359; 372888; 6
1670091593.641364; 372913; 6
1670091593.666360; 372938; 6
1670091593.691354; 372963; 6
1670091593.716354; 372988; 7
1670091593.741354; 373013; 7
1670091593.766359; 373038; 7
1670091593.791355; 373063; 7
1670091593.816354; 373088; 9
1670091593.841354; 373113; 9
1670091593.866368; 373138; 9
1670091593.891355; 373163; 9
1670091593.916354; 373188; 9
1670091593.941354; 373213; 9
1670091593.966359; 373238; 9
1670091593.991355; 373263; 9
1670091594.016354; 373288; 10
1670091594.041360; 373313; 10
1670091594.066360; 373338; 10
1670091594.091377; 373363; 10
1670091594.116355; 373388; 11
1670091594.141359; 373413; 11
1670091594.166363; 373438; 11
1670091594.191356; 373463; 11
1670091594.216359; 373488; 12
1670091594.241359; 373513; 12
1670091594.266359; 373538; 12
1670091594.291368; 373563; 12
1670091594.316360; 373588; 13
1670091594.341348; 373613; 13
1670091594.366359; 373638; 13
1670091594.391364; 373663; 13
1670091594.416355; 373688; 14
1670091594.441359; 373713; 14
1670091594.466359; 373738; 14
1670091594.491359; 373763; 14
1670091594.516361; 373788; 15
1670091594.541354; 373813; 15
1670091594.566354; 373838; 15
1670091594.591359; 373863; 15
1670091594.616355; 373888; 16
1670091594.641359; 373913; 16
1670091594.666359; 373938; 16
1670091594.691368; 373963; 16
1670091594.716361; 373988; 17
1670091594.741354; 374013; 17
1670091594.766359; 374038; 17
1670091594.791359; 374063; 17
1670091594.816355; 374088; 17
1670091594.841359; 374113; 18
1670091594.866359; 374138; 18
1670091594.891359; 374163; 18
1670091594.916355; 374188; 18
1670091594.941359; 374213; 18
1670091594.966359; 374238; 18
1670091594.991363; 374263; 18
1670091595.016356; 374288; 18
1670091595.041355; 374313; 18
1670091595.066360; 374338; 18
1670091595.091360; 374363; 18
1670091595.116364; 374388; 18
1670091595.141360; 374413; 19
1670091595.166354; 374438; 19
1670091595.191354; 374463; 19
1670091595.216359; 374488; 19
1670091595.241355; 374513; 23
1670091595.266359; 374538; 23
1670091595.291354; 374563; 23
1670091595.316368; 374588; 23
1670091595.341355; 374613; 17
1670091595.366359; 374638; 17
1670091595.391359; 374663; 17
1670091595.416359; 374688; 17
1670091595.441355; 374713; 6
1670091595.466354; 374738; 6
1670091595.491354; 374763; 6
1670091595.516368; 374788; 6
1670091595.541355; 374813; 15
1670091595.566359; 374838; 15
1670091595.591359; 374863; 15
1670091595.616364; 374888; 15
1670091595.641355; 374913; 5
1670091595.666354; 374938; 5
1670091595.691354; 374963; 5
1670091595.716354; 374988; 5
1670091595.741359; 375013; 4
1670091595.766355; 375038; 4
1670091595.791354; 375063; 4
1670091595.816354; 375088; 4
1670091595.841359; 375113; 4
1670091595.866355; 375138; 4
1670091595.891354; 375163; 4
1670091595.916354; 375188; 4
1670091595.941362; 375213; 4
1670091595.966355; 375238; 4
1670091595.991359; 375263; 4
1670091596.016359; 375288; 4
1670091596.041360; 375313; 4
1670091596.066362; 375338; 3
1670091596.091361; 375363; 3
1670091596.116355; 375388; 3
1670091596.141354; 375413; 3
1670091596.166359; 375438; 3
1670091596.191355; 375463; 3
1670091596.216354; 375488; 3
1670091596.241354; 375513; 3
1670091596.266359; 375538; 3
1670091596.291355; 375563; 3
1670091596.316354; 375588; 3
1670091596.341359; 375613; 3
1670091596.366368; 375638; 3
1670091596.391356; 375663; 3
1670091596.416354; 375688; 3
1670091596.441354; 375713; 3
1670091596.466363; 375738; 4
1670091596.491362; 375763; 4
1670091596.516354; 375788; 4
1670091596.541354; 375813; 4
1670091596.566359; 375838; 4
1670091596.591364; 375863; 4
1670091596.616360; 375888; 4
1670091596.641359; 375913; 4
1670091596.666359; 375938; 4
1670091596.691364; 375963; 4
1670091596.716360; 375988; 4
1670091596.741359; 376013; 4
1670091596.766354; 376038; 4
1670091596.791368; 376063; 4
1670091596.816355; 376088; 4
1670091596.841354; 376113; 4
1670091596.866354; 376138; 4
1670091596.891354; 376163; 4
1670091596.916359; 376188; 4
1670091596.941355; 376213; 4
1670091596.966354; 376238; 4
1670091596.991354; 376263; 4
1670091597.016359; 376288; 4
1670091597.041356; 376313; 4
1670091597.066360; 376338; 4
1670091597.091355; 376363; 4
1670091597.116365; 376388; 4
1670091597.141355; 376413; 4
1670091597.166359; 376438; 4
1670091597.191359; 376463; 4
1670091597.216368; 376488; 4
1670091597.241360; 376513; 4
1670091597.266359; 376538; 4
1670091597.291354; 376563; 4
1670091597.316354; 376588; 4
1670091597.341359; 376613; 4
1670091597.366355; 376638; 4
1670091597.391359; 376663; 4
1670091597.416359; 376688; 4
1670091597.441364; 376713; 4
1670091597.466361; 376738; 4
1670091597.491359; 376763; 4
1670091597.516359; 376788; 4
1670091597.541364; 376813; 4
1670091597.566360; 376838; 4
1670091597.591354; 376863; 4
1670091597.616354; 376888; 4
1670091597.641368; 376913; 4
1670091597.666360; 376938; 4
1670091597.691359; 376963; 4
1670091597.716359; 376988; 4
1670091597.741359; 377013; 4
1670091597.766364; 377038; 4
1670091597.791360; 377063; 4
1670091597.816359; 377088; 4
1670091597.841359; 377113; 4
1670091597.866364; 377138; 4
1670091597.891360; 377163; 5
1670091597.916359; 377188; 5
1670091597.941359; 377213; 5
1670091597.966364; 377238; 5
1670091597.991360; 377263; 5
1670091598.016359; 377288; 5
1670091598.041355; 377313; 5
1670091598.066368; 377338; 5
1670091598.091357; 377363; 6
1670091598.116355; 377388; 6
1670091598.141354; 377413; 6
1670091598.166354; 377438; 6
1670091598.191364; 377463; 7
1670091598.216360; 377488; 7
1670091598.241359; 377513; 7
1670091598.266359; 377538; 7
1670091598.291359; 377563; 7
1670091598.316355; 377588; 8
1670091598.341354; 377613; 8
1670091598.366354; 377638; 8
1670091598.391383; 377663; 8
1670091598.416355; 377688; 7
1670091598.441354; 377713; 7
1670091598.466354; 377738; 7
1670091598.491354; 377763; 7
1670091598.516368; 377788; 6
1670091598.541360; 377813; 6
1670091598.566359; 377838; 6
1670091598.591382; 377863; 6
1670091598.616359; 377888; 5
1670091598.641355; 377913; 5
1670091598.666354; 377938; 5
1670091598.691354; 377963; 5
1670091598.716359; 377988; 5
1670091598.741355; 378013; 5
1670091598.766354; 378038; 5
1670091598.791354; 378063; 5
1670091598.816359; 378088; 5
1670091598.841355; 378113; 5
1670091598.866359; 378138; 5
1670091598.891359; 378163; 5
1670091598.916359; 378188; 6
1670091598.941362; 378213; 6
1670091598.966355; 378238; 6
1670091598.991354; 378263; 6
1670091599.016359; 378288; 7
1670091599.041360; 378313; 7
1670091599.066362; 378338; 7
1670091599.091355; 378363; 7
1670091599.116360; 378388; 8
1670091599.141359; 378413; 8
1670091599.166355; 378438; 8
1670091599.191354; 378463; 8
1670091599.216359; 378488; 10
1670091599.241359; 378513; 10
1670091599.266360; 378538; 10
1670091599.291354; 378563; 10
1670091599.316354; 378588; 13
1670091599.341354; 378613; 13
1670091599.366368; 378638; 13
1670091599.391355; 378663; 13
1670091599.416372; 378688; 12
1670091599.441354; 378713; 12
1670091599.466359; 378738; 12
1670091599.491355; 378763; 12
1670091599.516359; 378788; 12
1670091599.541359; 378813; 12
1670091599.566359; 378838; 12
1670091599.591355; 378863; 12
1670091599.616358; 378888; 12
1670091599.641359; 378913; 13
1670091599.666390; 378938; 13
1670091599.691360; 378963; 13
1670091599.716354; 378988; 13
1670091599.741354; 379013; 14
1670091599.766368; 379038; 14
1670091599.791360; 379063; 14
1670091599.816354; 379088; 14
1670091599.841359; 379113; 16
1670091599.866364; 379138; 16
1670091599.891355; 379163; 16
1670091599.916359; 379188; 16
1670091599.941354; 379213; 17
1670091599.966359; 379238; 17
1670091599.991355; 379263; 17
1670091600.016359; 379288; 17
1670091600.041361; 379313; 16
1670091600.066360; 379338; 16
1670091600.091362; 379363; 16
1670091600.116361; 379388; 16
1670091600.141354; 379413; 21
1670091600.166354; 379438; 21
1670091600.191362; 379463; 21
1670091600.216361; 379488; 21
1670091600.241359; 379513; 24
1670091600.266359; 379538; 24
1670091600.291359; 379563; 24
1670091600.316355; 379588; 24
1670091600.341359; 379613; 28
1670091600.366359; 379638; 28
1670091600.391359; 379663; 28
1670091600.416355; 379688; 28
1670091600.441354; 379713; 21
1670091600.466354; 379738; 21
1670091600.491359; 379763; 21
1670091600.516355; 379788; 21
1670091600.541359; 379813; 6
1670091600.566359; 379838; 6
1670091600.591368; 379863; 6
1670091600.616360; 379888; 6
1670091600.641363; 379913; 6
1670091600.666354; 379938; 5
1670091600.691359; 379963; 5
1670091600.716355; 379988; 5
1670091600.741354; 380013; 5
1670091600.766354; 380038; 5
1670091600.791359; 380063; 5
1670091600.816364; 380088; 5
1670091600.841360; 380113; 5
1670091600.866354; 380138; 4
1670091600.891354; 380163; 4
1670091600.916364; 380188; 4
1670091600.941360; 380213; 4
1670091600.966359; 380238; 4
1670091600.991359; 380263; 4
1670091601.016368; 380288; 4
1670091601.041356; 380313; 4
1670091601.066355; 380338; 4
1670091601.091361; 380363; 4
1670091601.116364; 380388; 4
1670091601.141356; 380413; 4
1670091601.166359; 380438; 5
1670091601.191359; 380463; 5
1670091601.216359; 380488; 5
1670091601.241364; 380513; 5
1670091601.266355; 380538; 5
1670091601.291354; 380563; 5
1670091601.316354; 380588; 5
1670091601.341359; 380613; 5
1670091601.366355; 380638; 5
1670091601.391354; 380663; 5
1670091601.416354; 380688; 5
1670091601.441368; 380713; 5
1670091601.466360; 380738; 6
1670091601.491359; 380763; 6
1670091601.516359; 380788; 6
1670091601.541359; 380813; 6
1670091601.566364; 380838; 7
1670091601.591361; 380863; 7
1670091601.616359; 380888; 7
1670091601.641359; 380913; 7
1670091601.666364; 380938; 7
1670091601.691360; 380963; 7
1670091601.716360; 380988; 7
1670091601.741359; 381013; 7
1670091601.766364; 381038; 7
1670091601.791355; 381063; 7
1670091601.816354; 381088; 7
1670091601.841354; 381113; 7
1670091601.866368; 381138; 7
1670091601.891355; 381163; 8
1670091601.916354; 381188; 8
1670091601.941354; 381213; 8
1670091601.966354; 381238; 8
1670091601.991359; 381263; 9
1670091602.016355; 381288; 9
1670091602.041361; 381313; 9
1670091602.066355; 381338; 9
1670091602.091365; 381363; 11
1670091602.116356; 381388; 11
1670091602.141359; 381413; 11
1670091602.166359; 381438; 11
1670091602.191359; 381463; 14
1670091602.216355; 381488; 14
1670091602.241359; 381513; 14
1670091602.266359; 381538; 14
1670091602.291362; 381563; 15
1670091602.316360; 381588; 15
1670091602.341354; 381613; 15
1670091602.366354; 381638; 15
1670091602.391359; 381663; 15
1670091602.416355; 381688; 15
1670091602.441359; 381713; 15
1670091602.466359; 381738; 15
1670091602.491364; 381763; 17
1670091602.516355; 381788; 17
1670091602.541354; 381813; 17
1670091602.566354; 381838; 17
1670091602.591354; 381863; 17
1670091602.616359; 381888; 17
1670091602.641355; 381913; 17
1670091602.666359; 381938; 17
1670091602.691359; 381963; 18
1670091602.716362; 381988; 18
1670091602.741361; 382013; 18
1670091602.766354; 382038; 18
1670091602.791354; 382063; 20
1670091602.816359; 382088; 20
1670091602.841355; 382113; 20
1670091602.866359; 382138; 20
1670091602.891354; 382163; 22
1670091602.916359; 382188; 22
1670091602.941355; 382213; 22
1670091602.966354; 382238; 22
1670091602.991354; 382263; 22
1670091603.016359; 382288; 19
1670091603.041362; 382313; 19
1670091603.066361; 382338; 19
1670091603.091361; 382363; 19
1670091603.116369; 382388; 17
1670091603.141355; 382413; 17
1670091603.166359; 382438; 17
1670091603.191359; 382463; 17
1670091603.216364; 382488; 19
1670091603.241355; 382513; 19
1670091603.266354; 382538; 19
1670091603.291359; 382563; 19
1670091603.316364; 382588; 21
1670091603.341355; 382613; 21
1670091603.366359; 382638; 21
1670091603.391359; 382663; 21
1670091603.416359; 382688; 17
1670091603.441359; 382713; 17
1670091603.466355; 382738; 17
1670091603.491359; 382763; 17
1670091603.516354; 382788; 11
1670091603.541368; 382813; 11
1670091603.566360; 382838; 11
1670091603.591354; 382863; 11
1670091603.616354; 382888; 7
1670091603.641359; 382913; 7
1670091603.666355; 382938; 7
1670091603.691354; 382963; 7
1670091603.716385; 382988; 7
1670091603.741364; 383013; 7
1670091603.766360; 383038; 7
1670091603.791354; 383063; 7
1670091603.816354; 383088; 8
1670091603.841359; 383113; 8
1670091603.866355; 383138; 8
1670091603.891354; 383163; 8
1670091603.916371; 383188; 9
1670091603.941354; 383213; 9
1670091603.966362; 383238; 9
1670091603.991360; 383263; 9
1670091604.016359; 383288; 9
1670091604.041355; 383313; 9
1670091604.066360; 383338; 9
1670091604.091362; 383363; 9
1670091604.116355; 383388; 9
1670091604.141354; 383413; 10
1670091604.166359; 383438; 10
1670091604.191355; 383463; 10
1670091604.216359; 383488; 10
1670091604.241359; 383513; 11
1670091604.266359; 383538; 11
1670091604.291360; 383563; 11
1670091604.316354; 383588; 11
1670091604.341354; 383613; 11
1670091604.366368; 383638; 11
1670091604.391355; 383663; 11
1670091604.416359; 383688; 11
1670091604.441359; 383713; 11
1670091604.466359; 383738; 11
1670091604.491364; 383763; 11
1670091604.516355; 383788; 11
1670091604.541359; 383813; 11
1670091604.566359; 383838; 11
1670091604.591359; 383863; 11
1670091604.616355; 383888; 11
1670091604.641359; 383913; 11
1670091604.666354; 383938; 11
1670091604.691359; 383963; 11
1670091604.716355; 383988; 11
1670091604.741359; 384013; 11
1670091604.766374; 384038; 11
1670091604.791362; 384063; 11
1670091604.816361; 384088; 11
1670091604.841354; 384113; 10
1670091604.866354; 384138; 10
1670091604.891368; 384163; 10
1670091604.916355; 384188; 10
1670091604.941360; 384213; 9
1670091604.966354; 384238; 9
1670091604.991359; 384263; 9
1670091605.016355; 384288; 9
1670091605.041361; 384313; 8
1670091605.066355; 384338; 8
1670091605.091359; 384363; 8
1670091605.116363; 384388; 8
1670091605.141354; 384413; 8
1670091605.166359; 384438; 8
1670091605.191359; 384463; 8
1670091605.216362; 384488; 8
1670091605.241355; 384513; 7
1670091605.266354; 384538; 7
1670091605.291354; 384563; 7
1670091605.316359; 384588; 7
1670091605.341355; 384613; 7
1670091605.366359; 384638; 7
1670091605.391359; 384663; 7
1670091605.416364; 384688; 7
1670091605.441360; 384713; 7
1670091605.466359; 384738; 5
1670091605.491359; 384763; 5
1670091605.516359; 384788; 5
1670091605.541364; 384813; 5
1670091605.566355; 384838; 4
1670091605.591354; 384863; 4
1670091605.616354; 384888; 4
1670091605.641362; 384913; 4
1670091605.666360; 384938; 4
1670091605.691359; 384963; 4
1670091605.716354; 384988; 4
1670091605.741359; 385013; 4
1670091605.766355; 385038; 4
1670091605.791354; 385063; 4
1670091605.816354; 385088; 4
1670091605.841359; 385113; 4
1670091605.866355; 385138; 4
1670091605.891354; 385163; 4
1670091605.916359; 385188; 4
1670091605.941359; 385213; 4
1670091605.966359; 385238; 4
1670091605.991355; 385263; 4
1670091606.016359; 385288; 4
1670091606.041355; 385313; 4
1670091606.066363; 385338; 4
1670091606.091362; 385363; 4
1670091606.116355; 385388; 4
1670091606.141354; 385413; 4
1670091606.166359; 385438; 4
1670091606.191360; 385463; 4
1670091606.216359; 385488; 4
1670091606.241359; 385513; 4
1670091606.266364; 385538; 4
1670091606.291355; 385563; 4
1670091606.316354; 385588; 4
1670091606.341354; 385613; 4
1670091606.366354; 385638; 4
1670091606.391359; 385663; 4
1670091606.416355; 385688; 4
1670091606.441354; 385713; 4
1670091606.466354; 385738; 4
1670091606.491368; 385763; 4
1670091606.516360; 385788; 4
1670091606.541359; 385813; 4
1670091606.566359; 385838; 4
1670091606.591364; 385863; 4
1670091606.616360; 385888; 4
1670091606.641359; 385913; 4
1670091606.666359; 385938; 4
1670091606.691363; 385963; 4
1670091606.716362; 385988; 4
1670091606.741354; 386013; 4
1670091606.766354; 386038; 4
1670091606.791354; 386063; 4
1670091606.816359; 386088; 4
1670091606.841355; 386113; 4
1670091606.866354; 386138; 4
1670091606.891354; 386163; 5
1670091606.916368; 386188; 5
1670091606.941360; 386213; 5
1670091606.966354; 386238; 5
1670091606.991360; 386263; 5
1670091607.016364; 386288; 5
1670091607.041356; 386313; 5
1670091607.066360; 386338; 5
1670091607.091355; 386363; 6
1670091607.116360; 386388; 6
1670091607.141359; 386413; 6
1670091607.166360; 386438; 6
1670091607.191359; 386463; 6
1670091607.216359; 386488; 6
1670091607.241364; 386513; 6
1670091607.266360; 386538; 6
1670091607.291354; 386563; 6
1670091607.316354; 386588; 6
1670091607.341368; 386613; 6
1670091607.366360; 386638; 6
1670091607.391359; 386663; 7
1670091607.416359; 386688; 7
1670091607.441364; 386713; 7
1670091607.466360; 386738; 7
1670091607.491359; 386763; 8
1670091607.516359; 386788; 8
1670091607.541359; 386813; 8
1670091607.566364; 386838; 8
1670091607.591361; 386863; 8
1670091607.616354; 386888; 10
1670091607.641354; 386913; 10
1670091607.666359; 386938; 10
1670091607.691355; 386963; 10
1670091607.716359; 386988; 13
1670091607.741359; 387013; 13
1670091607.766362; 387038; 13
1670091607.791355; 387063; 13
1670091607.816359; 387088; 13
1670091607.841359; 387113; 13
1670091607.866364; 387138; 13
1670091607.891355; 387163; 13
1670091607.916359; 387188; 14
1670091607.941354; 387213; 14
1670091607.966359; 387238; 14
1670091607.991355; 387263; 14
1670091608.016354; 387288; 16
1670091608.041361; 387313; 16
1670091608.066360; 387338; 16
1670091608.091356; 387363; 16
1670091608.116355; 387388; 18
1670091608.141359; 387413; 18
1670091608.166366; 387438; 18
1670091608.191356; 387463; 18
1670091608.216359; 387488; 19
1670091608.241359; 387513; 19
1670091608.266359; 387538; 19
1670091608.291364; 387563; 19
1670091608.316355; 387588; 20
1670091608.341359; 387613; 20
1670091608.366359; 387638; 20
1670091608.391359; 387663; 20
1670091608.416355; 387688; 23
1670091608.441354; 387713; 23
1670091608.466354; 387738; 23
1670091608.491364; 387763; 23
1670091608.516355; 387788; 24
1670091608.541359; 387813; 24
1670091608.566359; 387838; 24
1670091608.591362; 387863; 24
1670091608.616360; 387888; 23
1670091608.641359; 387913; 23
1670091608.666359; 387938; 23
1670091608.691364; 387963; 23
1670091608.716355; 387988; 19
1670091608.741359; 388013; 19
1670091608.766359; 388038; 19
1670091608.791364; 388063; 19
1670091608.816355; 388088; 19
1670091608.841354; 388113; 22
1670091608.866354; 388138; 22
1670091608.891359; 388163; 22
1670091608.916355; 388188; 22
1670091608.941359; 388213; 24
1670091608.966359; 388238; 24
1670091608.991359; 388263; 24
1670091609.016362; 388288; 24
1670091609.041362; 388313; 25
1670091609.066360; 388338; 25
1670091609.091360; 388363; 25
1670091609.116360; 388388; 25
1670091609.141360; 388413; 20
1670091609.166354; 388438; 20
1670091609.191354; 388463; 20
1670091609.216359; 388488; 20
1670091609.241362; 388513; 8
1670091609.266359; 388538; 8
1670091609.291354; 388563; 8
1670091609.316359; 388588; 8
1670091609.341355; 388613; 5
1670091609.366354; 388638; 5
1670091609.391354; 388663; 5
1670091609.416368; 388688; 5
1670091609.441361; 388713; 4
1670091609.466354; 388738; 4
1670091609.491354; 388763; 4
1670091609.516359; 388788; 4
1670091609.541364; 388813; 4
1670091609.566360; 388838; 4
1670091609.591359; 388863; 4
1670091609.616359; 388888; 4
1670091609.641364; 388913; 4
1670091609.666355; 388938; 4
1670091609.691354; 388963; 4
1670091609.716354; 388988; 4
1670091609.741359; 389013; 4
1670091609.766355; 389038; 4
1670091609.791354; 389063; 4
1670091609.816354; 389088; 4
1670091609.841362; 389113; 4
1670091609.866361; 389138; 4
1670091609.891359; 389163; 4
1670091609.916359; 389188; 4
1670091609.941359; 389213; 4
1670091609.966364; 389238; 4
1670091609.991361; 389263; 4
1670091610.016359; 389288; 4
1670091610.041355; 389313; 4
1670091610.066360; 389338; 4
1670091610.091362; 389363; 4
1670091610.116355; 389388; 4
1670091610.141354; 389413; 4
1670091610.166359; 389438; 5
1670091610.191355; 389463; 5
1670091610.216354; 389488; 5
1670091610.241354; 389513; 5
1670091610.266384; 389538; 5
1670091610.291355; 389563; 5
1670091610.316354; 389588; 5
1670091610.341354; 389613; 5
1670091610.366354; 389638; 5
1670091610.391359; 389663; 5
1670091610.416355; 389688; 5
1670091610.441354; 389713; 5
1670091610.466354; 389738; 5
1670091610.491359; 389763; 5
1670091610.516355; 389788; 5
1670091610.541354; 389813; 5
1670091610.566354; 389838; 5
1670091610.591359; 389863; 5
1670091610.616355; 389888; 5
1670091610.641354; 389913; 5
1670091610.666354; 389938; 6
1670091610.691361; 389963; 6
1670091610.716356; 389988; 6
1670091610.741359; 390013; 6
1670091610.766359; 390038; 6
1670091610.791354; 390063; 6
1670091610.816359; 390088; 6
1670091610.841355; 390113; 6
1670091610.866354; 390138; 6
1670091610.891354; 390163; 6
1670091610.916359; 390188; 6
1670091610.941355; 390213; 6
1670091610.966354; 390238; 7
1670091610.991354; 390263; 7
1670091611.016359; 390288; 7
1670091611.041362; 390313; 7
1670091611.066355; 390338; 7
1670091611.091355; 390363; 7
1670091611.116361; 390388; 7
1670091611.141362; 390413; 7
1670091611.166355; 390438; 7
1670091611.191354; 390463; 7
1670091611.216354; 390488; 7
1670091611.241359; 390513; 7
1670091611.266355; 390538; 7
1670091611.291363; 390563; 8
1670091611.316354; 390588; 8
1670091611.341359; 390613; 8
1670091611.366355; 390638; 8
1670091611.391354; 390663; 9
1670091611.416359; 390688; 9
1670091611.441364; 390713; 9
1670091611.466360; 390738; 9
1670091611.491359; 390763; 10
1670091611.516354; 390788; 10
1670091611.541354; 390813; 10
1670091611.566368; 390838; 10
1670091611.591355; 390863; 11
1670091611.616359; 390888; 11
1670091611.641359; 390913; 11
1670091611.666359; 390938; 11
1670091611.691355; 390963; 13
1670091611.716359; 390988; 13
1670091611.741359; 391013; 13
1670091611.766359; 391038; 13
1670091611.791355; 391063; 14
1670091611.816359; 391088; 14
1670091611.841359; 391113; 14
1670091611.866359; 391138; 14
1670091611.891355; 391163; 17
1670091611.916354; 391188; 17
1670091611.941354; 391213; 17
1670091611.966362; 391238; 17
1670091611.991360; 391263; 19
1670091612.016354; 391288; 19
1670091612.041361; 391313; 19
1670091612.066360; 391338; 19
1670091612.091356; 391363; 20
1670091612.116355; 391388; 20
1670091612.141359; 391413; 20
1670091612.166364; 391438; 20
1670091612.191355; 391463; 14
1670091612.216359; 391488; 14
1670091612.241359; 391513; 14
1670091612.266359; 391538; 14
1670091612.291355; 391563; 14
1670091612.316354; 391588; 15
1670091612.341354; 391613; 15
1670091612.366354; 391638; 15
1670091612.391371; 391663; 15
1670091612.416357; 391688; 17
1670091612.441359; 391713; 17
1670091612.466359; 391738; 17
1670091612.491364; 391763; 17
1670091612.516355; 391788; 16
1670091612.541354; 391813; 16
1670091612.566354; 391838; 16
1670091612.591359; 391863; 16
1670091612.616355; 391888; 10
1670091612.641359; 391913; 10
1670091612.666359; 391938; 10
1670091612.691364; 391963; 10
1670091612.716355; 391988; 3
1670091612.741354; 392013; 3
1670091612.766354; 392038; 3
1670091612.791368; 392063; 3
1670091612.816361; 392088; 3
1670091612.841359; 392113; 3
1670091612.866359; 392138; 3
1670091612.891364; 392163; 3
1670091612.916361; 392188; 3
1670091612.941354; 392213; 3
1670091612.966354; 392238; 3
1670091612.991354; 392263; 3
1670091613.016359; 392288; 3
1670091613.041356; 392313; 3
1670091613.066360; 392338; 3
1670091613.091355; 392363; 3
1670091613.116365; 392388; 3
1670091613.141355; 392413; 3
1670091613.166359; 392438; 3
1670091613.191359; 392463; 3
1670091613.216368; 392488; 3
1670091613.241360; 392513; 3
1670091613.266359; 392538; 3
1670091613.291354; 392563; 3
1670091613.316363; 392588; 3
1670091613.341356; 392613; 3
1670091613.366359; 392638; 3
1670091613.391359; 392663; 3
1670091613.416359; 392688; 3
1670091613.441364; 392713; 3
1670091613.466360; 392738; 3
1670091613.491359; 392763; 3
1670091613.516359; 392788; 3
1670091613.541364; 392813; 3
1670091613.566360; 392838; 3
1670091613.591359; 392863; 3
1670091613.616359; 392888; 3
1670091613.641362; 392913; 3
1670091613.666360; 392938; 3
1670091613.691359; 392963; 3
1670091613.716354; 392988; 3
1670091613.741354; 393013; 3
1670091613.766364; 393038; 3
1670091613.791355; 393063; 3
1670091613.816354; 393088; 3
1670091613.841354; 393113; 4
1670091613.866359; 393138; 4
1670091613.891355; 393163; 4
1670091613.916354; 393188; 4
1670091613.941354; 393213; 4
1670091613.966360; 393238; 4
1670091613.991356; 393263; 4
1670091614.016359; 393288; 4
1670091614.041360; 393313; 4
1670091614.066368; 393338; 4
1670091614.091357; 393363; 4
1670091614.116360; 393388; 4
1670091614.141359; 393413; 5
1670091614.166372; 393438; 5
1670091614.191363; 393463; 5
1670091614.216360; 393488; 5
1670091614.241359; 393513; 4
1670091614.266359; 393538; 4
1670091614.291359; 393563; 4
1670091614.316355; 393588; 4
1670091614.341354; 393613; 4
1670091614.366390; 393638; 4
1670091614.391359; 393663; 4
1670091614.416355; 393688; 4
1670091614.441354; 393713; 4
1670091614.466354; 393738; 4
1670091614.491368; 393763; 4
1670091614.516364; 393788; 4
1670091614.541354; 393813; 4
1670091614.566365; 393838; 4
1670091614.591354; 393863; 4
1670091614.616359; 393888; 4
1670091614.641355; 393913; 4
1670091614.666354; 393938; 4
1670091614.691354; 393963; 4
1670091614.716359; 393988; 4
1670091614.741355; 394013; 4
1670091614.766354; 394038; 5
1670091614.791354; 394063; 5
1670091614.816359; 394088; 5
1670091614.841355; 394113; 5
1670091614.866354; 394138; 6
1670091614.891354; 394163; 6
1670091614.916361; 394188; 6
1670091614.941356; 394213; 6
1670091614.966359; 394238; 8
1670091614.991354; 394263; 8
1670091615.016354; 394288; 8
1670091615.041360; 394313; 8
1670091615.066362; 394338; 6
1670091615.091361; 394363; 6
1670091615.116355; 394388; 6
1670091615.141364; 394413; 6
1670091615.166361; 394438; 6
1670091615.191359; 394463; 6
1670091615.216359; 394488; 6
1670091615.241364; 394513; 6
1670091615.266361; 394538; 11
1670091615.291359; 394563; 11
1670091615.316359; 394588; 11
1670091615.341366; 394613; 11
1670091615.366356; 394638; 16
1670091615.391359; 394663; 16
1670091615.416359; 394688; 16
1670091615.441359; 394713; 16
1670091615.466364; 394738; 16
1670091615.491355; 394763; 16
1670091615.516359; 394788; 16
1670091615.541359; 394813; 16
1670091615.566359; 394838; 18
1670091615.591363; 394863; 18
1670091615.616354; 394888; 18
1670091615.641354; 394913; 18
1670091615.666359; 394938; 20
1670091615.691355; 394963; 20
1670091615.716359; 394988; 20
1670091615.741359; 395013; 20
1670091615.766368; 395038; 20
1670091615.791360; 395063; 29
1670091615.816354; 395088; 29
1670091615.841354; 395113; 29
1670091615.866359; 395138; 29
1670091615.891355; 395163; 37
1670091615.916354; 395188; 37
1670091615.941354; 395213; 37
1670091615.966359; 395238; 37
1670091615.991355; 395263; 34
1670091616.016359; 395288; 34
1670091616.041355; 395313; 34
1670091616.066365; 395338; 34
1670091616.091362; 395363; 11
1670091616.116355; 395388; 11
1670091616.141359; 395413; 11
1670091616.166361; 395438; 11
1670091616.191362; 395463; 4
1670091616.216354; 395488; 4
1670091616.241354; 395513; 4
1670091616.266354; 395538; 4
1670091616.291364; 395563; 4
1670091616.316360; 395588; 4
1670091616.341359; 395613; 4
1670091616.366359; 395638; 4
1670091616.391364; 395663; 4
1670091616.416360; 395688; 4
1670091616.441359; 395713; 4
1670091616.466359; 395738; 4
1670091616.491364; 395763; 4
1670091616.516360; 395788; 4
1670091616.541359; 395813; 4
1670091616.566359; 395838; 4
1670091616.591359; 395863; 4
1670091616.616362; 395888; 4
1670091616.641360; 395913; 4
1670091616.666359; 395938; 4
1670091616.691359; 395963; 4
1670091616.716364; 395988; 4
1670091616.741360; 396013; 4
1670091616.766359; 396038; 4
1670091616.791354; 396063; 4
1670091616.816359; 396088; 4
1670091616.841355; 396113; 4
1670091616.866354; 396138; 4
1670091616.891354; 396163; 4
1670091616.916359; 396188; 4
1670091616.941355; 396213; 4
1670091616.966354; 396238; 4
1670091616.991354; 396263; 4
1670091617.016354; 396288; 4
1670091617.041369; 396313; 4
1670091617.066356; 396338; 4
1670091617.091360; 396363; 4
1670091617.116355; 396388; 4
1670091617.141364; 396413; 4
1670091617.166361; 396438; 4
1670091617.191359; 396463; 4
1670091617.216359; 396488; 4
1670091617.241364; 396513; 4
1670091617.266360; 396538; 4
1670091617.291354; 396563; 4
1670091617.316354; 396588; 4
1670091617.341359; 396613; 4
1670091617.366355; 396638; 4
1670091617.391359; 396663; 4
1670091617.416359; 396688; 4
1670091617.441359; 396713; 4
1670091617.466362; 396738; 4
1670091617.491355; 396763; 4
1670091617.516354; 396788; 4
1670091617.541354; 396813; 4
1670091617.566359; 396838; 4
1670091617.591355; 396863; 4
1670091617.616354; 396888; 4
1670091617.641354; 396913; 4
1670091617.666359; 396938; 4
1670091617.691355; 396963; 4
1670091617.716354; 396988; 4
1670091617.741354; 397013; 4
1670091617.766363; 397038; 4
1670091617.791356; 397063; 4
1670091617.816359; 397088; 4
1670091617.841359; 397113; 4
1670091617.866354; 397138; 4
1670091617.891368; 397163; 4
1670091617.916361; 397188; 4
1670091617.941359; 397213; 4
1670091617.966359; 397238; 4
1670091617.991364; 397263; 4
1670091618.016360; 397288; 4
1670091618.041355; 397313; 4
1670091618.066360; 397338; 4
1670091618.091365; 397363; 4
1670091618.116356; 397388; 4
1670091618.141359; 397413; 4
1670091618.166359; 397438; 4
1670091618.191359; 397463; 4
1670091618.216364; 397488; 4
1670091618.241360; 397513; 4
1670091618.266354; 397538; 4
1670091618.291354; 397563; 4
1670091618.316362; 397588; 4
1670091618.341355; 397613; 4
1670091618.366354; 397638; 4
1670091618.391354; 397663; 4
1670091618.416359; 397688; 4
1670091618.441355; 397713; 4
1670091618.466359; 397738; 4
1670091618.491359; 397763; 4
1670091618.516364; 397788; 4
1670091618.541361; 397813; 4
1670091618.566359; 397838; 4
1670091618.591359; 397863; 4
1670091618.616359; 397888; 4
1670091618.641364; 397913; 4
1670091618.666355; 397938; 4
1670091618.691354; 397963; 4
1670091618.716354; 397988; 4
1670091618.741368; 398013; 6
1670091618.766361; 398038; 6
1670091618.791354; 398063; 6
1670091618.816369; 398088; 6
1670091618.841364; 398113; 4
1670091618.866360; 398138; 4
1670091618.891359; 398163; 4
1670091618.916359; 398188; 4
1670091618.941364; 398213; 4
1670091618.966360; 398238; 4
1670091618.991359; 398263; 4
1670091619.016359; 398288; 4
1670091619.041355; 398313; 4
1670091619.066365; 398338; 4
1670091619.091362; 398363; 4
1670091619.116355; 398388; 4
1670091619.141354; 398413; 5
1670091619.166368; 398438; 5
1670091619.191360; 398463; 5
1670091619.216359; 398488; 5
1670091619.241359; 398513; 5
1670091619.266364; 398538; 5
1670091619.291361; 398563; 5
1670091619.316359; 398588; 5
1670091619.341354; 398613; 5
1670091619.366363; 398638; 5
1670091619.391362; 398663; 5
1670091619.416354; 398688; 5
1670091619.441354; 398713; 5
1670091619.466354; 398738; 7
1670091619.491364; 398763; 7
1670091619.516360; 398788; 7
1670091619.541359; 398813; 7
1670091619.566359; 398838; 9
1670091619.591368; 398863; 9
1670091619.616360; 398888; 9
1670091619.641359; 398913; 9
1670091619.666359; 398938; 8
1670091619.691359; 398963; 8
1670091619.716355; 398988; 8
1670091619.741354; 399013; 8
1670091619.766354; 399038; 7
1670091619.791354; 399063; 7
1670091619.816359; 399088; 7
1670091619.841361; 399113; 7
1670091619.866354; 399138; 4
1670091619.891369; 399163; 4
1670091619.916359; 399188; 4
1670091619.941355; 399213; 4
1670091619.966354; 399238; 4
1670091619.991354; 399263; 4
1670091620.016368; 399288; 4
1670091620.041356; 399313; 4
1670091620.066360; 399338; 5
1670091620.091355; 399363; 5
1670091620.116360; 399388; 5
1670091620.141355; 399413; 5
1670091620.166354; 399438; 5
1670091620.191354; 399463; 5
1670091620.216354; 399488; 5
1670091620.241359; 399513; 5
1670091620.266355; 399538; 6
1670091620.291359; 399563; 6
1670091620.316359; 399588; 6
1670091620.341364; 399613; 6
1670091620.366360; 399638; 6
1670091620.391359; 399663; 6
1670091620.416359; 399688; 6
1670091620.441362; 399713; 6
1670091620.466355; 399738; 6
1670091620.491354; 399763; 6
1670091620.516359; 399788; 6
1670091620.541364; 399813; 6
1670091620.566360; 399838; 6
1670091620.591359; 399863; 8
1670091620.616359; 399888; 8
1670091620.641359; 399913; 8
1670091620.666364; 399938; 8
1670091620.691360; 399963; 10
1670091620.716359; 399988; 10
1670091620.741359; 400013; 10
1670091620.766364; 400038; 10
1670091620.791360; 400063; 11
1670091620.816354; 400088; 11
1670091620.841354; 400113; 11
1670091620.866368; 400138; 11
1670091620.891360; 400163; 12
1670091620.916362; 400188; 12
1670091620.941358; 400213; 12
1670091620.966359; 400238; 12
1670091620.991361; 400263; 12
1670091621.016354; 400288; 12
1670091621.041360; 400313; 12
1670091621.066360; 400338; 12
1670091621.091356; 400363; 13
1670091621.116355; 400388; 13
1670091621.141359; 400413; 13
1670091621.166359; 400438; 13
1670091621.191355; 400463; 14
1670091621.216359; 400488; 14
1670091621.241359; 400513; 14
1670091621.266361; 400538; 14
1670091621.291356; 400563; 13
1670091621.316359; 400588; 13
1670091621.341354; 400613; 13
1670091621.366354; 400638; 13
1670091621.391359; 400663; 13
1670091621.416355; 400688; 13
1670091621.441359; 400713; 13
1670091621.466359; 400738; 13
1670091621.491359; 400763; 14
1670091621.516355; 400788; 14
1670091621.541354; 400813; 14
1670091621.566354; 400838; 14
1670091621.591359; 400863; 14
1670091621.616355; 400888; 14
1670091621.641359; 400913; 14
1670091621.666359; 400938; 14
1670091621.691368; 400963; 14
1670091621.716355; 400988; 14
1670091621.741359; 401013; 14
1670091621.766354; 401038; 14
1670091621.791364; 401063; 14
1670091621.816355; 401088; 10
1670091621.841359; 401113; 10
1670091621.866359; 401138; 10
1670091621.891359; 401163; 10
1670091621.916355; 401188; 12
1670091621.941354; 401213; 12
1670091621.966354; 401238; 12
1670091621.991364; 401263; 12
1670091622.016355; 401288; 10
1670091622.041360; 401313; 10
1670091622.066355; 401338; 10
1670091622.091360; 401363; 10
1670091622.116369; 401388; 3
1670091622.141355; 401413; 3
1670091622.166359; 401438; 3
1670091622.191359; 401463; 3
1670091622.216364; 401488; 3
1670091622.241361; 401513; 3
1670091622.266359; 401538; 3
1670091622.291354; 401563; 3
1670091622.316364; 401588; 3
1670091622.341360; 401613; 3
1670091622.366354; 401638; 3
1670091622.391354; 401663; 3
1670091622.416359; 401688; 3
1670091622.441355; 401713; 3
1670091622.466354; 401738; 3
1670091622.491354; 401763; 3
1670091622.516354; 401788; 3
1670091622.541368; 401813; 3
1670091622.566361; 401838; 3
1670091622.591359; 401863; 3
1670091622.616359; 401888; 3
1670091622.641364; 401913; 3
1670091622.666360; 401938; 3
1670091622.691359; 401963; 3
1670091622.716359; 401988; 3
1670091622.741364; 402013; 3
1670091622.766360; 402038; 3
1670091622.791359; 402063; 3
1670091622.816354; 402088; 3
1670091622.841359; 402113; 3
1670091622.866355; 402138; 3
1670091622.891354; 402163; 3
1670091622.916354; 402188; 3
1670091622.941354; 402213; 3
1670091622.966367; 402238; 3
1670091622.991361; 402263; 3
1670091623.016359; 402288; 3
1670091623.041355; 402313; 3
1670091623.066361; 402338; 3
1670091623.091356; 402363; 3
1670091623.116360; 402388; 3
1670091623.141354; 402413; 3
1670091623.166359; 402438; 3
1670091623.191355; 402463; 3
1670091623.216354; 402488; 3
1670091623.241354; 402513; 3
1670091623.266359; 402538; 3
1670091623.291360; 402563; 3
1670091623.316359; 402588; 3
1670091623.341354; 402613; 3
1670091623.366354; 402638; 3
1670091623.391368; 402663; 3
1670091623.416360; 402688; 3
1670091623.441359; 402713; 3
1670091623.466359; 402738; 3
1670091623.491364; 402763; 3
1670091623.516361; 402788; 3
1670091623.541359; 402813; 3
1670091623.566359; 402838; 3
1670091623.591364; 402863; 3
1670091623.616360; 402888; 3
1670091623.641359; 402913; 3
1670091623.666359; 402938; 3
1670091623.691357; 402963; 3
1670091623.716356; 402988; 3
1670091623.741359; 403013; 3
1670091623.766359; 403038; 3
1670091623.791359; 403063; 3
1670091623.816368; 403088; 3
1670091623.841361; 403113; 3
1670091623.866359; 403138; 3
1670091623.891359; 403163; 3
1670091623.916364; 403188; 3
1670091623.941361; 403213; 3
1670091623.966359; 403238; 3
1670091623.991354; 403263; 3
1670091624.016359; 403288; 3
1670091624.041356; 403313; 3
1670091624.066360; 403338; 3
1670091624.091355; 403363; 3
1670091624.116360; 403388; 3
1670091624.141359; 403413; 3
1670091624.166355; 403438; 3
1670091624.191354; 403463; 3
1670091624.216359; 403488; 3
1670091624.241368; 403513; 3
1670091624.266360; 403538; 3
1670091624.291354; 403563; 3
1670091624.316354; 403588; 3
1670091624.341359; 403613; 3
1670091624.366355; 403638; 3
1670091624.391354; 403663; 3
1670091624.416354; 403688; 3
1670091624.441359; 403713; 3
1670091624.466355; 403738; 3
1670091624.491354; 403763; 3
1670091624.516359; 403788; 3
1670091624.541359; 403813; 3
1670091624.566364; 403838; 3
1670091624.591360; 403863; 3
1670091624.616359; 403888; 3
1670091624.641359; 403913; 3
1670091624.666368; 403938; 3
1670091624.691361; 403963; 3
1670091624.716359; 403988; 3
1670091624.741359; 404013; 3
1670091624.766364; 404038; 3
1670091624.791355; 404063; 3
1670091624.816354; 404088; 3
1670091624.841354; 404113; 3
1670091624.866359; 404138; 3
1670091624.891355; 404163; 3
1670091624.916354; 404188; 3
1670091624.941354; 404213; 3
1670091624.966354; 404238; 3
1670091624.991359; 404263; 3
1670091625.016360; 404288; 3
1670091625.041355; 404313; 3
1670091625.066360; 404338; 3
1670091625.091369; 404363; 3
1670091625.116356; 404388; 3
1670091625.141359; 404413; 3
1670091625.166359; 404438; 3
1670091625.191364; 404463; 3
1670091625.216361; 404488; 3
1670091625.241359; 404513; 3
1670091625.266359; 404538; 3
1670091625.291363; 404563; 3
1670091625.316362; 404588; 3
1670091625.341354; 404613; 3
1670091625.366354; 404638; 3
1670091625.391354; 404663; 3
1670091625.416359; 404688; 3
1670091625.441360; 404713; 3
1670091625.466359; 404738; 3
1670091625.491359; 404763; 3
1670091625.516368; 404788; 3
1670091625.541360; 404813; 3
1670091625.566359; 404838; 3
1670091625.591359; 404863; 3
1670091625.616364; 404888; 3
1670091625.641355; 404913; 3
1670091625.666354; 404938; 3
1670091625.691354; 404963; 3
1670091625.716354; 404988; 3
1670091625.741359; 405013; 3
1670091625.766355; 405038; 3
1670091625.791354; 405063; 3
1670091625.816354; 405088; 3
1670091625.841364; 405113; 3
1670091625.866360; 405138; 3
1670091625.891359; 405163; 3
1670091625.916359; 405188; 3
1670091625.941362; 405213; 3
1670091625.966355; 405238; 3
1670091625.991354; 405263; 3
1670091626.016354; 405288; 3
1670091626.041360; 405313; 3
1670091626.066362; 405338; 3
1670091626.091355; 405363; 3
1670091626.116355; 405388; 3
1670091626.141354; 405413; 3
1670091626.166359; 405438; 3
1670091626.191355; 405463; 3
1670091626.216359; 405488; 3
1670091626.241362; 405513; 3
1670091626.266359; 405538; 3
1670091626.291355; 405563; 3
1670091626.316359; 405588; 3
1670091626.341359; 405613; 3
1670091626.366368; 405638; 3
1670091626.391361; 405663; 3
1670091626.416359; 405688; 3
1670091626.441359; 405713; 3
1670091626.466359; 405738; 3
1670091626.491355; 405763; 3
1670091626.516354; 405788; 3
1670091626.541355; 405813; 3
1670091626.566359; 405838; 3
1670091626.591364; 405863; 3
1670091626.616360; 405888; 3
1670091626.641359; 405913; 3
1670091626.666354; 405938; 3
1670091626.691359; 405963; 3
1670091626.716355; 405988; 3
1670091626.741354; 406013; 3
1670091626.766354; 406038; 3
1670091626.791368; 406063; 3
1670091626.816355; 406088; 3
1670091626.841354; 406113; 3
1670091626.866354; 406138; 3
1670091626.891363; 406163; 3
1670091626.916362; 406188; 3
1670091626.941354; 406213; 3
1670091626.966354; 406238; 3
1670091626.991354; 406263; 3
1670091627.016359; 406288; 3
1670091627.041362; 406313; 3
1670091627.066355; 406338; 3
1670091627.091360; 406363; 3
1670091627.116360; 406388; 3
1670091627.141355; 406413; 3
1670091627.166354; 406438; 3
1670091627.191354; 406463; 3
1670091627.216368; 406488; 3
1670091627.241360; 406513; 3
1670091627.266359; 406538; 3
1670091627.291354; 406563; 3
1670091627.316377; 406588; 3
1670091627.341364; 406613; 3
1670091627.366360; 406638; 3
1670091627.391359; 406663; 3
1670091627.416359; 406688; 3
1670091627.441364; 406713; 3
1670091627.466360; 406738; 3
1670091627.491359; 406763; 3
1670091627.516359; 406788; 3
1670091627.541364; 406813; 3
1670091627.566360; 406838; 3
1670091627.591354; 406863; 3
1670091627.616354; 406888; 3
1670091627.641368; 406913; 3
1670091627.666361; 406938; 3
1670091627.691359; 406963; 3
1670091627.716359; 406988; 3
1670091627.741359; 407013; 3
1670091627.766364; 407038; 3
1670091627.791361; 407063; 3
1670091627.816359; 407088; 3
1670091627.841354; 407113; 3
1670091627.866364; 407138; 3
1670091627.891361; 407163; 3
1670091627.916359; 407188; 3
1670091627.941359; 407213; 3
1670091627.966364; 407238; 3
1670091627.991361; 407263; 3
1670091628.016359; 407288; 3
1670091628.041355; 407313; 3
1670091628.066369; 407338; 3
1670091628.091362; 407363; 3
1670091628.116355; 407388; 3
1670091628.141354; 407413; 3
1670091628.166354; 407438; 3
1670091628.191359; 407463; 3
1670091628.216355; 407488; 3
1670091628.241354; 407513; 3
1670091628.266354; 407538; 3
1670091628.291359; 407563; 3
1670091628.316355; 407588; 3
1670091628.341362; 407613; 3
1670091628.366354; 407638; 3
1670091628.391359; 407663; 3
1670091628.416355; 407688; 3
1670091628.441354; 407713; 3
1670091628.466354; 407738; 3
1670091628.491361; 407763; 3
1670091628.516362; 407788; 3
1670091628.541354; 407813; 3
1670091628.566354; 407838; 3
1670091628.591354; 407863; 3
1670091628.616359; 407888; 3
1670091628.641355; 407913; 3
1670091628.666354; 407938; 3
1670091628.691354; 407963; 3
1670091628.716364; 407988; 3
1670091628.741360; 408013; 3
1670091628.766359; 408038; 3
1670091628.791354; 408063; 3
1670091628.816359; 408088; 3
1670091628.841355; 408113; 3
1670091628.866354; 408138; 3
1670091628.891354; 408163; 3
1670091628.916359; 408188; 3
1670091628.941362; 408213; 3
1670091628.966355; 408238; 3
1670091628.991354; 408263; 3
1670091629.016354; 408288; 3
1670091629.041360; 408313; 3
1670091629.066362; 408338; 3
1670091629.091361; 408363; 3
1670091629.116355; 408388; 3
1670091629.141364; 408413; 3
1670091629.166360; 408438; 3
1670091629.191359; 408463; 3
1670091629.216359; 408488; 3
1670091629.241364; 408513; 3
1670091629.266360; 408538; 3
1670091629.291354; 408563; 3
1670091629.316354; 408588; 3
1670091629.341354; 408613; 3
1670091629.366363; 408638; 3
1670091629.391355; 408663; 3
1670091629.416354; 408688; 3
1670091629.441354; 408713; 3
1670091629.466359; 408738; 3
1670091629.491355; 408763; 3
1670091629.516352; 408788; 3
1670091629.541354; 408813; 3
1670091629.566359; 408838; 3
1670091629.591355; 408863; 3
1670091629.616354; 408888; 3
1670091629.641359; 408913; 3
1670091629.666364; 408938; 3
1670091629.691360; 408963; 3
1670091629.716359; 408988; 3
1670091629.741354; 409013; 3
1670091629.766354; 409038; 3
1670091629.791368; 409063; 3
1670091629.816360; 409088; 3
1670091629.841359; 409113; 3
1670091629.866359; 409138; 3
1670091629.891364; 409163; 3
1670091629.916360; 409188; 3
1670091629.941359; 409213; 3
1670091629.966359; 409238; 3
1670091629.991359; 409263; 3
1670091630.016355; 409288; 3
1670091630.041361; 409313; 3
1670091630.066355; 409338; 3
1670091630.091359; 409363; 3
1670091630.116363; 409388; 3
1670091630.141354; 409413; 3
1670091630.166354; 409438; 3
1670091630.191354; 409463; 3
1670091630.216362; 409488; 3
1670091630.241355; 409513; 3
1670091630.266354; 409538; 3
1670091630.291354; 409563; 3
1670091630.316359; 409588; 3
1670091630.341360; 409613; 3
1670091630.366359; 409638; 3
1670091630.391359; 409663; 3
1670091630.416364; 409688; 3
1670091630.441361; 409713; 3
1670091630.466359; 409738; 3
1670091630.491359; 409763; 3
1670091630.516359; 409788; 3
1670091630.541365; 409813; 3
1670091630.566360; 409838; 3
1670091630.591359; 409863; 3
1670091630.616359; 409888; 3
1670091630.641368; 409913; 3
1670091630.666361; 409938; 3
1670091630.691359; 409963; 3
1670091630.716359; 409988; 3
1670091630.741364; 410013; 3
1670091630.766361; 410038; 3
1670091630.791359; 410063; 3
1670091630.816359; 410088; 3
1670091630.841364; 410113; 3
1670091630.866360; 410138; 3
1670091630.891359; 410163; 3
1670091630.916359; 410188; 3
1670091630.941359; 410213; 3
1670091630.966364; 410238; 3
1670091630.991360; 410263; 3
1670091631.016359; 410288; 3
1670091631.041355; 410313; 3
1670091631.066363; 410338; 3
1670091631.091362; 410363; 3
1670091631.116355; 410388; 3
1670091631.141354; 410413; 3
1670091631.166359; 410438; 3
1670091631.191355; 410463; 3
1670091631.216354; 410488; 3
1670091631.241354; 410513; 3
1670091631.266364; 410538; 3
1670091631.291355; 410563; 3
1670091631.316354; 410588; 3
1670091631.341354; 410613; 3
1670091631.366359; 410638; 3
1670091631.391364; 410663; 3
1670091631.416360; 410688; 3
1670091631.441359; 410713; 3
1670091631.466359; 410738; 3
1670091631.491362; 410763; 3
1670091631.516356; 410788; 3
1670091631.541354; 410813; 3
1670091631.566357; 410838; 3
1670091631.591359; 410863; 3
1670091631.616355; 410888; 3
1670091631.641354; 410913; 3
1670091631.666361; 410938; 3
1670091631.691357; 410963; 3
1670091631.716356; 410988; 3
1670091631.741359; 411013; 3
1670091631.766359; 411038; 3
1670091631.791359; 411063; 3
1670091631.816364; 411088; 3
1670091631.841355; 411113; 3
1670091631.866354; 411138; 3
1670091631.891354; 411163; 3
1670091631.916368; 411188; 3
1670091631.941360; 411213; 3
1670091631.966359; 411238; 3
1670091631.991359; 411263; 3
1670091632.016364; 411288; 3
1670091632.041356; 411313; 3
1670091632.066361; 411338; 3
1670091632.091355; 411363; 3
1670091632.116360; 411388; 3
1670091632.141359; 411413; 4
1670091632.166355; 411438; 4
1670091632.191354; 411463; 4
1670091632.216354; 411488; 4
1670091632.241359; 411513; 4
1670091632.266355; 411538; 4
1670091632.291354; 411563; 4
1670091632.316354; 411588; 4
1670091632.341362; 411613; 4
1670091632.366355; 411638; 4
1670091632.391359; 411663; 4
1670091632.416359; 411688; 4
1670091632.441359; 411713; 4
1670091632.466355; 411738; 4
1670091632.491372; 411763; 4
1670091632.516359; 411788; 4
1670091632.541359; 411813; 4
1670091632.566364; 411838; 4
1670091632.591364; 411863; 4
1670091632.616354; 411888; 4
1670091632.641359; 411913; 4
1670091632.666364; 411938; 4
1670091632.691374; 411963; 4
1670091632.716354; 411988; 4
1670091632.741354; 412013; 4
1670091632.766362; 412038; 4
1670091632.791355; 412063; 4
1670091632.816359; 412088; 4
1670091632.841359; 412113; 4
1670091632.866364; 412138; 4
1670091632.891360; 412163; 4
1670091632.916359; 412188; 4
1670091632.941359; 412213; 5
1670091632.966359; 412238; 5
1670091632.991364; 412263; 5
1670091633.016355; 412288; 5
1670091633.041360; 412313; 5
1670091633.066355; 412338; 5
1670091633.091365; 412363; 5
1670091633.116356; 412388; 5
1670091633.141359; 412413; 5
1670091633.166359; 412438; 5
1670091633.191368; 412463; 5
1670091633.216355; 412488; 5
1670091633.241354; 412513; 5
1670091633.266354; 412538; 6
1670091633.291357; 412563; 6
1670091633.316356; 412588; 6
1670091633.341359; 412613; 6
1670091633.366359; 412638; 6
1670091633.391359; 412663; 6
1670091633.416359; 412688; 6
1670091633.441355; 412713; 6
1670091633.466359; 412738; 7
1670091633.491359; 412763; 7
1670091633.516364; 412788; 7
1670091633.541361; 412813; 7
1670091633.566359; 412838; 8
1670091633.591359; 412863; 8
1670091633.616362; 412888; 8
1670091633.641355; 412913; 8
1670091633.666354; 412938; 9
1670091633.691354; 412963; 9
1670091633.716353; 412988; 9
1670091633.741364; 413013; 9
1670091633.766361; 413038; 10
1670091633.791359; 413063; 10
1670091633.816354; 413088; 10
1670091633.841364; 413113; 10
1670091633.866355; 413138; 11
1670091633.891359; 413163; 11
1670091633.916359; 413188; 11
1670091633.941359; 413213; 11
1670091633.966355; 413238; 13
1670091633.991354; 413263; 13
1670091634.016354; 413288; 13
1670091634.041369; 413313; 13
1670091634.066356; 413338; 15
1670091634.091355; 413363; 15
1670091634.116360; 413388; 15
1670091634.141364; 413413; 15
1670091634.166355; 413438; 16
1670091634.191359; 413463; 16
1670091634.216359; 413488; 16
1670091634.241364; 413513; 16
1670091634.266355; 413538; 16
1670091634.291354; 413563; 16
1670091634.316354; 413588; 16
1670091634.341359; 413613; 16
1670091634.366355; 413638; 16
1670091634.391359; 413663; 16
1670091634.416359; 413688; 16
1670091634.441354; 413713; 16
1670091634.466368; 413738; 16
1670091634.491361; 413763; 14
1670091634.516354; 413788; 14
1670091634.541354; 413813; 14
1670091634.566359; 413838; 14
1670091634.591355; 413863; 16
1670091634.616359; 413888; 16
1670091634.641354; 413913; 16
1670091634.666364; 413938; 16
1670091634.691355; 413963; 14
1670091634.716359; 413988; 14
1670091634.741359; 414013; 14
1670091634.766359; 414038; 14
1670091634.791361; 414063; 6
1670091634.816359; 414088; 6
1670091634.841378; 414113; 6
1670091634.866368; 414138; 6
1670091634.891360; 414163; 4
1670091634.916354; 414188; 4
1670091634.941354; 414213; 4
1670091634.966359; 414238; 4
1670091634.991355; 414263; 3
1670091635.016354; 414288; 3
1670091635.041361; 414313; 3
1670091635.066355; 414338; 3
1670091635.091365; 414363; 3
1670091635.116356; 414388; 3
1670091635.141359; 414413; 3
1670091635.166359; 414438; 3
1670091635.191364; 414463; 3
1670091635.216360; 414488; 3
1670091635.241359; 414513; 3
1670091635.266354; 414538; 3
1670091635.291362; 414563; 3
1670091635.316355; 414588; 3
1670091635.341354; 414613; 3
1670091635.366354; 414638; 3
1670091635.391363; 414663; 3
1670091635.416362; 414688; 3
1670091635.441354; 414713; 3
1670091635.466354; 414738; 3
1670091635.491354; 414763; 3
1670091635.516359; 414788; 3
1670091635.541355; 414813; 3
1670091635.566354; 414838; 3
1670091635.591354; 414863; 3
1670091635.616359; 414888; 3
1670091635.641355; 414913; 3
1670091635.666385; 414938; 3
1670091635.691354; 414963; 3
1670091635.716368; 414988; 3
1670091635.741361; 415013; 3
1670091635.766359; 415038; 3
1670091635.791354; 415063; 3
1670091635.816354; 415088; 3
1670091635.841359; 415113; 3
1670091635.866374; 415138; 3
1670091635.891359; 415163; 3
1670091635.916359; 415188; 3
1670091635.941364; 415213; 3
1670091635.966360; 415238; 3
1670091635.991359; 415263; 3
1670091636.016359; 415288; 3
1670091636.041360; 415313; 3
1670091636.066362; 415338; 3
1670091636.091360; 415363; 3
1670091636.116355; 415388; 3
1670091636.141368; 415413; 3
1670091636.166360; 415438; 3
1670091636.191359; 415463; 3
1670091636.216359; 415488; 3
1670091636.241359; 415513; 3
1670091636.266364; 415538; 3
1670091636.291360; 415563; 3
1670091636.316359; 415588; 3
1670091636.341359; 415613; 3
1670091636.366364; 415638; 3
1670091636.391360; 415663; 3
1670091636.416359; 415688; 3
1670091636.441359; 415713; 3
1670091636.466364; 415738; 3
1670091636.491361; 415763; 3
1670091636.516359; 415788; 3
1670091636.541359; 415813; 3
1670091636.566362; 415838; 3
1670091636.591361; 415863; 3
1670091636.616359; 415888; 3
1670091636.641359; 415913; 3
1670091636.666359; 415938; 3
1670091636.691359; 415963; 3
1670091636.716355; 415988; 3
1670091636.741354; 416013; 3
1670091636.766354; 416038; 3
1670091636.791359; 416063; 3
1670091636.816355; 416088; 3
1670091636.841354; 416113; 3
1670091636.866354; 416138; 3
1670091636.891359; 416163; 3
1670091636.916355; 416188; 3
1670091636.941354; 416213; 3
1670091636.966354; 416238; 3
1670091636.991361; 416263; 3
1670091637.016356; 416288; 3
1670091637.041360; 416313; 3
1670091637.066361; 416338; 3
1670091637.091355; 416363; 3
1670091637.116360; 416388; 3
1670091637.141355; 416413; 3
1670091637.166354; 416438; 3
1670091637.191354; 416463; 3
1670091637.216359; 416488; 3
1670091637.241355; 416513; 3
1670091637.266354; 416538; 3
1670091637.291359; 416563; 3
1670091637.316359; 416588; 3
1670091637.341355; 416613; 3
1670091637.366354; 416638; 3
1670091637.391354; 416663; 3
1670091637.416354; 416688; 3
1670091637.441368; 416713; 3
1670091637.466360; 416738; 3
1670091637.491359; 416763; 3
1670091637.516359; 416788; 3
1670091637.541364; 416813; 3
1670091637.566360; 416838; 3
1670091637.591359; 416863; 3
1670091637.616359; 416888; 3
1670091637.641364; 416913; 3
1670091637.666361; 416938; 3
1670091637.691359; 416963; 3
1670091637.716359; 416988; 3
1670091637.741364; 417013; 3
1670091637.766360; 417038; 3
1670091637.791359; 417063; 3
1670091637.816359; 417088; 3
1670091637.841359; 417113; 3
1670091637.866362; 417138; 3
1670091637.891355; 417163; 3
1670091637.916359; 417188; 3
1670091637.941359; 417213; 3
1670091637.966364; 417238; 3
1670091637.991360; 417263; 3
1670091638.016359; 417288; 3
1670091638.041355; 417313; 3
1670091638.066365; 417338; 3
1670091638.091356; 417363; 3
1670091638.116361; 417388; 3
1670091638.141359; 417413; 3
1670091638.166364; 417438; 3
1670091638.191355; 417463; 3
1670091638.216354; 417488; 3
1670091638.241354; 417513; 3
1670091638.266354; 417538; 3
1670091638.291368; 417563; 3
1670091638.316361; 417588; 3
1670091638.341359; 417613; 3
1670091638.366359; 417638; 3
1670091638.391364; 417663; 3
1670091638.416360; 417688; 3
1670091638.441359; 417713; 3
1670091638.466359; 417738; 3
1670091638.491364; 417763; 3
1670091638.516361; 417788; 3
1670091638.541359; 417813; 3
1670091638.566359; 417838; 3
1670091638.591383; 417863; 3
1670091638.616379; 417888; 3
1670091638.641354; 417913; 3
1670091638.666354; 417938; 3
1670091638.691354; 417963; 3
1670091638.716368; 417988; 3
1670091638.741360; 418013; 3
1670091638.766359; 418038; 3
1670091638.791354; 418063; 3
1670091638.816359; 418088; 3
1670091638.841355; 418113; 3
1670091638.866354; 418138; 3
1670091638.891354; 418163; 3
1670091638.916359; 418188; 3
1670091638.941355; 418213; 3
1670091638.966354; 418238; 3
1670091638.991354; 418263; 3
1670091639.016354; 418288; 3
1670091639.041365; 418313; 3
1670091639.066356; 418338; 3
1670091639.091360; 418363; 3
1670091639.116355; 418388; 3
1670091639.141368; 418413; 3
1670091639.166360; 418438; 3
1670091639.191359; 418463; 3
1670091639.216359; 418488; 3
1670091639.241364; 418513; 3
1670091639.266360; 418538; 3
1670091639.291359; 418563; 3
1670091639.316359; 418588; 3
1670091639.341364; 418613; 3
1670091639.366355; 418638; 3
1670091639.391354; 418663; 3
1670091639.416354; 418688; 3
1670091639.441354; 418713; 3
1670091639.466359; 418738; 3
1670091639.491355; 418763; 3
1670091639.516354; 418788; 3
1670091639.541354; 418813; 3
1670091639.566362; 418838; 3
1670091639.591355; 418863; 3
1670091639.616354; 418888; 3
1670091639.641354; 418913; 3
1670091639.666359; 418938; 3
1670091639.691355; 418963; 3
1670091639.716354; 418988; 3
1670091639.741354; 419013; 3
1670091639.766359; 419038; 3
1670091639.791355; 419063; 3
1670091639.816354; 419088; 3
1670091639.841354; 419113; 3
1670091639.866354; 419138; 3
1670091639.891359; 419163; 3
1670091639.916355; 419188; 3
1670091639.941354; 419213; 3
1670091639.966359; 419238; 3
1670091639.991362; 419263; 3
1670091640.016355; 419288; 3
1670091640.041360; 419313; 3
1670091640.066355; 419338; 3
1670091640.091365; 419363; 3
1670091640.116356; 419388; 3
1670091640.141359; 419413; 3
1670091640.166374; 419438; 3
1670091640.191357; 419463; 3
1670091640.216356; 419488; 3
1670091640.241359; 419513; 3
1670091640.266359; 419538; 3
1670091640.291354; 419563; 3
1670091640.316359; 419588; 3
1670091640.341355; 419613; 3
1670091640.366354; 419638; 3
1670091640.391354; 419663; 3
1670091640.416368; 419688; 3
1670091640.441361; 419713; 3
1670091640.466359; 419738; 3
1670091640.491359; 419763; 3
1670091640.516364; 419788; 3
1670091640.541361; 419813; 3
1670091640.566359; 419838; 3
1670091640.591359; 419863; 3
1670091640.616359; 419888; 3
1670091640.641364; 419913; 3
1670091640.666360; 419938; 3
1670091640.691359; 419963; 3
1670091640.716359; 419988; 3
1670091640.741364; 420013; 3
1670091640.766360; 420038; 3
1670091640.791359; 420063; 3
1670091640.816359; 420088; 3
1670091640.841368; 420113; 3
1670091640.866360; 420138; 3
1670091640.891359; 420163; 3
1670091640.916359; 420188; 3
1670091640.941364; 420213; 3
1670091640.966361; 420238; 3
1670091640.991359; 420263; 3
1670091641.016359; 420288; 3
1670091641.041355; 420313; 3
1670091641.066365; 420338; 3
1670091641.091356; 420363; 3
1670091641.116360; 420388; 3
1670091641.141354; 420413; 3
1670091641.166359; 420438; 3
1670091641.191363; 420463; 3
1670091641.216354; 420488; 3
1670091641.241354; 420513; 3
1670091641.266362; 420538; 3
1670091641.291361; 420563; 3
1670091641.316359; 420588; 3
1670091641.341354; 420613; 3
1670091641.366359; 420638; 3
1670091641.391355; 420663; 3
1670091641.416354; 420688; 3
1670091641.441354; 420713; 3
1670091641.466354; 420738; 3
1670091641.491359; 420763; 3
1670091641.516355; 420788; 3
1670091641.541354; 420813; 3
1670091641.566359; 420838; 3
1670091641.591364; 420863; 3
1670091641.616355; 420888; 3
1670091641.641354; 420913; 3
1670091641.666354; 420938; 3
1670091641.691368; 420963; 3
1670091641.716360; 420988; 3
1670091641.741359; 421013; 3
1670091641.766359; 421038; 3
1670091641.791357; 421063; 3
1670091641.816356; 421088; 3
1670091641.841359; 421113; 3
1670091641.866354; 421138; 3
1670091641.891354; 421163; 3
1670091641.916359; 421188; 3
1670091641.941355; 421213; 3
1670091641.966354; 421238; 3
1670091641.991354; 421263; 3
1670091642.016367; 421288; 3
1670091642.041356; 421313; 3
1670091642.066361; 421338; 3
1670091642.091355; 421363; 3
1670091642.116369; 421388; 3
1670091642.141355; 421413; 3
1670091642.166354; 421438; 3
1670091642.191354; 421463; 3
1670091642.216355; 421488; 3
1670091642.241359; 421513; 3
1670091642.266355; 421538; 3
1670091642.291359; 421563; 3
1670091642.316359; 421588; 3
1670091642.341364; 421613; 3
1670091642.366360; 421638; 3
1670091642.391359; 421663; 3
1670091642.416359; 421688; 3
1670091642.441359; 421713; 3
1670091642.466355; 421738; 3
1670091642.491354; 421763; 3
1670091642.516354; 421788; 3
1670091642.541362; 421813; 3
1670091642.566355; 421838; 3
1670091642.591354; 421863; 3
1670091642.616354; 421888; 3
1670091642.641354; 421913; 3
1670091642.666359; 421938; 3
1670091642.691355; 421963; 3
1670091642.716354; 421988; 3
1670091642.741354; 422013; 3
1670091642.766359; 422038; 3
1670091642.791355; 422063; 3
1670091642.816354; 422088; 3
1670091642.841359; 422113; 3
1670091642.866364; 422138; 3
1670091642.891360; 422163; 3
1670091642.916359; 422188; 3
1670091642.941359; 422213; 3
1670091642.966362; 422238; 3
1670091642.991361; 422263; 3
1670091643.016359; 422288; 3
1670091643.041355; 422313; 3
1670091643.066360; 422338; 3
1670091643.091360; 422363; 3
1670091643.116362; 422388; 3
1670091643.141354; 422413; 3
1670091643.166354; 422438; 3
1670091643.191359; 422463; 3
1670091643.216355; 422488; 3
1670091643.241354; 422513; 3
1670091643.266354; 422538; 3
1670091643.291364; 422563; 3
1670091643.316360; 422588; 3
1670091643.341359; 422613; 3
1670091643.366359; 422638; 3
1670091643.391361; 422663; 3
1670091643.416356; 422688; 3
1670091643.441359; 422713; 3
1670091643.466359; 422738; 3
1670091643.491359; 422763; 3
1670091643.516364; 422788; 3
1670091643.541361; 422813; 3
1670091643.566359; 422838; 3
1670091643.591359; 422863; 3
1670091643.616364; 422888; 3
1670091643.641360; 422913; 3
1670091643.666359; 422938; 3
1670091643.691359; 422963; 3
1670091643.716364; 422988; 3
1670091643.741360; 423013; 3
1670091643.766359; 423038; 3
1670091643.791354; 423063; 3
1670091643.816354; 423088; 3
1670091643.841362; 423113; 3
1670091643.866360; 423138; 3
1670091643.891359; 423163; 3
1670091643.916359; 423188; 3
1670091643.941364; 423213; 3
1670091643.966361; 423238; 3
1670091643.991359; 423263; 3
1670091644.016354; 423288; 3
1670091644.041365; 423313; 3
1670091644.066362; 423338; 3
1670091644.091360; 423363; 3
1670091644.116355; 423388; 3
1670091644.141364; 423413; 3
1670091644.166361; 423438; 3
1670091644.191359; 423463; 3
1670091644.216359; 423488; 3
1670091644.241359; 423513; 3
1670091644.266368; 423538; 3
1670091644.291360; 423563; 3
1670091644.316359; 423588; 3
1670091644.341359; 423613; 3
1670091644.366364; 423638; 3
1670091644.391360; 423663; 3
1670091644.416359; 423688; 3
1670091644.441359; 423713; 3
1670091644.466364; 423738; 3
1670091644.491355; 423763; 3
1670091644.516354; 423788; 3
1670091644.541359; 423813; 3
1670091644.566364; 423838; 3
1670091644.591361; 423863; 3
1670091644.616359; 423888; 3
1670091644.641359; 423913; 3
1670091644.666359; 423938; 3
1670091644.691362; 423963; 3
1670091644.716355; 423988; 3
1670091644.741354; 424013; 3
1670091644.766354; 424038; 3
1670091644.791364; 424063; 3
1670091644.816360; 424088; 3
1670091644.841359; 424113; 3
1670091644.866359; 424138; 3
1670091644.891364; 424163; 3
1670091644.916361; 424188; 3
1670091644.941359; 424213; 3
1670091644.966359; 424238; 3
1670091644.991357; 424263; 3
1670091645.016356; 424288; 3
1670091645.041355; 424313; 3
1670091645.066360; 424338; 3
1670091645.091360; 424363; 3
1670091645.116369; 424388; 3
1670091645.141355; 424413; 3
1670091645.166354; 424438; 3
1670091645.191354; 424463; 3
1670091645.216359; 424488; 3
1670091645.241355; 424513; 3
1670091645.266354; 424538; 3
1670091645.291354; 424563; 3
1670091645.316359; 424588; 3
1670091645.341355; 424613; 3
1670091645.366354; 424638; 3
1670091645.391354; 424663; 3
1670091645.416354; 424688; 3
1670091645.441359; 424713; 3
1670091645.466355; 424738; 3
1670091645.491354; 424763; 3
1670091645.516354; 424788; 3
1670091645.541368; 424813; 3
1670091645.566360; 424838; 3
1670091645.591359; 424863; 3
1670091645.616359; 424888; 3
1670091645.641364; 424913; 3
1670091645.666361; 424938; 3
1670091645.691359; 424963; 3
1670091645.716359; 424988; 3
1670091645.741364; 425013; 3
1670091645.766360; 425038; 3
1670091645.791354; 425063; 3
1670091645.816354; 425088; 3
1670091645.841354; 425113; 3
1670091645.866364; 425138; 3
1670091645.891360; 425163; 3
1670091645.916359; 425188; 3
1670091645.941359; 425213; 3
1670091645.966362; 425238; 3
1670091645.991355; 425263; 3
1670091646.016354; 425288; 3
1670091646.041361; 425313; 3
1670091646.066360; 425338; 3
1670091646.091362; 425363; 3
1670091646.116355; 425388; 3
1670091646.141354; 425413; 3
1670091646.166359; 425438; 3
1670091646.191355; 425463; 3
1670091646.216354; 425488; 3
1670091646.241354; 425513; 3
1670091646.266354; 425538; 3
1670091646.291359; 425563; 3
1670091646.316355; 425588; 3
1670091646.341354; 425613; 3
1670091646.366354; 425638; 3
1670091646.391362; 425663; 3
1670091646.416355; 425688; 3
1670091646.441354; 425713; 3
1670091646.466354; 425738; 3
1670091646.491359; 425763; 3
1670091646.516357; 425788; 3
1670091646.541359; 425813; 3
1670091646.566359; 425838; 3
1670091646.591357; 425863; 3
1670091646.616356; 425888; 3
1670091646.641359; 425913; 3
1670091646.666359; 425938; 3
1670091646.691359; 425963; 3
1670091646.716359; 425988; 3
1670091646.741355; 426013; 3
1670091646.766354; 426038; 3
1670091646.791354; 426063; 3
1670091646.816368; 426088; 3
1670091646.841361; 426113; 3
1670091646.866359; 426138; 3
1670091646.891354; 426163; 3
1670091646.916364; 426188; 3
1670091646.941355; 426213; 3
1670091646.966354; 426238; 3
1670091646.991354; 426263; 3
1670091647.016354; 426288; 3
1670091647.041365; 426313; 3
1670091647.066356; 426338; 3
1670091647.091360; 426363; 3
1670091647.116355; 426388; 3
1670091647.141359; 426413; 3
1670091647.166355; 426438; 3
1670091647.191354; 426463; 3
1670091647.216354; 426488; 3
1670091647.241367; 426513; 3
1670091647.266360; 426538; 3
1670091647.291359; 426563; 3
1670091647.316359; 426588; 3
1670091647.341359; 426613; 3
1670091647.366355; 426638; 3
1670091647.391359; 426663; 3
1670091647.416359; 426688; 3
1670091647.441359; 426713; 3
1670091647.466364; 426738; 3
1670091647.491360; 426763; 3
1670091647.516359; 426788; 3
1670091647.541359; 426813; 3
1670091647.566364; 426838; 3
1670091647.591360; 426863; 3
1670091647.616359; 426888; 3
1670091647.641359; 426913; 3
1670091647.666362; 426938; 3
1670091647.691355; 426963; 3
1670091647.716354; 426988; 3
1670091647.741354; 427013; 3
1670091647.766359; 427038; 3
1670091647.791355; 427063; 3
1670091647.816354; 427088; 3
1670091647.841354; 427113; 3
1670091647.866354; 427138; 3
1670091647.891359; 427163; 3
1670091647.916360; 427188; 3
1670091647.941359; 427213; 3
1670091647.966359; 427238; 3
1670091647.991364; 427263; 3
1670091648.016361; 427288; 3
1670091648.041355; 427313; 3
1670091648.066360; 427338; 3
1670091648.091369; 427363; 3
1670091648.116356; 427388; 3
1670091648.141359; 427413; 3
1670091648.166359; 427438; 3
1670091648.191357; 427463; 3
1670091648.216356; 427488; 3
1670091648.241359; 427513; 3
1670091648.266359; 427538; 3
1670091648.291354; 427563; 3
1670091648.316359; 427588; 3
1670091648.341355; 427613; 3
1670091648.366354; 427638; 3
1670091648.391354; 427663; 3
1670091648.416359; 427688; 3
1670091648.441355; 427713; 3
1670091648.466354; 427738; 3
1670091648.491354; 427763; 3
1670091648.516368; 427788; 3
1670091648.541361; 427813; 3
1670091648.566354; 427838; 3
1670091648.591354; 427863; 3
1670091648.616354; 427888; 3
1670091648.641359; 427913; 3
1670091648.666355; 427938; 3
1670091648.691354; 427963; 3
1670091648.716354; 427988; 3
1670091648.741359; 428013; 3
1670091648.766355; 428038; 3
1670091648.791359; 428063; 3
1670091648.816359; 428088; 3
1670091648.841364; 428113; 3
1670091648.866360; 428138; 3
1670091648.891359; 428163; 3
1670091648.916359; 428188; 3
1670091648.941368; 428213; 3
1670091648.966360; 428238; 3
1670091648.991359; 428263; 3
1670091649.016359; 428288; 3
1670091649.041355; 428313; 3
1670091649.066360; 428338; 3
1670091649.091362; 428363; 3
1670091649.116355; 428388; 3
1670091649.141354; 428413; 3
1670091649.166359; 428438; 3
1670091649.191355; 428463; 3
1670091649.216354; 428488; 3
1670091649.241354; 428513; 3
1670091649.266359; 428538; 3
1670091649.291360; 428563; 3
1670091649.316359; 428588; 3
1670091649.341359; 428613; 3
