1670090384.596481; 793269; 16
1670090384.620677; 793294; 16
1670090384.645675; 793319; 16
1670090384.670675; 793344; 16
1670090384.695675; 793369; 16
1670090384.720689; 793394; 16
1670090384.745671; 793419; 16
1670090384.770670; 793444; 16
1670090384.795681; 793469; 16
1670090384.820674; 793494; 16
1670090384.845671; 793519; 16
1670090384.870675; 793544; 16
1670090384.895675; 793569; 16
1670090384.920674; 793594; 16
1670090384.945671; 793619; 16
1670090384.970669; 793644; 16
1670090384.995670; 793669; 16
1670090385.020674; 793694; 16
1670090385.045677; 793719; 16
1670090385.070676; 793744; 16
1670090385.095676; 793769; 16
1670090385.251730; 793925; 16
1670090385.276671; 793950; 16
1670090385.301669; 793975; 16
1670090385.326670; 794000; 16
1670090385.351674; 794025; 16
1670090385.376676; 794050; 16
1670090385.401675; 794075; 16
1670090385.426675; 794100; 16
1670090385.451680; 794125; 16
1670090385.476676; 794150; 16
1670090385.501675; 794175; 16
1670090385.526675; 794200; 16
1670090385.551675; 794225; 16
1670090385.576680; 794250; 16
1670090385.601676; 794275; 16
1670090385.626669; 794300; 16
1670090385.651669; 794325; 16
1670090385.676683; 794350; 16
1670090385.701676; 794375; 16
1670090385.726675; 794400; 16
1670090385.751675; 794425; 16
1670090385.776680; 794450; 16
1670090385.801676; 794475; 16
1670090385.826675; 794500; 16
1670090385.851675; 794525; 16
1670090385.876680; 794550; 16
1670090385.901676; 794575; 16
1670090385.926675; 794600; 16
1670090385.951675; 794625; 16
1670090385.976680; 794650; 16
1670090386.001676; 794675; 16
1670090386.026671; 794700; 16
1670090386.051671; 794725; 16
1670090386.076683; 794750; 16
1670090386.101672; 794775; 16
1670090386.126675; 794800; 16
1670090386.151675; 794825; 16
1670090386.176680; 794850; 16
1670090386.201676; 794875; 16
1670090386.226675; 794900; 16
1670090386.251669; 794925; 16
1670090386.276674; 794950; 16
1670090386.301671; 794975; 16
1670090386.326670; 795000; 16
1670090386.351669; 795025; 16
1670090386.376675; 795050; 16
1670090386.401680; 795075; 16
1670090386.426676; 795100; 16
1670090386.451670; 795125; 16
1670090386.476670; 795150; 16
1670090386.501683; 795175; 16
1670090386.526676; 795200; 16
1670090386.551675; 795225; 16
1670090386.576675; 795250; 16
1670090386.601680; 795275; 16
1670090386.626676; 795300; 16
1670090386.651675; 795325; 16
1670090386.676675; 795350; 16
1670090386.701680; 795375; 16
1670090386.726676; 795400; 16
1670090386.751675; 795425; 16
1670090386.776675; 795450; 16
1670090386.801680; 795475; 16
1670090386.826676; 795500; 16
1670090386.851670; 795525; 16
1670090386.876675; 795550; 16
1670090386.901683; 795575; 16
1670090386.926676; 795600; 16
1670090386.951675; 795625; 16
1670090386.976675; 795650; 16
1670090387.001680; 795675; 16
1670090387.026672; 795700; 16
1670090387.051671; 795725; 16
1670090387.076676; 795750; 16
1670090387.101674; 795775; 16
1670090387.126672; 795800; 16
1670090387.151675; 795825; 16
1670090387.176675; 795850; 16
1670090387.201675; 795875; 16
1670090387.226674; 795900; 16
1670090387.251671; 795925; 16
1670090387.276675; 795950; 16
1670090387.301675; 795975; 16
1670090387.326678; 796000; 16
1670090387.351671; 796025; 16
1670090387.376675; 796050; 16
1670090387.401675; 796075; 16
1670090387.426680; 796100; 16
1670090387.451676; 796125; 16
1670090387.476670; 796150; 16
1670090387.501670; 796175; 16
1670090387.526674; 796200; 16
1670090387.551671; 796225; 16
1670090387.576670; 796250; 16
1670090387.601670; 796275; 16
1670090387.626674; 796300; 16
1670090387.651671; 796325; 16
1670090387.676675; 796350; 16
1670090387.701675; 796375; 16
1670090387.726678; 796400; 16
1670090387.751671; 796425; 16
1670090387.776670; 796450; 16
1670090387.801670; 796475; 16
1670090387.826674; 796500; 16
1670090387.851671; 796525; 16
1670090387.876669; 796550; 16
1670090387.901669; 796575; 17
1670090387.926673; 796600; 17
1670090387.951672; 796625; 17
1670090387.976675; 796650; 17
1670090388.001675; 796675; 16
1670090388.026671; 796700; 16
1670090388.051675; 796725; 16
1670090388.076677; 796750; 16
1670090388.101671; 796775; 16
1670090388.126675; 796800; 16
1670090388.151683; 796825; 16
1670090388.176676; 796850; 16
1670090388.201675; 796875; 16
1670090388.226675; 796900; 16
1670090388.251680; 796925; 16
1670090388.276676; 796950; 16
1670090388.301669; 796975; 16
1670090388.326670; 797000; 16
1670090388.351674; 797025; 16
1670090388.376676; 797050; 16
1670090388.401675; 797075; 16
1670090388.426675; 797100; 17
1670090388.451680; 797125; 17
1670090388.476676; 797150; 17
1670090388.501669; 797175; 17
1670090388.526670; 797200; 16
1670090388.551678; 797225; 16
1670090388.576671; 797250; 16
1670090388.601670; 797275; 16
1670090388.626669; 797300; 16
1670090388.651674; 797325; 16
1670090388.676671; 797350; 16
1670090388.701675; 797375; 16
1670090388.726675; 797400; 16
1670090388.751675; 797425; 16
1670090388.776680; 797450; 16
1670090388.801676; 797475; 16
1670090388.826675; 797500; 17
1670090388.851675; 797525; 17
1670090388.876680; 797550; 17
1670090388.901671; 797575; 17
1670090388.926669; 797600; 17
1670090388.951675; 797625; 17
1670090388.976683; 797650; 17
1670090389.001676; 797675; 17
1670090389.026671; 797700; 16
1670090389.051676; 797725; 16
1670090389.076675; 797750; 16
1670090389.101696; 797775; 16
1670090389.126675; 797800; 16
1670090389.151675; 797825; 16
1670090389.176680; 797850; 16
1670090389.201676; 797875; 16
1670090389.226675; 797900; 16
1670090389.251675; 797925; 17
1670090389.276680; 797950; 17
1670090389.301696; 797975; 17
1670090389.326670; 798000; 17
1670090389.351670; 798025; 17
1670090389.376678; 798050; 17
1670090389.401671; 798075; 17
1670090389.426670; 798100; 17
1670090389.451670; 798125; 17
1670090389.476674; 798150; 17
1670090389.501671; 798175; 17
1670090389.526669; 798200; 17
1670090389.551670; 798225; 16
1670090389.576669; 798250; 16
1670090389.601674; 798275; 16
1670090389.626671; 798300; 16
1670090389.651670; 798325; 16
1670090389.676669; 798350; 16
1670090389.701674; 798375; 16
1670090389.726676; 798400; 16
1670090389.751675; 798425; 17
1670090389.776675; 798450; 17
1670090389.801683; 798475; 17
1670090389.826676; 798500; 17
1670090389.851675; 798525; 17
1670090389.876675; 798550; 17
1670090389.901680; 798575; 17
1670090389.926671; 798600; 17
1670090389.951669; 798625; 16
1670090389.976669; 798650; 16
1670090390.001674; 798675; 16
1670090390.026677; 798700; 16
1670090390.051676; 798725; 16
1670090390.076676; 798750; 16
1670090390.101681; 798775; 16
1670090390.126699; 798800; 16
1670090390.151669; 798825; 17
1670090390.176669; 798850; 17
1670090390.201678; 798875; 17
1670090390.226671; 798900; 17
1670090390.251669; 798925; 17
1670090390.276669; 798950; 17
1670090390.301678; 798975; 17
1670090390.326680; 799000; 17
1670090390.351670; 799025; 17
1670090390.376675; 799050; 17
1670090390.401675; 799075; 17
1670090390.426674; 799100; 17
1670090390.451671; 799125; 17
1670090390.476669; 799150; 16
1670090390.501670; 799175; 16
1670090390.526674; 799200; 16
1670090390.551676; 799225; 16
1670090390.576675; 799250; 16
1670090390.601669; 799275; 16
1670090390.626683; 799300; 16
1670090390.651676; 799325; 16
1670090390.676675; 799350; 17
1670090390.701675; 799375; 17
1670090390.726680; 799400; 17
1670090390.751676; 799425; 17
1670090390.776675; 799450; 17
1670090390.801675; 799475; 17
1670090390.826680; 799500; 17
1670090390.851676; 799525; 17
1670090390.876675; 799550; 16
1670090390.901675; 799575; 16
1670090390.926680; 799600; 16
1670090390.951676; 799625; 16
1670090390.976675; 799650; 16
1670090391.001675; 799675; 16
1670090391.026679; 799700; 16
1670090391.051672; 799725; 16
1670090391.076671; 799750; 17
1670090391.101671; 799775; 17
1670090391.126678; 799800; 17
1670090391.151672; 799825; 17
1670090391.176675; 799850; 17
1670090391.201675; 799875; 17
1670090391.226675; 799900; 17
1670090391.251674; 799925; 17
1670090391.276671; 799950; 17
1670090391.301669; 799975; 17
1670090391.326669; 800000; 17
1670090391.351674; 800025; 17
1670090391.376671; 800050; 16
1670090391.401671; 800075; 16
1670090391.426670; 800100; 16
1670090391.451678; 800125; 16
1670090391.476671; 800150; 17
1670090391.501670; 800175; 17
1670090391.526670; 800200; 17
1670090391.551674; 800225; 17
1670090391.576671; 800250; 17
1670090391.601670; 800275; 17
1670090391.626669; 800300; 17
1670090391.651674; 800325; 17
1670090391.676671; 800350; 17
1670090391.701669; 800375; 17
1670090391.726670; 800400; 17
1670090391.751674; 800425; 17
1670090391.776671; 800450; 17
1670090391.801669; 800475; 17
1670090391.826675; 800500; 17
1670090391.851683; 800525; 17
1670090391.876676; 800550; 17
1670090391.901675; 800575; 16
1670090391.926675; 800600; 16
1670090391.951675; 800625; 16
1670090391.976674; 800650; 16
1670090392.001671; 800675; 17
1670090392.026676; 800700; 17
1670090392.051676; 800725; 17
1670090392.076681; 800750; 17
1670090392.101672; 800775; 17
1670090392.126670; 800800; 17
1670090392.151669; 800825; 17
1670090392.176674; 800850; 17
1670090392.201671; 800875; 17
1670090392.226669; 800900; 17
1670090392.251669; 800925; 17
1670090392.276683; 800950; 17
1670090392.301676; 800975; 17
1670090392.326675; 801000; 17
1670090392.351675; 801025; 17
1670090392.376680; 801050; 17
1670090392.401671; 801075; 17
1670090392.426670; 801100; 17
1670090392.451669; 801125; 17
1670090392.476674; 801150; 17
1670090392.501671; 801175; 17
1670090392.526669; 801200; 17
1670090392.551669; 801225; 17
1670090392.576674; 801250; 17
1670090392.601671; 801275; 17
1670090392.626669; 801300; 17
1670090392.651670; 801325; 17
1670090392.676683; 801350; 17
1670090392.701676; 801375; 17
1670090392.726675; 801400; 17
1670090392.751675; 801425; 17
1670090392.776675; 801450; 17
1670090392.801674; 801475; 17
1670090392.826671; 801500; 16
1670090392.851670; 801525; 16
1670090392.876675; 801550; 16
1670090392.901680; 801575; 16
1670090392.926676; 801600; 16
1670090392.951675; 801625; 16
1670090392.976675; 801650; 16
1670090393.001674; 801675; 16
1670090393.026677; 801700; 17
1670090393.051694; 801725; 17
1670090393.076671; 801750; 17
1670090393.101684; 801775; 17
1670090393.126671; 801800; 17
1670090393.151669; 801825; 17
1670090393.176670; 801850; 17
1670090393.201680; 801875; 17
1670090393.226676; 801900; 17
1670090393.251675; 801925; 17
1670090393.276675; 801950; 17
1670090393.301674; 801975; 17
1670090393.326671; 802000; 17
1670090393.351670; 802025; 17
1670090393.376675; 802050; 17
1670090393.401674; 802075; 17
1670090393.426676; 802100; 17
1670090393.451675; 802125; 17
1670090393.476675; 802150; 17
1670090393.501677; 802175; 17
1670090393.526672; 802200; 17
1670090393.551675; 802225; 17
1670090393.576675; 802250; 17
1670090393.601675; 802275; 17
1670090393.626679; 802300; 17
1670090393.651676; 802325; 17
1670090393.676675; 802350; 17
1670090393.701675; 802375; 17
1670090393.726680; 802400; 17
1670090393.751676; 802425; 17
1670090393.776675; 802450; 17
1670090393.801675; 802475; 17
1670090393.826680; 802500; 17
1670090393.851676; 802525; 17
1670090393.876675; 802550; 17
1670090393.901675; 802575; 17
1670090393.926678; 802600; 17
1670090393.951671; 802625; 17
1670090393.976669; 802650; 17
1670090394.001670; 802675; 17
1670090394.026681; 802700; 17
1670090394.051677; 802725; 17
1670090394.076671; 802750; 17
1670090394.101676; 802775; 17
1670090394.126674; 802800; 17
1670090394.151671; 802825; 17
1670090394.176669; 802850; 17
1670090394.201670; 802875; 17
1670090394.226674; 802900; 17
1670090394.251671; 802925; 17
1670090394.276670; 802950; 17
1670090394.301670; 802975; 17
1670090394.326682; 803000; 17
1670090394.351672; 803025; 17
1670090394.376670; 803050; 17
1670090394.401670; 803075; 17
1670090394.426669; 803100; 17
1670090394.451674; 803125; 17
1670090394.476671; 803150; 17
1670090394.501669; 803175; 17
1670090394.526669; 803200; 17
1670090394.551674; 803225; 17
1670090394.576671; 803250; 17
1670090394.601669; 803275; 17
1670090394.626702; 803300; 17
1670090394.651680; 803325; 17
1670090394.676676; 803350; 17
1670090394.701675; 803375; 17
1670090394.726675; 803400; 17
1670090394.751683; 803425; 17
1670090394.776676; 803450; 17
1670090394.801675; 803475; 17
1670090394.826675; 803500; 17
1670090394.851679; 803525; 17
1670090394.876676; 803550; 17
1670090394.901675; 803575; 17
1670090394.926675; 803600; 17
1670090394.951680; 803625; 17
1670090394.976676; 803650; 17
1670090395.001669; 803675; 17
1670090395.026676; 803700; 17
1670090395.051675; 803725; 17
1670090395.076672; 803750; 17
1670090395.101671; 803775; 17
1670090395.126670; 803800; 17
1670090395.151670; 803825; 17
1670090395.176683; 803850; 17
1670090395.201676; 803875; 17
1670090395.226675; 803900; 17
1670090395.251675; 803925; 17
1670090395.276680; 803950; 17
1670090395.301676; 803975; 17
1670090395.326675; 804000; 17
1670090395.351675; 804025; 17
1670090395.376674; 804050; 17
1670090395.401671; 804075; 17
1670090395.426669; 804100; 17
1670090395.451675; 804125; 17
1670090395.476679; 804150; 17
1670090395.501671; 804175; 17
1670090395.526670; 804200; 17
1670090395.551670; 804225; 17
1670090395.576683; 804250; 17
1670090395.601676; 804275; 17
1670090395.626675; 804300; 17
1670090395.651678; 804325; 17
1670090395.676674; 804350; 17
1670090395.701671; 804375; 17
1670090395.726670; 804400; 17
1670090395.751669; 804425; 17
1670090395.776680; 804450; 17
1670090395.801676; 804475; 17
1670090395.826675; 804500; 17
1670090395.851675; 804525; 17
1670090395.876680; 804550; 17
1670090395.901676; 804575; 17
1670090395.926675; 804600; 17
1670090395.951675; 804625; 17
1670090395.976675; 804650; 17
1670090396.001683; 804675; 17
1670090396.026672; 804700; 17
1670090396.051671; 804725; 17
1670090396.076671; 804750; 17
1670090396.101681; 804775; 17
1670090396.126671; 804800; 17
1670090396.151669; 804825; 17
1670090396.176670; 804850; 17
1670090396.201674; 804875; 17
1670090396.226671; 804900; 17
1670090396.251669; 804925; 17
1670090396.276669; 804950; 17
1670090396.301674; 804975; 17
1670090396.326671; 805000; 17
1670090396.351669; 805025; 17
1670090396.376675; 805050; 17
1670090396.401683; 805075; 18
1670090396.426676; 805100; 18
1670090396.451675; 805125; 18
1670090396.476675; 805150; 18
1670090396.501680; 805175; 17
1670090396.526671; 805200; 17
1670090396.551669; 805225; 17
1670090396.576669; 805250; 17
1670090396.601674; 805275; 17
1670090396.626671; 805300; 17
1670090396.651669; 805325; 17
1670090396.676675; 805350; 17
1670090396.701678; 805375; 17
1670090396.726677; 805400; 17
1670090396.751669; 805425; 17
1670090396.776670; 805450; 17
1670090396.801670; 805475; 17
1670090396.826682; 805500; 17
1670090396.851676; 805525; 17
1670090396.876669; 805550; 17
1670090396.901675; 805575; 17
1670090396.926680; 805600; 17
1670090396.951676; 805625; 17
1670090396.976675; 805650; 17
1670090397.001675; 805675; 17
1670090397.026675; 805700; 17
1670090397.051677; 805725; 17
1670090397.076676; 805750; 17
1670090397.101671; 805775; 17
1670090397.126674; 805800; 17
1670090397.151671; 805825; 17
1670090397.176670; 805850; 17
1670090397.201669; 805875; 17
1670090397.226683; 805900; 17
1670090397.251676; 805925; 17
1670090397.276675; 805950; 17
1670090397.301675; 805975; 18
1670090397.326680; 806000; 18
1670090397.351676; 806025; 18
1670090397.376669; 806050; 18
1670090397.401670; 806075; 18
1670090397.426674; 806100; 18
1670090397.451671; 806125; 18
1670090397.476669; 806150; 18
1670090397.501669; 806175; 18
1670090397.526678; 806200; 17
1670090397.551672; 806225; 17
1670090397.576675; 806250; 17
1670090397.601675; 806275; 17
1670090397.626675; 806300; 17
1670090397.651678; 806325; 17
1670090397.676671; 806350; 17
1670090397.701669; 806375; 17
1670090397.726670; 806400; 18
1670090397.751674; 806425; 18
1670090397.776671; 806450; 18
1670090397.801670; 806475; 18
1670090397.826669; 806500; 18
1670090397.851674; 806525; 18
1670090397.876676; 806550; 18
1670090397.901670; 806575; 18
1670090397.926675; 806600; 18
1670090397.951680; 806625; 18
1670090397.976676; 806650; 18
1670090398.001675; 806675; 18
1670090398.026671; 806700; 17
1670090398.051684; 806725; 17
1670090398.076677; 806750; 17
1670090398.101676; 806775; 17
1670090398.126675; 806800; 17
1670090398.151680; 806825; 17
1670090398.176676; 806850; 17
1670090398.201675; 806875; 17
1670090398.226675; 806900; 17
1670090398.251680; 806925; 17
1670090398.276676; 806950; 17
1670090398.301675; 806975; 17
1670090398.326670; 807000; 18
1670090398.351669; 807025; 18
1670090398.376680; 807050; 18
1670090398.401676; 807075; 18
1670090398.426675; 807100; 17
1670090398.451675; 807125; 17
1670090398.476683; 807150; 17
1670090398.501676; 807175; 17
1670090398.526675; 807200; 17
1670090398.551675; 807225; 17
1670090398.576679; 807250; 17
1670090398.601676; 807275; 17
1670090398.626675; 807300; 17
1670090398.651675; 807325; 17
1670090398.676679; 807350; 17
1670090398.701676; 807375; 17
1670090398.726675; 807400; 17
1670090398.751675; 807425; 18
1670090398.776680; 807450; 18
1670090398.801676; 807475; 18
1670090398.826680; 807500; 18
1670090398.851670; 807525; 18
1670090398.876683; 807550; 18
1670090398.901676; 807575; 18
1670090398.926675; 807600; 18
1670090398.951670; 807625; 17
1670090398.976674; 807650; 17
1670090399.001671; 807675; 17
1670090399.026676; 807700; 17
1670090399.051676; 807725; 17
1670090399.076681; 807750; 17
1670090399.101677; 807775; 17
1670090399.126669; 807800; 17
1670090399.151675; 807825; 18
1670090399.176675; 807850; 18
1670090399.201680; 807875; 18
1670090399.226676; 807900; 18
1670090399.251675; 807925; 18
1670090399.276675; 807950; 18
1670090399.301683; 807975; 18
1670090399.326676; 808000; 18
1670090399.351670; 808025; 18
1670090399.376669; 808050; 18
1670090399.401674; 808075; 18
1670090399.426671; 808100; 18
1670090399.451669; 808125; 18
1670090399.476670; 808150; 18
1670090399.501674; 808175; 18
1670090399.526671; 808200; 18
1670090399.551675; 808225; 18
1670090399.576675; 808250; 18
1670090399.601674; 808275; 18
1670090399.626671; 808300; 18
1670090399.651670; 808325; 18
1670090399.676669; 808350; 19
1670090399.701683; 808375; 19
1670090399.726676; 808400; 19
1670090399.751675; 808425; 19
1670090399.776675; 808450; 19
1670090399.801680; 808475; 19
1670090399.826676; 808500; 19
1670090399.851677; 808525; 19
1670090399.876675; 808550; 18
1670090399.901678; 808575; 18
1670090399.926677; 808600; 18
1670090399.951686; 808625; 18
1670090399.976669; 808650; 18
1670090400.001670; 808675; 18
1670090400.026681; 808700; 18
1670090400.051677; 808725; 18
1670090400.076676; 808750; 19
1670090400.101676; 808775; 19
1670090400.126678; 808800; 19
1670090400.151671; 808825; 19
1670090400.176675; 808850; 19
1670090400.201675; 808875; 19
1670090400.226680; 808900; 19
1670090400.251676; 808925; 19
1670090400.276675; 808950; 18
1670090400.301675; 808975; 18
1670090400.326680; 809000; 18
1670090400.351676; 809025; 18
1670090400.376675; 809050; 18
1670090400.401675; 809075; 18
1670090400.426680; 809100; 18
1670090400.451676; 809125; 18
1670090400.476675; 809150; 18
1670090400.501675; 809175; 18
1670090400.526683; 809200; 18
1670090400.551676; 809225; 18
1670090400.576670; 809250; 19
1670090400.601670; 809275; 19
1670090400.626674; 809300; 19
1670090400.651671; 809325; 19
1670090400.676670; 809350; 19
1670090400.701669; 809375; 19
1670090400.726673; 809400; 19
1670090400.751672; 809425; 19
1670090400.776669; 809450; 19
1670090400.801669; 809475; 19
1670090400.826669; 809500; 19
1670090400.851674; 809525; 19
1670090400.876676; 809550; 19
1670090400.901675; 809575; 19
1670090400.926675; 809600; 19
1670090400.951678; 809625; 19
1670090400.976675; 809650; 19
1670090401.001675; 809675; 19
1670090401.026671; 809700; 19
1670090401.051681; 809725; 19
1670090401.076672; 809750; 19
1670090401.101671; 809775; 19
1670090401.126669; 809800; 19
1670090401.151679; 809825; 19
1670090401.176676; 809850; 19
1670090401.201675; 809875; 19
1670090401.226675; 809900; 19
1670090401.251680; 809925; 19
1670090401.276676; 809950; 19
1670090401.301675; 809975; 19
1670090401.326675; 810000; 19
1670090401.351683; 810025; 19
1670090401.376671; 810050; 19
1670090401.401675; 810075; 20
1670090401.426675; 810100; 20
1670090401.451680; 810125; 20
1670090401.476676; 810150; 20
1670090401.501675; 810175; 21
1670090401.526675; 810200; 21
1670090401.551675; 810225; 21
1670090401.576680; 810250; 21
1670090401.601676; 810275; 21
1670090401.626675; 810300; 21
1670090401.651675; 810325; 21
1670090401.676674; 810350; 21
1670090401.701671; 810375; 21
1670090401.726669; 810400; 21
1670090401.751669; 810425; 21
1670090401.776683; 810450; 21
1670090401.801676; 810475; 22
1670090401.826675; 810500; 22
1670090401.851675; 810525; 22
1670090401.876679; 810550; 22
1670090401.901676; 810575; 23
1670090401.926675; 810600; 23
1670090401.951675; 810625; 23
1670090401.976680; 810650; 23
1670090402.001679; 810675; 23
1670090402.026676; 810700; 23
1670090402.051676; 810725; 23
1670090402.076681; 810750; 23
1670090402.101672; 810775; 23
1670090402.126670; 810800; 23
1670090402.151669; 810825; 23
1670090402.176678; 810850; 23
1670090402.201671; 810875; 23
1670090402.226675; 810900; 23
1670090402.251675; 810925; 23
1670090402.276679; 810950; 23
1670090402.301676; 810975; 23
1670090402.326675; 811000; 23
1670090402.351675; 811025; 23
1670090402.376670; 811050; 23
1670090402.401674; 811075; 23
1670090402.426676; 811100; 24
1670090402.451675; 811125; 24
1670090402.476675; 811150; 24
1670090402.501680; 811175; 24
1670090402.526676; 811200; 25
1670090402.551675; 811225; 25
1670090402.576675; 811250; 25
1670090402.601678; 811275; 25
1670090402.626671; 811300; 24
1670090402.651670; 811325; 24
1670090402.676669; 811350; 24
1670090402.701674; 811375; 24
1670090402.726671; 811400; 24
1670090402.751669; 811425; 24
1670090402.776669; 811450; 24
1670090402.801674; 811475; 24
1670090402.826676; 811500; 24
1670090402.851675; 811525; 24
1670090402.876670; 811550; 24
1670090402.901674; 811575; 24
1670090402.926671; 811600; 25
1670090402.951669; 811625; 25
1670090402.976669; 811650; 25
1670090403.001683; 811675; 25
1670090403.026672; 811700; 27
1670090403.051671; 811725; 27
1670090403.076676; 811750; 27
1670090403.101674; 811775; 27
1670090403.126672; 811800; 27
1670090403.151675; 811825; 27
1670090403.176675; 811850; 27
1670090403.201675; 811875; 27
1670090403.226674; 811900; 27
1670090403.251671; 811925; 27
1670090403.276670; 811950; 27
1670090403.301675; 811975; 27
1670090403.326674; 812000; 27
1670090403.351671; 812025; 30
1670090403.376669; 812050; 30
1670090403.401670; 812075; 30
1670090403.426683; 812100; 30
1670090403.451676; 812125; 33
1670090403.476675; 812150; 33
1670090403.501675; 812175; 33
1670090403.526680; 812200; 33
1670090403.551676; 812225; 35
1670090403.576675; 812250; 35
1670090403.601675; 812275; 35
1670090403.626679; 812300; 35
1670090403.651676; 812325; 37
1670090403.676675; 812350; 37
1670090403.701669; 812375; 37
1670090403.726674; 812400; 37
1670090403.751671; 812425; 37
1670090403.776669; 812450; 37
1670090403.801669; 812475; 37
1670090403.826683; 812500; 37
1670090403.851671; 812525; 35
1670090403.876675; 812550; 35
1670090403.901675; 812575; 35
1670090403.926673; 812600; 35
1670090403.951677; 812625; 36
1670090403.976670; 812650; 36
1670090404.001669; 812675; 36
1670090404.026676; 812700; 36
1670090404.051675; 812725; 33
1670090404.076672; 812750; 33
1670090404.101671; 812775; 33
1670090404.126669; 812800; 33
1670090404.151674; 812825; 32
1670090404.176671; 812850; 32
1670090404.201670; 812875; 32
1670090404.226675; 812900; 32
1670090404.251685; 812925; 32
1670090404.276676; 812950; 32
1670090404.301675; 812975; 32
1670090404.326675; 813000; 32
1670090404.351680; 813025; 32
1670090404.376671; 813050; 32
1670090404.401669; 813075; 32
1670090404.426670; 813100; 32
1670090404.451674; 813125; 32
1670090404.476671; 813150; 32
1670090404.501670; 813175; 32
1670090404.526670; 813200; 32
1670090404.551674; 813225; 32
1670090404.576671; 813250; 33
1670090404.601669; 813275; 33
1670090404.626669; 813300; 33
1670090404.651678; 813325; 33
1670090404.676676; 813350; 33
1670090404.701675; 813375; 33
1670090404.726675; 813400; 33
1670090404.751675; 813425; 33
1670090404.776680; 813450; 34
1670090404.801676; 813475; 34
1670090404.826675; 813500; 34
1670090404.851675; 813525; 34
1670090404.876680; 813550; 35
1670090404.901676; 813575; 35
1670090404.926675; 813600; 35
1670090404.951675; 813625; 35
1670090404.976674; 813650; 35
1670090405.001671; 813675; 35
1670090405.026676; 813700; 35
1670090405.051676; 813725; 35
1670090405.076684; 813750; 37
1670090405.101677; 813775; 37
1670090405.126669; 813800; 37
1670090405.151669; 813825; 37
1670090405.176674; 813850; 39
1670090405.201671; 813875; 39
1670090405.226669; 813900; 39
1670090405.251669; 813925; 39
1670090405.276677; 813950; 39
1670090405.301676; 813975; 39
1670090405.326675; 814000; 39
1670090405.351675; 814025; 39
1670090405.376674; 814050; 40
1670090405.401671; 814075; 40
1670090405.426669; 814100; 40
1670090405.451669; 814125; 40
1670090405.476678; 814150; 40
1670090405.501671; 814175; 39
1670090405.526669; 814200; 39
1670090405.551669; 814225; 39
1670090405.576669; 814250; 39
1670090405.601677; 814275; 37
1670090405.626676; 814300; 37
1670090405.651675; 814325; 37
1670090405.676675; 814350; 37
1670090405.701674; 814375; 39
1670090405.726671; 814400; 39
1670090405.751670; 814425; 39
1670090405.776670; 814450; 39
1670090405.801674; 814475; 41
1670090405.826671; 814500; 41
1670090405.851669; 814525; 41
1670090405.876675; 814550; 41
1670090405.901683; 814575; 37
1670090405.926676; 814600; 37
1670090405.951675; 814625; 37
1670090405.976675; 814650; 37
1670090406.001674; 814675; 36
1670090406.026677; 814700; 36
1670090406.051676; 814725; 36
1670090406.076676; 814750; 36
1670090406.101681; 814775; 35
1670090406.126671; 814800; 35
1670090406.151669; 814825; 35
1670090406.176670; 814850; 35
1670090406.201674; 814875; 36
1670090406.226671; 814900; 36
1670090406.251669; 814925; 36
1670090406.276670; 814950; 36
1670090406.301676; 814975; 35
1670090406.326672; 815000; 35
1670090406.351675; 815025; 35
1670090406.376669; 815050; 35
1670090406.401670; 815075; 25
1670090406.426674; 815100; 25
1670090406.451671; 815125; 25
1670090406.476669; 815150; 25
1670090406.501670; 815175; 23
1670090406.526674; 815200; 23
1670090406.551671; 815225; 23
1670090406.576669; 815250; 23
1670090406.601669; 815275; 23
1670090406.626674; 815300; 23
1670090406.651671; 815325; 23
1670090406.676669; 815350; 23
1670090406.701669; 815375; 23
1670090406.726683; 815400; 24
1670090406.751676; 815425; 24
1670090406.776675; 815450; 24
1670090406.801675; 815475; 24
1670090406.826680; 815500; 24
1670090406.851676; 815525; 24
1670090406.876670; 815550; 24
1670090406.901669; 815575; 24
1670090406.926674; 815600; 24
1670090406.951671; 815625; 24
1670090406.976670; 815650; 24
1670090407.001670; 815675; 24
1670090407.026681; 815700; 24
1670090407.051677; 815725; 24
1670090407.076676; 815750; 24
1670090407.101676; 815775; 24
1670090407.126676; 815800; 25
1670090407.151672; 815825; 25
1670090407.176675; 815850; 25
1670090407.201675; 815875; 25
1670090407.226675; 815900; 25
1670090407.251680; 815925; 25
1670090407.276689; 815950; 25
1670090407.301669; 815975; 25
1670090407.326669; 816000; 25
1670090407.351674; 816025; 25
1670090407.376671; 816050; 25
1670090407.401669; 816075; 25
1670090407.426669; 816100; 25
1670090407.451679; 816125; 25
1670090407.476676; 816150; 25
1670090407.501701; 816175; 25
1670090407.526669; 816200; 24
1670090407.551684; 816225; 24
1670090407.576676; 816250; 24
1670090407.601669; 816275; 24
1670090407.626669; 816300; 25
1670090407.651674; 816325; 25
1670090407.676671; 816350; 25
1670090407.701670; 816375; 25
1670090407.726669; 816400; 25
1670090407.751674; 816425; 25
1670090407.776671; 816450; 25
1670090407.801669; 816475; 25
1670090407.826670; 816500; 25
1670090407.851674; 816525; 25
1670090407.876676; 816550; 25
1670090407.901675; 816575; 25
1670090407.926675; 816600; 25
1670090407.951675; 816625; 26
1670090407.976683; 816650; 26
1670090408.001676; 816675; 26
1670090408.026676; 816700; 26
1670090408.051676; 816725; 26
1670090408.076675; 816750; 26
1670090408.101672; 816775; 26
1670090408.126669; 816800; 26
1670090408.151669; 816825; 27
1670090408.176674; 816850; 27
1670090408.201671; 816875; 27
1670090408.226670; 816900; 27
1670090408.251670; 816925; 27
1670090408.276674; 816950; 27
1670090408.301678; 816975; 27
1670090408.326670; 817000; 27
1670090408.351675; 817025; 27
1670090408.376683; 817050; 27
1670090408.401676; 817075; 27
1670090408.426675; 817100; 27
1670090408.451675; 817125; 27
1670090408.476680; 817150; 27
1670090408.501676; 817175; 27
1670090408.526675; 817200; 27
1670090408.551675; 817225; 28
1670090408.576674; 817250; 28
1670090408.601671; 817275; 28
1670090408.626669; 817300; 28
1670090408.651669; 817325; 29
1670090408.676674; 817350; 29
1670090408.701671; 817375; 29
1670090408.726669; 817400; 29
1670090408.751669; 817425; 28
1670090408.776675; 817450; 28
1670090408.801678; 817475; 28
1670090408.826671; 817500; 28
1670090408.851669; 817525; 28
1670090408.876675; 817550; 28
1670090408.901680; 817575; 28
1670090408.926676; 817600; 28
1670090408.951675; 817625; 28
1670090408.976675; 817650; 28
1670090409.001674; 817675; 28
1670090409.026672; 817700; 28
1670090409.051676; 817725; 28
1670090409.076671; 817750; 29
1670090409.101681; 817775; 29
1670090409.126671; 817800; 29
1670090409.151669; 817825; 29
1670090409.176669; 817850; 28
1670090409.201683; 817875; 28
1670090409.226676; 817900; 28
1670090409.251675; 817925; 28
1670090409.276675; 817950; 28
1670090409.301680; 817975; 28
1670090409.326679; 818000; 28
1670090409.351669; 818025; 28
1670090409.376675; 818050; 28
1670090409.401680; 818075; 28
1670090409.426676; 818100; 28
1670090409.451675; 818125; 28
1670090409.476675; 818150; 30
1670090409.501678; 818175; 30
1670090409.526677; 818200; 30
1670090409.551669; 818225; 30
1670090409.576688; 818250; 28
1670090409.601675; 818275; 28
1670090409.626683; 818300; 28
1670090409.651676; 818325; 28
1670090409.676675; 818350; 23
1670090409.701675; 818375; 23
1670090409.726680; 818400; 23
1670090409.751676; 818425; 23
1670090409.776675; 818450; 22
1670090409.801675; 818475; 22
1670090409.826680; 818500; 22
1670090409.851676; 818525; 22
1670090409.876675; 818550; 22
1670090409.901675; 818575; 22
1670090409.926680; 818600; 22
1670090409.951676; 818625; 22
1670090409.976675; 818650; 23
1670090410.001675; 818675; 23
1670090410.026684; 818700; 23
1670090410.051677; 818725; 23
1670090410.076676; 818750; 22
1670090410.101671; 818775; 22
1670090410.126674; 818800; 22
1670090410.151671; 818825; 22
1670090410.176670; 818850; 22
1670090410.201669; 818875; 22
1670090410.226674; 818900; 22
1670090410.251671; 818925; 22
1670090410.276669; 818950; 22
1670090410.301669; 818975; 22
1670090410.326673; 819000; 22
1670090410.351678; 819025; 22
1670090410.376670; 819050; 22
1670090410.401669; 819075; 22
1670090410.426669; 819100; 22
1670090410.451683; 819125; 22
1670090410.476676; 819150; 22
1670090410.501675; 819175; 23
1670090410.526675; 819200; 23
1670090410.551680; 819225; 23
1670090410.576671; 819250; 23
1670090410.601678; 819275; 24
1670090410.626675; 819300; 24
1670090410.651680; 819325; 24
1670090410.676676; 819350; 24
1670090410.701675; 819375; 24
1670090410.726675; 819400; 24
1670090410.751680; 819425; 24
1670090410.776676; 819450; 24
1670090410.801675; 819475; 23
1670090410.826669; 819500; 23
1670090410.851678; 819525; 23
1670090410.876676; 819550; 23
1670090410.901675; 819575; 25
1670090410.926675; 819600; 25
1670090410.951680; 819625; 25
1670090410.976676; 819650; 25
1670090411.001675; 819675; 26
1670090411.026676; 819700; 26
1670090411.051681; 819725; 26
1670090411.076672; 819750; 26
1670090411.101671; 819775; 26
1670090411.126675; 819800; 26
1670090411.151675; 819825; 26
1670090411.176679; 819850; 26
1670090411.201676; 819875; 27
1670090411.226675; 819900; 27
1670090411.251675; 819925; 27
1670090411.276683; 819950; 27
1670090411.301671; 819975; 27
1670090411.326669; 820000; 27
1670090411.351669; 820025; 27
1670090411.376675; 820050; 27
1670090411.401676; 820075; 27
1670090411.426669; 820100; 26
1670090411.451670; 820125; 26
1670090411.476674; 820150; 26
1670090411.501676; 820175; 26
1670090411.526669; 820200; 27
1670090411.551669; 820225; 27
1670090411.576674; 820250; 27
1670090411.601671; 820275; 27
1670090411.626677; 820300; 26
1670090411.651669; 820325; 26
1670090411.676683; 820350; 26
1670090411.701676; 820375; 26
1670090411.726675; 820400; 25
1670090411.751675; 820425; 25
1670090411.776680; 820450; 25
1670090411.801676; 820475; 25
1670090411.826675; 820500; 25
1670090411.851675; 820525; 25
1670090411.876679; 820550; 25
1670090411.901671; 820575; 25
1670090411.926669; 820600; 25
1670090411.951670; 820625; 25
1670090411.976669; 820650; 25
1670090412.001674; 820675; 25
1670090412.026677; 820700; 26
1670090412.051676; 820725; 26
1670090412.076676; 820750; 26
1670090412.101684; 820775; 26
1670090412.126671; 820800; 25
1670090412.151669; 820825; 25
1670090412.176669; 820850; 25
1670090412.201674; 820875; 25
1670090412.226671; 820900; 25
1670090412.251669; 820925; 25
1670090412.276669; 820950; 25
1670090412.301674; 820975; 25
1670090412.326671; 821000; 25
1670090412.351669; 821025; 25
1670090412.376675; 821050; 25
1670090412.401674; 821075; 25
1670090412.426671; 821100; 25
1670090412.451675; 821125; 25
1670090412.476675; 821150; 25
1670090412.501683; 821175; 25
1670090412.526676; 821200; 25
1670090412.551675; 821225; 26
1670090412.576675; 821250; 26
1670090412.601680; 821275; 26
1670090412.626676; 821300; 26
1670090412.651678; 821325; 26
1670090412.676669; 821350; 26
1670090412.701673; 821375; 26
1670090412.726672; 821400; 26
1670090412.751675; 821425; 26
1670090412.776675; 821450; 26
1670090412.801675; 821475; 26
1670090412.826674; 821500; 26
1670090412.851671; 821525; 26
1670090412.876670; 821550; 26
1670090412.901670; 821575; 26
1670090412.926683; 821600; 26
1670090412.951676; 821625; 26
1670090412.976675; 821650; 26
1670090413.001675; 821675; 26
1670090413.026675; 821700; 26
1670090413.051672; 821725; 27
1670090413.076671; 821750; 27
1670090413.101671; 821775; 27
1670090413.126674; 821800; 27
1670090413.151671; 821825; 28
1670090413.176669; 821850; 28
1670090413.201669; 821875; 28
1670090413.226674; 821900; 28
1670090413.251671; 821925; 29
1670090413.276669; 821950; 29
1670090413.301669; 821975; 29
1670090413.326678; 822000; 29
1670090413.351671; 822025; 28
1670090413.376675; 822050; 28
1670090413.401675; 822075; 28
1670090413.426680; 822100; 28
1670090413.451676; 822125; 27
1670090413.476669; 822150; 27
1670090413.501669; 822175; 27
1670090413.526673; 822200; 27
1670090413.551672; 822225; 29
1670090413.576675; 822250; 29
1670090413.601675; 822275; 29
1670090413.626675; 822300; 29
1670090413.651674; 822325; 29
1670090413.676676; 822350; 30
1670090413.701669; 822375; 30
1670090413.726670; 822400; 30
1670090413.751683; 822425; 30
1670090413.776676; 822450; 29
1670090413.801675; 822475; 29
1670090413.826675; 822500; 29
1670090413.851680; 822525; 29
1670090413.876671; 822550; 32
1670090413.901670; 822575; 32
1670090413.926670; 822600; 32
1670090413.951674; 822625; 32
1670090413.976671; 822650; 34
1670090414.001669; 822675; 34
1670090414.026676; 822700; 34
1670090414.051681; 822725; 34
1670090414.076672; 822750; 35
1670090414.101676; 822775; 35
1670090414.126675; 822800; 35
1670090414.151683; 822825; 35
1670090414.176676; 822850; 37
1670090414.201675; 822875; 37
1670090414.226675; 822900; 37
1670090414.251680; 822925; 37
1670090414.276676; 822950; 34
1670090414.301675; 822975; 34
1670090414.326675; 823000; 34
1670090414.351675; 823025; 34
1670090414.376674; 823050; 28
1670090414.401671; 823075; 28
1670090414.426669; 823100; 28
1670090414.451669; 823125; 28
1670090414.476674; 823150; 25
1670090414.501676; 823175; 25
1670090414.526675; 823200; 25
1670090414.551675; 823225; 25
1670090414.576683; 823250; 25
1670090414.601676; 823275; 25
1670090414.626669; 823300; 25
1670090414.651670; 823325; 25
1670090414.676674; 823350; 25
1670090414.701676; 823375; 25
1670090414.726669; 823400; 25
1670090414.751670; 823425; 25
1670090414.776674; 823450; 26
1670090414.801671; 823475; 26
1670090414.826670; 823500; 26
1670090414.851669; 823525; 26
1670090414.876680; 823550; 26
1670090414.901696; 823575; 26
1670090414.926669; 823600; 26
1670090414.951669; 823625; 26
1670090414.976678; 823650; 26
1670090415.001671; 823675; 26
1670090415.026676; 823700; 26
1670090415.051676; 823725; 26
1670090415.076675; 823750; 26
1670090415.101672; 823775; 27
1670090415.126675; 823800; 27
1670090415.151675; 823825; 27
1670090415.176675; 823850; 27
1670090415.201679; 823875; 27
1670090415.226676; 823900; 27
1670090415.251675; 823925; 27
1670090415.276675; 823950; 27
1670090415.301680; 823975; 28
1670090415.326671; 824000; 28
1670090415.351669; 824025; 28
1670090415.376675; 824050; 28
1670090415.401683; 824075; 29
1670090415.426676; 824100; 29
1670090415.451675; 824125; 29
1670090415.476675; 824150; 29
1670090415.501680; 824175; 27
1670090415.526676; 824200; 27
1670090415.551675; 824225; 27
1670090415.576675; 824250; 27
1670090415.601680; 824275; 29
1670090415.626676; 824300; 29
1670090415.651675; 824325; 29
1670090415.676675; 824350; 29
1670090415.701679; 824375; 28
1670090415.726671; 824400; 28
1670090415.751669; 824425; 28
1670090415.776669; 824450; 28
1670090415.801683; 824475; 27
1670090415.826676; 824500; 27
1670090415.851669; 824525; 27
1670090415.876675; 824550; 27
1670090415.901673; 824575; 27
1670090415.926692; 824600; 27
1670090415.951675; 824625; 27
1670090415.976675; 824650; 27
1670090416.001675; 824675; 27
1670090416.026681; 824700; 27
1670090416.051672; 824725; 27
1670090416.076671; 824750; 27
1670090416.101676; 824775; 27
1670090416.126674; 824800; 27
1670090416.151676; 824825; 27
1670090416.176675; 824850; 27
1670090416.201675; 824875; 27
1670090416.226683; 824900; 27
1670090416.251676; 824925; 27
1670090416.276675; 824950; 27
1670090416.301675; 824975; 27
1670090416.326679; 825000; 27
1670090416.351676; 825025; 27
1670090416.376675; 825050; 27
1670090416.401675; 825075; 27
1670090416.426680; 825100; 27
1670090416.451676; 825125; 27
1670090416.476675; 825150; 27
1670090416.501675; 825175; 27
1670090416.526680; 825200; 27
1670090416.551671; 825225; 27
1670090416.576670; 825250; 27
1670090416.601675; 825275; 27
1670090416.626678; 825300; 29
1670090416.651671; 825325; 29
1670090416.676669; 825350; 29
1670090416.701670; 825375; 29
1670090416.726678; 825400; 29
1670090416.751672; 825425; 29
1670090416.776675; 825450; 29
1670090416.801675; 825475; 29
1670090416.826675; 825500; 28
1670090416.851674; 825525; 28
1670090416.876676; 825550; 28
1670090416.901675; 825575; 28
1670090416.926675; 825600; 27
1670090416.951679; 825625; 27
1670090416.976676; 825650; 27
1670090417.001675; 825675; 27
1670090417.026671; 825700; 28
1670090417.051679; 825725; 28
1670090417.076677; 825750; 28
1670090417.101676; 825775; 28
1670090417.126669; 825800; 27
1670090417.151674; 825825; 27
1670090417.176671; 825850; 27
1670090417.201670; 825875; 27
1670090417.226670; 825900; 27
1670090417.251674; 825925; 28
1670090417.276671; 825950; 28
1670090417.301669; 825975; 28
1670090417.326669; 826000; 28
1670090417.351674; 826025; 30
1670090417.376676; 826050; 30
1670090417.401675; 826075; 30
1670090417.426671; 826100; 30
1670090417.451678; 826125; 29
1670090417.476671; 826150; 29
1670090417.501670; 826175; 29
1670090417.526670; 826200; 29
1670090417.551669; 826225; 29
1670090417.576674; 826250; 29
1670090417.601671; 826275; 29
1670090417.626669; 826300; 29
1670090417.651669; 826325; 27
1670090417.676674; 826350; 27
1670090417.701671; 826375; 27
1670090417.726670; 826400; 27
1670090417.751669; 826425; 27
1670090417.776680; 826450; 27
1670090417.801676; 826475; 27
1670090417.826675; 826500; 27
1670090417.851675; 826525; 26
1670090417.876683; 826550; 26
1670090417.901676; 826575; 26
1670090417.926675; 826600; 26
1670090417.951675; 826625; 27
1670090417.976674; 826650; 27
1670090418.001671; 826675; 27
1670090418.026676; 826700; 27
1670090418.051676; 826725; 31
1670090418.076681; 826750; 31
1670090418.101672; 826775; 31
1670090418.126669; 826800; 31
1670090418.151670; 826825; 31
1670090418.176674; 826850; 31
1670090418.201671; 826875; 31
1670090418.226669; 826900; 31
1670090418.251670; 826925; 32
1670090418.276678; 826950; 32
1670090418.301671; 826975; 32
1670090418.326669; 827000; 32
1670090418.351669; 827025; 32
1670090418.376669; 827050; 25
1670090418.401680; 827075; 25
1670090418.426676; 827100; 25
1670090418.451675; 827125; 25
1670090418.476675; 827150; 22
1670090418.501674; 827175; 22
1670090418.526671; 827200; 22
1670090418.551669; 827225; 22
1670090418.576669; 827250; 22
1670090418.601674; 827275; 22
1670090418.626671; 827300; 22
1670090418.651669; 827325; 22
1670090418.676669; 827350; 23
1670090418.701683; 827375; 23
1670090418.726676; 827400; 23
1670090418.751675; 827425; 23
1670090418.776675; 827450; 23
1670090418.801679; 827475; 23
1670090418.826676; 827500; 23
1670090418.851676; 827525; 23
1670090418.876669; 827550; 24
1670090418.901674; 827575; 24
1670090418.926671; 827600; 24
1670090418.951675; 827625; 24
1670090418.976675; 827650; 25
1670090419.001674; 827675; 25
1670090419.026677; 827700; 25
1670090419.051676; 827725; 25
1670090419.076676; 827750; 25
1670090419.101683; 827775; 25
1670090419.126672; 827800; 25
1670090419.151675; 827825; 25
1670090419.176675; 827850; 25
1670090419.201675; 827875; 25
1670090419.226680; 827900; 25
1670090419.251676; 827925; 25
1670090419.276675; 827950; 29
1670090419.301675; 827975; 29
1670090419.326680; 828000; 29
1670090419.351676; 828025; 29
1670090419.376670; 828050; 25
1670090419.401670; 828075; 25
1670090419.426674; 828100; 25
1670090419.451671; 828125; 25
1670090419.476669; 828150; 26
1670090419.501669; 828175; 26
1670090419.526678; 828200; 26
1670090419.551671; 828225; 26
1670090419.576670; 828250; 26
1670090419.601669; 828275; 26
1670090419.626680; 828300; 26
1670090419.651676; 828325; 26
1670090419.676675; 828350; 26
1670090419.701675; 828375; 26
1670090419.726680; 828400; 26
1670090419.751676; 828425; 26
1670090419.776669; 828450; 26
1670090419.801669; 828475; 27
1670090419.826674; 828500; 27
1670090419.851671; 828525; 27
1670090419.876675; 828550; 27
1670090419.901675; 828575; 26
1670090419.926677; 828600; 26
1670090419.951672; 828625; 26
1670090419.976675; 828650; 26
1670090420.001675; 828675; 27
1670090420.026671; 828700; 27
1670090420.051681; 828725; 27
1670090420.076672; 828750; 27
1670090420.101671; 828775; 27
1670090420.126669; 828800; 27
1670090420.151674; 828825; 27
1670090420.176671; 828850; 27
1670090420.201669; 828875; 27
1670090420.226680; 828900; 27
1670090420.251674; 828925; 27
1670090420.276671; 828950; 27
1670090420.301675; 828975; 27
1670090420.326675; 829000; 27
1670090420.351678; 829025; 27
1670090420.376676; 829050; 27
1670090420.401675; 829075; 28
1670090420.426675; 829100; 28
1670090420.451674; 829125; 28
1670090420.476671; 829150; 28
1670090420.501669; 829175; 27
1670090420.526669; 829200; 27
1670090420.551674; 829225; 27
1670090420.576671; 829250; 27
1670090420.601669; 829275; 27
1670090420.626669; 829300; 27
1670090420.651674; 829325; 27
1670090420.676671; 829350; 27
1670090420.701670; 829375; 27
1670090420.726669; 829400; 27
1670090420.751669; 829425; 27
1670090420.776683; 829450; 27
1670090420.801676; 829475; 27
1670090420.826675; 829500; 27
1670090420.851669; 829525; 27
1670090420.876679; 829550; 27
1670090420.901676; 829575; 27
1670090420.926675; 829600; 28
1670090420.951675; 829625; 28
1670090420.976680; 829650; 28
1670090421.001676; 829675; 28
1670090421.026676; 829700; 28
1670090421.051676; 829725; 28
1670090421.076681; 829750; 28
1670090421.101672; 829775; 28
1670090421.126670; 829800; 28
1670090421.151669; 829825; 28
1670090421.176683; 829850; 28
1670090421.201676; 829875; 28
1670090421.226675; 829900; 29
1670090421.251681; 829925; 29
1670090421.276674; 829950; 29
1670090421.301671; 829975; 29
1670090421.326669; 830000; 30
1670090421.351669; 830025; 30
1670090421.376679; 830050; 30
1670090421.401676; 830075; 30
1670090421.426675; 830100; 30
1670090421.451675; 830125; 30
1670090421.476680; 830150; 30
1670090421.501676; 830175; 30
1670090421.526675; 830200; 30
1670090421.551675; 830225; 30
1670090421.576670; 830250; 30
1670090421.601678; 830275; 30
1670090421.626671; 830300; 30
1670090421.651669; 830325; 30
1670090421.676675; 830350; 30
1670090421.701680; 830375; 30
1670090421.726671; 830400; 31
1670090421.751669; 830425; 31
1670090421.776669; 830450; 31
1670090421.801674; 830475; 31
1670090421.826671; 830500; 32
1670090421.851670; 830525; 32
1670090421.876669; 830550; 32
1670090421.901674; 830575; 32
1670090421.926671; 830600; 32
1670090421.951670; 830625; 33
1670090421.976675; 830650; 33
1670090422.001683; 830675; 33
1670090422.026672; 830700; 33
1670090422.051671; 830725; 33
1670090422.076671; 830750; 33
1670090422.101681; 830775; 33
1670090422.126671; 830800; 33
1670090422.151669; 830825; 31
1670090422.176675; 830850; 31
1670090422.201674; 830875; 31
1670090422.226679; 830900; 31
1670090422.251669; 830925; 32
1670090422.276675; 830950; 32
1670090422.301678; 830975; 32
1670090422.326677; 831000; 32
1670090422.351670; 831025; 33
1670090422.376670; 831050; 33
1670090422.401669; 831075; 33
1670090422.426683; 831100; 33
1670090422.451676; 831125; 36
1670090422.476675; 831150; 36
1670090422.501675; 831175; 36
1670090422.526680; 831200; 36
1670090422.551676; 831225; 33
1670090422.576675; 831250; 33
1670090422.601675; 831275; 33
1670090422.626680; 831300; 33
1670090422.651676; 831325; 34
1670090422.676675; 831350; 34
1670090422.701669; 831375; 34
1670090422.726674; 831400; 34
1670090422.751671; 831425; 35
1670090422.776669; 831450; 35
1670090422.801669; 831475; 35
1670090422.826683; 831500; 35
1670090422.851676; 831525; 33
1670090422.876669; 831550; 33
1670090422.901670; 831575; 33
1670090422.926674; 831600; 33
1670090422.951671; 831625; 32
1670090422.976669; 831650; 32
1670090423.001675; 831675; 32
1670090423.026675; 831700; 32
1670090423.051672; 831725; 32
1670090423.076671; 831750; 28
1670090423.101671; 831775; 28
1670090423.126673; 831800; 28
1670090423.151672; 831825; 28
1670090423.176675; 831850; 24
1670090423.201675; 831875; 24
1670090423.226675; 831900; 24
1670090423.251683; 831925; 24
1670090423.276676; 831950; 23
1670090423.301669; 831975; 23
1670090423.326669; 832000; 23
1670090423.351674; 832025; 23
1670090423.376671; 832050; 23
1670090423.401669; 832075; 23
1670090423.426669; 832100; 23
1670090423.451674; 832125; 23
1670090423.476671; 832150; 24
1670090423.501670; 832175; 24
1670090423.526675; 832200; 24
1670090423.551680; 832225; 24
1670090423.576676; 832250; 23
1670090423.601675; 832275; 23
1670090423.626675; 832300; 23
1670090423.651678; 832325; 23
1670090423.676671; 832350; 24
1670090423.701669; 832375; 24
1670090423.726670; 832400; 24
1670090423.751674; 832425; 24
1670090423.776671; 832450; 23
1670090423.801669; 832475; 23
1670090423.826670; 832500; 23
1670090423.851674; 832525; 23
1670090423.876676; 832550; 23
1670090423.901675; 832575; 23
1670090423.926675; 832600; 23
1670090423.951675; 832625; 23
1670090423.976679; 832650; 23
1670090424.001676; 832675; 23
1670090424.026676; 832700; 23
1670090424.051676; 832725; 23
1670090424.076684; 832750; 23
1670090424.101677; 832775; 23
1670090424.126670; 832800; 23
1670090424.151670; 832825; 23
1670090424.176680; 832850; 23
1670090424.201676; 832875; 24
1670090424.226675; 832900; 24
1670090424.251690; 832925; 24
1670090424.276680; 832950; 24
1670090424.301676; 832975; 24
1670090424.326669; 833000; 24
1670090424.351670; 833025; 24
1670090424.376679; 833050; 24
1670090424.401676; 833075; 25
1670090424.426675; 833100; 25
1670090424.451675; 833125; 25
1670090424.476683; 833150; 25
1670090424.501676; 833175; 25
1670090424.526675; 833200; 25
1670090424.551669; 833225; 25
1670090424.576674; 833250; 25
1670090424.601671; 833275; 25
1670090424.626669; 833300; 25
1670090424.651669; 833325; 25
1670090424.676674; 833350; 25
1670090424.701671; 833375; 26
1670090424.726669; 833400; 26
1670090424.751669; 833425; 26
1670090424.776670; 833450; 26
1670090424.801674; 833475; 26
1670090424.826671; 833500; 26
1670090424.851670; 833525; 26
1670090424.876675; 833550; 26
1670090424.901683; 833575; 27
1670090424.926676; 833600; 27
1670090424.951675; 833625; 27
1670090424.976675; 833650; 27
1670090425.001680; 833675; 27
1670090425.026672; 833700; 27
1670090425.051671; 833725; 27
1670090425.076671; 833750; 27
1670090425.101675; 833775; 28
1670090425.126671; 833800; 28
1670090425.151670; 833825; 28
1670090425.176669; 833850; 28
1670090425.201674; 833875; 29
1670090425.226671; 833900; 29
1670090425.251669; 833925; 29
1670090425.276670; 833950; 29
1670090425.301678; 833975; 30
1670090425.326671; 834000; 30
1670090425.351675; 834025; 30
1670090425.376669; 834050; 30
1670090425.401674; 834075; 30
1670090425.426671; 834100; 30
1670090425.451669; 834125; 30
1670090425.476669; 834150; 30
1670090425.501673; 834175; 30
1670090425.526672; 834200; 31
1670090425.551687; 834225; 31
1670090425.576669; 834250; 31
1670090425.601669; 834275; 31
1670090425.626680; 834300; 32
1670090425.651676; 834325; 32
1670090425.676675; 834350; 32
1670090425.701675; 834375; 32
1670090425.726678; 834400; 33
1670090425.751671; 834425; 33
1670090425.776675; 834450; 33
1670090425.801675; 834475; 33
1670090425.826680; 834500; 33
1670090425.851676; 834525; 33
1670090425.876675; 834550; 33
1670090425.901675; 834575; 33
1670090425.926680; 834600; 30
1670090425.951676; 834625; 30
1670090425.976675; 834650; 30
1670090426.001675; 834675; 30
1670090426.026675; 834700; 31
1670090426.051672; 834725; 31
1670090426.076671; 834750; 31
1670090426.101676; 834775; 31
1670090426.126683; 834800; 34
1670090426.151676; 834825; 34
1670090426.176669; 834850; 34
1670090426.201670; 834875; 34
1670090426.226674; 834900; 33
1670090426.251671; 834925; 33
1670090426.276670; 834950; 33
1670090426.301670; 834975; 33
1670090426.326673; 835000; 33
1670090426.351672; 835025; 33
1670090426.376675; 835050; 33
1670090426.401669; 835075; 33
1670090426.426675; 835100; 33
1670090426.451674; 835125; 33
1670090426.476671; 835150; 33
1670090426.501670; 835175; 33
1670090426.526669; 835200; 33
1670090426.551678; 835225; 31
1670090426.576711; 835250; 31
1670090426.601675; 835275; 31
1670090426.626675; 835300; 31
1670090426.651679; 835325; 29
1670090426.676676; 835350; 29
1670090426.701680; 835375; 29
1670090426.726675; 835400; 29
1670090426.751680; 835425; 23
1670090426.776676; 835450; 23
1670090426.801669; 835475; 23
1670090426.826669; 835500; 23
1670090426.851680; 835525; 19
1670090426.876676; 835550; 19
1670090426.901675; 835575; 19
1670090426.926675; 835600; 19
1670090426.951678; 835625; 18
1670090426.976671; 835650; 18
1670090427.001670; 835675; 18
1670090427.026676; 835700; 18
1670090427.051675; 835725; 18
1670090427.076672; 835750; 18
1670090427.101671; 835775; 18
1670090427.126669; 835800; 18
1670090427.151669; 835825; 18
1670090427.176674; 835850; 18
1670090427.201676; 835875; 18
1670090427.226675; 835900; 18
1670090427.251675; 835925; 18
1670090427.276680; 835950; 18
1670090427.301676; 835975; 18
1670090427.326675; 836000; 18
1670090427.351669; 836025; 18
1670090427.376678; 836050; 18
1670090427.401676; 836075; 18
1670090427.426675; 836100; 18
1670090427.451675; 836125; 18
1670090427.476680; 836150; 18
1670090427.501676; 836175; 18
1670090427.526675; 836200; 18
1670090427.551675; 836225; 19
1670090427.576680; 836250; 19
1670090427.601676; 836275; 19
1670090427.626669; 836300; 19
1670090427.651692; 836325; 19
1670090427.676674; 836350; 19
1670090427.701671; 836375; 19
1670090427.726670; 836400; 19
1670090427.751669; 836425; 19
1670090427.776678; 836450; 19
1670090427.801671; 836475; 19
1670090427.826675; 836500; 19
1670090427.851675; 836525; 19
1670090427.876680; 836550; 19
1670090427.901676; 836575; 19
1670090427.926675; 836600; 19
1670090427.951675; 836625; 19
1670090427.976675; 836650; 19
1670090428.001680; 836675; 19
1670090428.026677; 836700; 19
1670090428.051676; 836725; 19
1670090428.076676; 836750; 19
1670090428.101681; 836775; 19
1670090428.126671; 836800; 19
1670090428.151670; 836825; 19
1670090428.176669; 836850; 20
1670090428.201678; 836875; 20
1670090428.226676; 836900; 20
1670090428.251675; 836925; 20
1670090428.276675; 836950; 20
1670090428.301680; 836975; 20
1670090428.326676; 837000; 20
1670090428.351675; 837025; 20
1670090428.376669; 837050; 20
1670090428.401674; 837075; 20
1670090428.426676; 837100; 20
1670090428.451675; 837125; 20
1670090428.476675; 837150; 21
1670090428.501674; 837175; 21
1670090428.526671; 837200; 21
1670090428.551669; 837225; 21
1670090428.576669; 837250; 21
1670090428.601683; 837275; 21
1670090428.626671; 837300; 21
1670090428.651682; 837325; 21
1670090428.676673; 837350; 21
1670090428.701673; 837375; 21
1670090428.726672; 837400; 21
1670090428.751675; 837425; 21
1670090428.776675; 837450; 21
1670090428.801675; 837475; 21
1670090428.826674; 837500; 21
1670090428.851676; 837525; 21
1670090428.876669; 837550; 21
1670090428.901670; 837575; 21
1670090428.926674; 837600; 21
1670090428.951671; 837625; 21
1670090428.976669; 837650; 21
1670090429.001669; 837675; 20
1670090429.026679; 837700; 20
1670090429.051672; 837725; 20
1670090429.076671; 837750; 20
1670090429.101676; 837775; 21
1670090429.126680; 837800; 21
1670090429.151676; 837825; 21
1670090429.176675; 837850; 21
1670090429.201669; 837875; 21
1670090429.226674; 837900; 21
1670090429.251671; 837925; 21
1670090429.276670; 837950; 21
1670090429.301670; 837975; 21
1670090429.326674; 838000; 21
1670090429.351671; 838025; 21
1670090429.376675; 838050; 21
1670090429.401675; 838075; 21
1670090429.426683; 838100; 21
1670090429.451671; 838125; 21
1670090429.476670; 838150; 21
1670090429.501670; 838175; 22
1670090429.526678; 838200; 22
1670090429.551677; 838225; 22
1670090429.576670; 838250; 22
1670090429.601669; 838275; 22
1670090429.626669; 838300; 22
1670090429.651680; 838325; 22
1670090429.676676; 838350; 22
1670090429.701675; 838375; 22
1670090429.726675; 838400; 22
1670090429.751679; 838425; 22
1670090429.776676; 838450; 22
1670090429.801675; 838475; 22
1670090429.826675; 838500; 22
1670090429.851678; 838525; 22
1670090429.876671; 838550; 22
1670090429.901669; 838575; 22
1670090429.926670; 838600; 22
1670090429.951674; 838625; 22
1670090429.976671; 838650; 22
1670090430.001669; 838675; 22
1670090430.026676; 838700; 22
1670090430.051681; 838725; 22
1670090430.076677; 838750; 22
1670090430.101676; 838775; 22
1670090430.126675; 838800; 24
1670090430.151680; 838825; 24
1670090430.176676; 838850; 24
1670090430.201675; 838875; 24
1670090430.226675; 838900; 24
1670090430.251678; 838925; 24
1670090430.276671; 838950; 24
1670090430.301669; 838975; 24
1670090430.326670; 839000; 25
1670090430.351669; 839025; 25
1670090430.376679; 839050; 25
1670090430.401676; 839075; 25
1670090430.426675; 839100; 26
1670090430.451675; 839125; 26
1670090430.476674; 839150; 26
1670090430.501671; 839175; 26
1670090430.526670; 839200; 27
1670090430.551669; 839225; 27
1670090430.576680; 839250; 27
1670090430.601676; 839275; 27
1670090430.626675; 839300; 27
1670090430.651675; 839325; 27
1670090430.676683; 839350; 27
1670090430.701676; 839375; 27
1670090430.726675; 839400; 27
1670090430.751675; 839425; 27
1670090430.776680; 839450; 27
1670090430.801676; 839475; 27
1670090430.826675; 839500; 27
1670090430.851675; 839525; 27
1670090430.876692; 839550; 27
1670090430.901676; 839575; 27
1670090430.926675; 839600; 27
1670090430.951669; 839625; 27
1670090430.976674; 839650; 27
1670090431.001676; 839675; 27
1670090431.026676; 839700; 27
1670090431.051676; 839725; 27
1670090431.076684; 839750; 27
1670090431.101672; 839775; 27
1670090431.126670; 839800; 27
1670090431.151669; 839825; 27
1670090431.176670; 839850; 27
1670090431.201674; 839875; 27
1670090431.226671; 839900; 27
1670090431.251669; 839925; 27
1670090431.276670; 839950; 27
1670090431.301680; 839975; 27
1670090431.326676; 840000; 27
1670090431.351669; 840025; 28
1670090431.376675; 840050; 28
1670090431.401680; 840075; 28
1670090431.426676; 840100; 28
1670090431.451675; 840125; 28
1670090431.476675; 840150; 28
1670090431.501683; 840175; 28
1670090431.526676; 840200; 28
1670090431.551675; 840225; 28
1670090431.576675; 840250; 28
1670090431.601674; 840275; 28
1670090431.626671; 840300; 28
1670090431.651669; 840325; 28
1670090431.676669; 840350; 28
1670090431.701674; 840375; 28
1670090431.726671; 840400; 28
1670090431.751670; 840425; 27
1670090431.776669; 840450; 27
1670090431.801674; 840475; 27
1670090431.826671; 840500; 27
1670090431.851671; 840525; 28
1670090431.876666; 840550; 28
1670090431.901680; 840575; 28
1670090431.926677; 840600; 28
1670090431.951677; 840625; 29
1670090431.976669; 840650; 29
1670090432.001670; 840675; 29
1670090432.026681; 840700; 29
1670090432.051677; 840725; 29
1670090432.076676; 840750; 29
1670090432.101676; 840775; 29
1670090432.126674; 840800; 29
1670090432.151671; 840825; 30
1670090432.176670; 840850; 30
1670090432.201669; 840875; 30
1670090432.226674; 840900; 30
1670090432.251671; 840925; 30
1670090432.276669; 840950; 30
1670090432.301669; 840975; 30
1670090432.326678; 841000; 30
1670090432.351671; 841025; 30
1670090432.376675; 841050; 30
1670090432.401675; 841075; 30
1670090432.426680; 841100; 30
1670090432.451676; 841125; 30
1670090432.476675; 841150; 30
1670090432.501675; 841175; 30
1670090432.526680; 841200; 30
1670090432.551676; 841225; 30
1670090432.576675; 841250; 30
1670090432.601675; 841275; 30
1670090432.626680; 841300; 30
1670090432.651676; 841325; 30
1670090432.676675; 841350; 29
1670090432.701675; 841375; 29
1670090432.726682; 841400; 29
1670090432.751672; 841425; 29
1670090432.776675; 841450; 29
1670090432.801675; 841475; 29
1670090432.826675; 841500; 29
1670090432.851680; 841525; 29
1670090432.876677; 841550; 30
1670090432.901670; 841575; 30
1670090432.926675; 841600; 30
1670090432.951674; 841625; 30
1670090432.976671; 841650; 31
1670090433.001670; 841675; 31
1670090433.026676; 841700; 31
1670090433.051681; 841725; 31
1670090433.076672; 841750; 31
1670090433.101671; 841775; 31
1670090433.126669; 841800; 31
1670090433.151678; 841825; 31
1670090433.176671; 841850; 31
1670090433.201669; 841875; 31
1670090433.226669; 841900; 31
1670090433.251674; 841925; 31
1670090433.276671; 841950; 31
1670090433.301669; 841975; 31
1670090433.326669; 842000; 31
1670090433.351679; 842025; 31
1670090433.376671; 842050; 31
1670090433.401675; 842075; 31
1670090433.426675; 842100; 31
1670090433.451679; 842125; 31
1670090433.476676; 842150; 31
1670090433.501675; 842175; 31
1670090433.526675; 842200; 31
1670090433.551669; 842225; 31
1670090433.576683; 842250; 31
1670090433.601676; 842275; 30
1670090433.626675; 842300; 30
1670090433.651675; 842325; 30
1670090433.676680; 842350; 30
1670090433.701676; 842375; 31
1670090433.726675; 842400; 31
1670090433.751669; 842425; 31
1670090433.776674; 842450; 31
1670090433.801671; 842475; 33
1670090433.826669; 842500; 33
1670090433.851670; 842525; 33
1670090433.876680; 842550; 33
1670090433.901671; 842575; 34
1670090433.926670; 842600; 34
1670090433.951669; 842625; 34
1670090433.976683; 842650; 34
1670090434.001677; 842675; 35
1670090434.026676; 842700; 35
1670090434.051676; 842725; 35
1670090434.076675; 842750; 35
1670090434.101672; 842775; 35
1670090434.126669; 842800; 35
1670090434.151669; 842825; 35
1670090434.176674; 842850; 35
1670090434.201671; 842875; 36
1670090434.226670; 842900; 36
1670090434.251669; 842925; 36
1670090434.276674; 842950; 36
1670090434.301671; 842975; 38
1670090434.326669; 843000; 38
1670090434.351670; 843025; 38
1670090434.376675; 843050; 38
1670090434.401683; 843075; 37
1670090434.426671; 843100; 37
1670090434.451669; 843125; 37
1670090434.476670; 843150; 37
1670090434.501674; 843175; 37
1670090434.526671; 843200; 37
1670090434.551675; 843225; 37
1670090434.576669; 843250; 37
1670090434.601674; 843275; 37
1670090434.626676; 843300; 37
1670090434.651675; 843325; 37
1670090434.676675; 843350; 37
1670090434.701680; 843375; 37
1670090434.726676; 843400; 37
1670090434.751675; 843425; 37
1670090434.776675; 843450; 37
1670090434.801678; 843475; 37
1670090434.826671; 843500; 36
1670090434.851670; 843525; 36
1670090434.876675; 843550; 36
1670090434.901680; 843575; 36
1670090434.926676; 843600; 36
1670090434.951675; 843625; 36
1670090434.976675; 843650; 36
1670090435.001680; 843675; 36
1670090435.026672; 843700; 38
1670090435.051671; 843725; 38
1670090435.076671; 843750; 38
1670090435.101680; 843775; 38
1670090435.126672; 843800; 37
1670090435.151675; 843825; 37
1670090435.176675; 843850; 37
1670090435.201675; 843875; 37
1670090435.226683; 843900; 36
1670090435.251676; 843925; 36
1670090435.276675; 843950; 36
1670090435.301675; 843975; 36
1670090435.326680; 844000; 39
1670090435.351676; 844025; 39
1670090435.376669; 844050; 39
1670090435.401669; 844075; 39
1670090435.426674; 844100; 37
1670090435.451671; 844125; 37
1670090435.476670; 844150; 37
1670090435.501669; 844175; 37
1670090435.526674; 844200; 35
1670090435.551671; 844225; 35
1670090435.576669; 844250; 35
1670090435.601675; 844275; 35
1670090435.626683; 844300; 34
1670090435.651676; 844325; 34
1670090435.676675; 844350; 34
1670090435.701675; 844375; 34
1670090435.726680; 844400; 30
1670090435.751676; 844425; 30
1670090435.776675; 844450; 30
1670090435.801669; 844475; 30
1670090435.826674; 844500; 31
1670090435.851676; 844525; 31
1670090435.876669; 844550; 31
1670090435.901669; 844575; 31
1670090435.926673; 844600; 31
1670090435.951672; 844625; 31
1670090435.976675; 844650; 31
1670090436.001675; 844675; 31
1670090436.026671; 844700; 31
1670090436.051684; 844725; 29
1670090436.076677; 844750; 29
1670090436.101671; 844775; 29
1670090436.126669; 844800; 29
1670090436.151674; 844825; 29
1670090436.176671; 844850; 29
1670090436.201688; 844875; 29
1670090436.226669; 844900; 29
1670090436.251674; 844925; 29
1670090436.276671; 844950; 29
1670090436.301669; 844975; 29
1670090436.326669; 845000; 29
1670090436.351674; 845025; 28
1670090436.376671; 845050; 28
1670090436.401670; 845075; 28
1670090436.426675; 845100; 28
1670090436.451683; 845125; 27
1670090436.476676; 845150; 27
1670090436.501675; 845175; 27
1670090436.526675; 845200; 27
1670090436.551680; 845225; 27
1670090436.576676; 845250; 27
1670090436.601675; 845275; 27
1670090436.626670; 845300; 27
1670090436.651674; 845325; 28
1670090436.676671; 845350; 28
1670090436.701670; 845375; 28
1670090436.726670; 845400; 28
1670090436.751669; 845425; 29
1670090436.776674; 845450; 29
1670090436.801671; 845475; 29
1670090436.826669; 845500; 29
1670090436.851669; 845525; 29
1670090436.876678; 845550; 29
1670090436.901671; 845575; 29
1670090436.926669; 845600; 29
1670090436.951669; 845625; 29
1670090436.976674; 845650; 29
1670090437.001671; 845675; 29
1670090437.026676; 845700; 29
1670090437.051676; 845725; 29
1670090437.076681; 845750; 29
1670090437.101672; 845775; 29
1670090437.126675; 845800; 29
1670090437.151675; 845825; 29
1670090437.176680; 845850; 30
1670090437.201676; 845875; 30
1670090437.226670; 845900; 30
1670090437.251670; 845925; 30
1670090437.276683; 845950; 30
1670090437.301676; 845975; 30
1670090437.326675; 846000; 30
1670090437.351675; 846025; 30
1670090437.376674; 846050; 31
1670090437.401671; 846075; 31
1670090437.426669; 846100; 31
1670090437.451675; 846125; 31
1670090437.476680; 846150; 31
1670090437.501676; 846175; 31
1670090437.526675; 846200; 31
1670090437.551675; 846225; 31
1670090437.576675; 846250; 31
1670090437.601680; 846275; 31
1670090437.626676; 846300; 31
1670090437.651670; 846325; 31
1670090437.676669; 846350; 31
1670090437.701678; 846375; 31
1670090437.726676; 846400; 31
1670090437.751675; 846425; 31
1670090437.776675; 846450; 31
1670090437.801680; 846475; 31
1670090437.826676; 846500; 31
1670090437.851670; 846525; 31
1670090437.876675; 846550; 29
1670090437.901680; 846575; 29
1670090437.926676; 846600; 29
1670090437.951675; 846625; 29
1670090437.976675; 846650; 28
1670090438.001680; 846675; 28
1670090438.026672; 846700; 28
1670090438.051676; 846725; 28
1670090438.076676; 846750; 30
1670090438.101679; 846775; 30
1670090438.126676; 846800; 30
1670090438.151675; 846825; 30
1670090438.176675; 846850; 30
1670090438.201680; 846875; 29
1670090438.226676; 846900; 29
1670090438.251675; 846925; 29
1670090438.276675; 846950; 29
1670090438.301678; 846975; 28
1670090438.326677; 847000; 28
1670090438.351669; 847025; 28
1670090438.376675; 847050; 28
1670090438.401675; 847075; 27
1670090438.426674; 847100; 27
1670090438.451671; 847125; 27
1670090438.476670; 847150; 27
1670090438.501669; 847175; 26
1670090438.526678; 847200; 26
1670090438.551671; 847225; 26
1670090438.576675; 847250; 26
1670090438.601675; 847275; 25
1670090438.626680; 847300; 25
1670090438.651676; 847325; 25
1670090438.676669; 847350; 25
1670090438.701669; 847375; 21
1670090438.726674; 847400; 21
1670090438.751671; 847425; 21
1670090438.776670; 847450; 21
1670090438.801670; 847475; 18
1670090438.826674; 847500; 18
1670090438.851671; 847525; 18
1670090438.876675; 847550; 18
1670090438.901675; 847575; 18
1670090438.926683; 847600; 18
1670090438.951676; 847625; 18
1670090438.976675; 847650; 18
1670090439.001675; 847675; 17
1670090439.026675; 847700; 17
1670090439.051672; 847725; 17
1670090439.076671; 847750; 17
1670090439.101676; 847775; 17
1670090439.126678; 847800; 17
1670090439.151677; 847825; 17
1670090439.176669; 847850; 17
1670090439.201669; 847875; 17
1670090439.226669; 847900; 17
1670090439.251674; 847925; 17
1670090439.276676; 847950; 17
1670090439.301675; 847975; 17
1670090439.326675; 848000; 17
1670090439.351683; 848025; 17
1670090439.376671; 848050; 17
1670090439.401670; 848075; 17
1670090439.426670; 848100; 17
1670090439.451680; 848125; 17
1670090439.476676; 848150; 17
1670090439.501675; 848175; 17
1670090439.526675; 848200; 17
1670090439.551680; 848225; 17
1670090439.576676; 848250; 17
1670090439.601675; 848275; 17
1670090439.626675; 848300; 17
1670090439.651680; 848325; 17
1670090439.676676; 848350; 17
1670090439.701675; 848375; 17
1670090439.726675; 848400; 17
1670090439.751678; 848425; 17
1670090439.776671; 848450; 17
1670090439.801669; 848475; 17
1670090439.826669; 848500; 17
1670090439.851674; 848525; 17
1670090439.876676; 848550; 17
1670090439.901669; 848575; 17
1670090439.926669; 848600; 17
1670090439.951675; 848625; 17
1670090439.976680; 848650; 17
1670090440.001676; 848675; 17
1670090440.026676; 848700; 17
1670090440.051676; 848725; 17
1670090440.076681; 848750; 17
1670090440.101672; 848775; 17
1670090440.126669; 848800; 17
1670090440.151670; 848825; 17
1670090440.176683; 848850; 17
1670090440.201671; 848875; 17
1670090440.226669; 848900; 17
1670090440.251670; 848925; 17
1670090440.276674; 848950; 17
1670090440.301671; 848975; 17
1670090440.326675; 849000; 17
1670090440.351675; 849025; 17
1670090440.376674; 849050; 17
1670090440.401671; 849075; 17
1670090440.426670; 849100; 17
1670090440.451669; 849125; 17
1670090440.476674; 849150; 17
1670090440.501671; 849175; 17
1670090440.526675; 849200; 17
1670090440.551675; 849225; 17
1670090440.576683; 849250; 17
1670090440.601676; 849275; 17
1670090440.626675; 849300; 17
1670090440.651675; 849325; 17
1670090440.676680; 849350; 17
1670090440.701676; 849375; 17
1670090440.726675; 849400; 17
1670090440.751675; 849425; 17
1670090440.776675; 849450; 17
1670090440.801680; 849475; 17
1670090440.826676; 849500; 17
1670090440.851675; 849525; 17
1670090440.876675; 849550; 17
1670090440.901680; 849575; 17
1670090440.926671; 849600; 17
1670090440.951669; 849625; 17
1670090440.976669; 849650; 17
1670090441.001683; 849675; 17
1670090441.026677; 849700; 17
1670090441.051676; 849725; 17
1670090441.076676; 849750; 17
1670090441.101675; 849775; 17
1670090441.126671; 849800; 17
1670090441.151669; 849825; 17
1670090441.176670; 849850; 17
1670090441.201674; 849875; 17
1670090441.226671; 849900; 17
1670090441.251670; 849925; 17
1670090441.276675; 849950; 17
1670090441.301680; 849975; 17
1670090441.326671; 850000; 17
1670090441.351669; 850025; 17
1670090441.376675; 850050; 17
1670090441.401678; 850075; 17
1670090441.426671; 850100; 17
1670090441.451670; 850125; 17
1670090441.476669; 850150; 17
1670090441.501678; 850175; 17
1670090441.526701; 850200; 17
1670090441.551670; 850225; 17
1670090441.576670; 850250; 17
1670090441.601669; 850275; 17
1670090441.626674; 850300; 17
1670090441.651671; 850325; 17
1670090441.676669; 850350; 17
1670090441.701669; 850375; 17
1670090441.726674; 850400; 17
1670090441.751676; 850425; 17
1670090441.776675; 850450; 17
1670090441.801675; 850475; 17
1670090441.826678; 850500; 17
1670090441.851671; 850525; 17
1670090441.876675; 850550; 17
1670090441.901675; 850575; 17
1670090441.926680; 850600; 17
1670090441.951671; 850625; 17
1670090441.976670; 850650; 17
1670090442.001669; 850675; 17
1670090442.026675; 850700; 17
1670090442.051672; 850725; 17
1670090442.076671; 850750; 17
1670090442.101676; 850775; 17
1670090442.126674; 850800; 17
1670090442.151671; 850825; 17
1670090442.176670; 850850; 16
1670090442.201670; 850875; 16
1670090442.226683; 850900; 16
1670090442.251676; 850925; 16
1670090442.276675; 850950; 17
1670090442.301669; 850975; 17
1670090442.326678; 851000; 17
1670090442.351677; 851025; 17
1670090442.376675; 851050; 17
1670090442.401675; 851075; 17
1670090442.426675; 851100; 17
1670090442.451674; 851125; 17
1670090442.476671; 851150; 17
1670090442.501669; 851175; 17
1670090442.526670; 851200; 17
1670090442.551697; 851225; 17
1670090442.576676; 851250; 17
1670090442.601675; 851275; 17
1670090442.626675; 851300; 17
1670090442.651683; 851325; 17
1670090442.676676; 851350; 17
1670090442.701675; 851375; 17
1670090442.726675; 851400; 17
1670090442.751680; 851425; 17
1670090442.776676; 851450; 18
1670090442.801675; 851475; 18
1670090442.826675; 851500; 18
1670090442.851680; 851525; 18
1670090442.876671; 851550; 18
1670090442.901669; 851575; 18
1670090442.926670; 851600; 18
1670090442.951674; 851625; 18
1670090442.976676; 851650; 18
1670090443.001675; 851675; 19
1670090443.026671; 851700; 19
1670090443.051679; 851725; 19
1670090443.076677; 851750; 19
1670090443.101676; 851775; 18
1670090443.126675; 851800; 18
1670090443.151675; 851825; 18
1670090443.176680; 851850; 18
1670090443.201676; 851875; 18
1670090443.226675; 851900; 18
1670090443.251675; 851925; 18
1670090443.276680; 851950; 18
1670090443.301675; 851975; 18
1670090443.326674; 852000; 18
1670090443.351674; 852025; 18
1670090443.376675; 852050; 18
1670090443.401671; 852075; 18
1670090443.426670; 852100; 18
1670090443.451670; 852125; 18
1670090443.476679; 852150; 18
1670090443.501675; 852175; 18
1670090443.526674; 852200; 18
1670090443.551674; 852225; 18
1670090443.576680; 852250; 18
1670090443.601676; 852275; 18
1670090443.626675; 852300; 18
1670090443.651675; 852325; 18
1670090443.676680; 852350; 18
1670090443.701676; 852375; 18
1670090443.726675; 852400; 18
1670090443.751675; 852425; 18
1670090443.776680; 852450; 18
1670090443.801676; 852475; 19
1670090443.826675; 852500; 19
1670090443.851675; 852525; 19
1670090443.876683; 852550; 19
1670090443.901676; 852575; 19
1670090443.926675; 852600; 19
1670090443.951675; 852625; 19
1670090443.976675; 852650; 19
1670090444.001674; 852675; 19
1670090444.026677; 852700; 18
1670090444.051676; 852725; 18
1670090444.076676; 852750; 18
1670090444.101675; 852775; 18
1670090444.126671; 852800; 18
1670090444.151670; 852825; 18
1670090444.176670; 852850; 18
1670090444.201674; 852875; 18
1670090444.226671; 852900; 18
1670090444.251670; 852925; 18
1670090444.276670; 852950; 18
1670090444.301683; 852975; 18
1670090444.326676; 853000; 18
1670090444.351675; 853025; 18
1670090444.376675; 853050; 18
1670090444.401679; 853075; 18
1670090444.426676; 853100; 18
1670090444.451675; 853125; 18
1670090444.476675; 853150; 18
1670090444.501720; 853175; 18
1670090444.526671; 853200; 18
1670090444.551669; 853225; 18
1670090444.576669; 853250; 18
