1670090710.033646; 186381; 14
1670090710.057974; 186406; 14
1670090710.082971; 186431; 14
1670090710.107971; 186456; 14
1670090710.132966; 186481; 14
1670090710.157970; 186506; 14
1670090710.182970; 186531; 14
1670090710.207966; 186556; 14
1670090710.232966; 186581; 14
1670090710.257970; 186606; 14
1670090710.282970; 186631; 14
1670090710.307970; 186656; 14
1670090710.332970; 186681; 14
1670090710.357970; 186706; 14
1670090710.382966; 186731; 14
1670090710.407970; 186756; 14
1670090710.432970; 186781; 14
1670090710.457970; 186806; 14
1670090710.482970; 186831; 14
1670090710.507970; 186856; 14
1670090710.532970; 186881; 14
1670090710.557970; 186906; 14
1670090710.582970; 186931; 14
1670090710.607970; 186956; 14
1670090710.632970; 186981; 14
1670090710.657970; 187006; 14
1670090710.682970; 187031; 14
1670090710.707966; 187056; 14
1670090710.732970; 187081; 14
1670090710.757970; 187106; 14
1670090710.782970; 187131; 14
1670090710.807970; 187156; 14
1670090710.832970; 187181; 14
1670090710.857970; 187206; 14
1670090710.882970; 187231; 14
1670090710.907966; 187256; 14
1670090710.932970; 187281; 14
1670090710.957970; 187306; 14
1670090710.982970; 187331; 14
1670090711.007970; 187356; 14
1670090711.032967; 187381; 14
1670090711.057971; 187406; 14
1670090711.082971; 187431; 14
1670090711.107971; 187456; 14
1670090711.132966; 187481; 14
1670090711.157970; 187506; 14
1670090711.182970; 187531; 14
1670090711.207970; 187556; 14
1670090711.232970; 187581; 14
1670090711.257970; 187606; 14
1670090711.282970; 187631; 14
1670090711.307970; 187656; 14
1670090711.332970; 187681; 14
1670090711.357970; 187706; 14
1670090711.382970; 187731; 14
1670090711.407970; 187756; 14
1670090711.432970; 187781; 14
1670090711.457966; 187806; 14
1670090711.482970; 187831; 14
1670090711.507970; 187856; 14
1670090711.532970; 187881; 14
1670090711.557970; 187906; 14
1670090711.582970; 187931; 14
1670090711.607970; 187956; 14
1670090711.632970; 187981; 14
1670090711.657970; 188006; 14
1670090711.682970; 188031; 14
1670090711.707966; 188056; 14
1670090711.732970; 188081; 14
1670090711.757970; 188106; 14
1670090711.782970; 188131; 14
1670090711.807970; 188156; 14
1670090711.832970; 188181; 14
1670090711.857994; 188206; 14
1670090711.882970; 188231; 14
1670090711.907970; 188256; 14
1670090711.932970; 188281; 14
1670090711.957970; 188306; 14
1670090711.982970; 188331; 14
1670090712.007970; 188356; 14
1670090712.032967; 188381; 14
1670090712.057967; 188406; 14
1670090712.082971; 188431; 14
1670090712.107971; 188456; 14
1670090712.132966; 188481; 14
1670090712.157970; 188506; 14
1670090712.182966; 188531; 14
1670090712.207970; 188556; 14
1670090712.232970; 188581; 14
1670090712.257970; 188606; 14
1670090712.282970; 188631; 14
1670090712.307970; 188656; 14
1670090712.332970; 188681; 14
1670090712.357970; 188706; 14
1670090712.382970; 188731; 14
1670090712.407970; 188756; 14
1670090712.432970; 188781; 14
1670090712.457970; 188806; 14
1670090712.482966; 188831; 14
1670090712.507970; 188856; 14
1670090712.532970; 188881; 14
1670090712.557970; 188906; 14
1670090712.582970; 188931; 14
1670090712.607970; 188956; 14
1670090712.632970; 188981; 14
1670090712.657966; 189006; 14
1670090712.682966; 189031; 14
1670090712.707970; 189056; 14
1670090712.732970; 189081; 14
1670090712.757970; 189106; 14
1670090712.782970; 189131; 14
1670090712.807970; 189156; 14
1670090712.832970; 189181; 14
1670090712.857970; 189206; 14
1670090712.882971; 189231; 14
1670090712.907970; 189256; 14
1670090712.932970; 189281; 14
1670090712.957970; 189306; 14
1670090712.982970; 189331; 14
1670090713.007970; 189356; 14
1670090713.032967; 189381; 14
1670090713.057968; 189406; 14
1670090713.082968; 189431; 14
1670090713.107971; 189456; 14
1670090713.132966; 189481; 14
1670090713.157970; 189506; 14
1670090713.182970; 189531; 14
1670090713.207970; 189556; 14
1670090713.232966; 189581; 14
1670090713.257970; 189606; 14
1670090713.282970; 189631; 14
1670090713.307966; 189656; 14
1670090713.332970; 189681; 14
1670090713.500880; 189848; 14
1670090713.524971; 189873; 14
1670090713.549966; 189898; 14
1670090713.574970; 189923; 14
1670090713.599970; 189948; 14
1670090713.624966; 189973; 14
1670090713.649970; 189998; 14
1670090713.674970; 190023; 14
1670090713.699966; 190048; 14
1670090713.724966; 190073; 14
1670090713.749970; 190098; 14
1670090713.774970; 190123; 14
1670090713.799970; 190148; 14
1670090713.824970; 190173; 14
1670090713.849970; 190198; 14
1670090713.874970; 190223; 14
1670090713.899970; 190248; 14
1670090713.924970; 190273; 14
1670090713.949970; 190298; 14
1670090713.974970; 190323; 14
1670090713.999970; 190348; 14
1670090714.024970; 190373; 14
1670090714.049967; 190398; 14
1670090714.074968; 190423; 14
1670090714.099968; 190448; 14
1670090714.124967; 190473; 14
1670090714.149970; 190498; 14
1670090714.174970; 190523; 14
1670090714.199970; 190548; 14
1670090714.224970; 190573; 14
1670090714.249970; 190598; 14
1670090714.274970; 190623; 14
1670090714.299970; 190648; 14
1670090714.324966; 190673; 14
1670090714.349970; 190698; 14
1670090714.374970; 190723; 14
1670090714.399970; 190748; 14
1670090714.424970; 190773; 14
1670090714.449970; 190798; 14
1670090714.474970; 190823; 14
1670090714.499970; 190848; 14
1670090714.524970; 190873; 14
1670090714.549970; 190898; 14
1670090714.574970; 190923; 14
1670090714.599970; 190948; 14
1670090714.624970; 190973; 14
1670090714.649970; 190998; 14
1670090714.674970; 191023; 14
1670090714.699970; 191048; 14
1670090714.724994; 191073; 14
1670090714.749966; 191098; 14
1670090714.774970; 191123; 14
1670090714.799970; 191148; 14
1670090714.824970; 191173; 14
1670090714.849970; 191198; 14
1670090714.874970; 191223; 14
1670090714.899970; 191248; 15
1670090714.924970; 191273; 15
1670090714.949970; 191298; 15
1670090714.974970; 191323; 15
1670090714.999966; 191348; 14
1670090715.024970; 191373; 14
1670090715.049967; 191398; 14
1670090715.074968; 191423; 14
1670090715.099968; 191448; 14
1670090715.124967; 191473; 14
1670090715.149970; 191498; 14
1670090715.174970; 191523; 14
1670090715.199966; 191548; 14
1670090715.224970; 191573; 14
1670090715.249966; 191598; 14
1670090715.274970; 191623; 14
1670090715.299970; 191648; 14
1670090715.324970; 191673; 15
1670090715.349970; 191698; 15
1670090715.374970; 191723; 15
1670090715.399970; 191748; 15
1670090715.424970; 191773; 15
1670090715.449970; 191798; 15
1670090715.474970; 191823; 15
1670090715.499970; 191848; 15
1670090715.524970; 191873; 14
1670090715.549970; 191898; 14
1670090715.574970; 191923; 14
1670090715.599970; 191948; 14
1670090715.624970; 191973; 14
1670090715.649970; 191998; 14
1670090715.674970; 192023; 14
1670090715.699966; 192048; 14
1670090715.724970; 192073; 14
1670090715.749978; 192098; 14
1670090715.774970; 192123; 14
1670090715.799970; 192148; 14
1670090715.824970; 192173; 15
1670090715.849970; 192198; 15
1670090715.874970; 192223; 15
1670090715.899970; 192248; 15
1670090715.924970; 192273; 15
1670090715.949970; 192298; 15
1670090715.974970; 192323; 15
1670090715.999970; 192348; 15
1670090716.024970; 192373; 14
1670090716.049968; 192398; 14
1670090716.074968; 192423; 14
1670090716.099967; 192448; 14
1670090716.124968; 192473; 14
1670090716.149970; 192498; 14
1670090716.174970; 192523; 14
1670090716.199966; 192548; 14
1670090716.224970; 192573; 14
1670090716.249970; 192598; 15
1670090716.274970; 192623; 15
1670090716.299970; 192648; 15
1670090716.324970; 192673; 15
1670090716.349970; 192698; 15
1670090716.374970; 192723; 15
1670090716.399970; 192748; 15
1670090716.424970; 192773; 15
1670090716.449970; 192798; 15
1670090716.474970; 192823; 15
1670090716.499970; 192848; 15
1670090716.524970; 192873; 15
1670090716.549970; 192898; 15
1670090716.574966; 192923; 15
1670090716.599970; 192948; 15
1670090716.624970; 192973; 15
1670090716.649970; 192998; 15
1670090716.674970; 193023; 15
1670090716.699966; 193048; 15
1670090716.724970; 193073; 15
1670090716.749970; 193098; 15
1670090716.774967; 193123; 15
1670090716.799979; 193148; 15
1670090716.824967; 193173; 15
1670090716.849970; 193198; 15
1670090716.874970; 193223; 15
1670090716.899970; 193248; 15
1670090716.924970; 193273; 15
1670090716.949970; 193298; 15
1670090716.974970; 193323; 15
1670090716.999970; 193348; 15
1670090717.024970; 193373; 15
1670090717.049967; 193398; 15
1670090717.074968; 193423; 15
1670090717.099967; 193448; 15
1670090717.124967; 193473; 15
1670090717.149970; 193498; 15
1670090717.174970; 193523; 15
1670090717.199966; 193548; 15
1670090717.224970; 193573; 15
1670090717.249970; 193598; 15
1670090717.274970; 193623; 15
1670090717.299966; 193648; 15
1670090717.324970; 193673; 15
1670090717.349970; 193698; 15
1670090717.374970; 193723; 15
1670090717.399970; 193748; 15
1670090717.424970; 193773; 15
1670090717.449970; 193798; 15
1670090717.474968; 193823; 15
1670090717.499970; 193848; 15
1670090717.524966; 193873; 15
1670090717.549970; 193898; 15
1670090717.574970; 193923; 15
1670090717.599966; 193948; 15
1670090717.624970; 193973; 15
1670090717.649970; 193998; 15
1670090717.674970; 194023; 15
1670090717.699966; 194048; 15
1670090717.724970; 194073; 15
1670090717.749970; 194098; 15
1670090717.774970; 194123; 15
1670090717.799967; 194148; 15
1670090717.824970; 194173; 15
1670090717.849970; 194198; 15
1670090717.874970; 194223; 15
1670090717.899970; 194248; 15
1670090717.924970; 194273; 15
1670090717.949970; 194298; 15
1670090717.974970; 194323; 15
1670090717.999970; 194348; 15
1670090718.024966; 194373; 15
1670090718.049971; 194398; 15
1670090718.074971; 194423; 15
1670090718.099971; 194448; 15
1670090718.124971; 194473; 15
1670090718.149966; 194498; 15
1670090718.174970; 194523; 15
1670090718.199970; 194548; 15
1670090718.224966; 194573; 15
1670090718.249970; 194598; 15
1670090718.274970; 194623; 15
1670090718.299970; 194648; 15
1670090718.324970; 194673; 15
1670090718.349970; 194698; 15
1670090718.374970; 194723; 16
1670090718.399970; 194748; 16
1670090718.424970; 194773; 16
1670090718.449970; 194798; 16
1670090718.474970; 194823; 16
1670090718.499970; 194848; 16
1670090718.524970; 194873; 16
1670090718.549970; 194898; 16
1670090718.574970; 194923; 16
1670090718.599970; 194948; 16
1670090718.624966; 194973; 16
1670090718.649970; 194998; 16
1670090718.674970; 195023; 16
1670090718.699970; 195048; 16
1670090718.724970; 195073; 16
1670090718.749970; 195098; 16
1670090718.774970; 195123; 16
1670090718.799970; 195148; 16
1670090718.824966; 195173; 16
1670090718.849970; 195198; 16
1670090718.874970; 195223; 16
1670090718.899970; 195248; 16
1670090718.924970; 195273; 16
1670090718.949970; 195298; 16
1670090718.974970; 195323; 16
1670090718.999970; 195348; 16
1670090719.024970; 195373; 16
1670090719.049968; 195398; 16
1670090719.074968; 195423; 16
1670090719.099972; 195448; 16
1670090719.124971; 195473; 16
1670090719.149966; 195498; 16
1670090719.174970; 195523; 16
1670090719.199970; 195548; 16
1670090719.224970; 195573; 16
1670090719.249970; 195598; 16
1670090719.274970; 195623; 16
1670090719.299970; 195648; 16
1670090719.324970; 195673; 16
1670090719.349970; 195698; 16
1670090719.374970; 195723; 16
1670090719.399970; 195748; 16
1670090719.424970; 195773; 16
1670090719.449970; 195798; 16
1670090719.474970; 195823; 16
1670090719.499970; 195848; 16
1670090719.524970; 195873; 16
1670090719.549970; 195898; 16
1670090719.574970; 195923; 16
1670090719.599970; 195948; 16
1670090719.624970; 195973; 16
1670090719.649970; 195998; 16
1670090719.674970; 196023; 16
1670090719.699966; 196048; 16
1670090719.724970; 196073; 16
1670090719.749973; 196098; 16
1670090719.774966; 196123; 16
1670090719.799970; 196148; 16
1670090719.824970; 196173; 15
1670090719.849966; 196198; 15
1670090719.874970; 196223; 15
1670090719.899970; 196248; 15
1670090719.924970; 196273; 15
1670090719.949970; 196298; 15
1670090719.974970; 196323; 15
1670090719.999988; 196348; 15
1670090720.024970; 196373; 15
1670090720.049971; 196398; 15
1670090720.074971; 196423; 15
1670090720.099980; 196448; 15
1670090720.124973; 196473; 16
1670090720.149966; 196498; 16
1670090720.174970; 196523; 16
1670090720.199970; 196548; 16
1670090720.224970; 196573; 15
1670090720.249970; 196598; 15
1670090720.274965; 196623; 15
1670090720.299965; 196648; 15
1670090720.324965; 196673; 15
1670090720.349975; 196698; 15
1670090720.374965; 196723; 15
1670090720.399965; 196748; 15
1670090720.424965; 196773; 15
1670090720.449965; 196798; 15
1670090720.474965; 196823; 15
1670090720.499965; 196848; 15
1670090720.524970; 196873; 15
1670090720.549970; 196898; 15
1670090720.574970; 196923; 15
1670090720.599970; 196948; 15
1670090720.624970; 196973; 15
1670090720.649970; 196998; 15
1670090720.674970; 197023; 15
1670090720.699966; 197048; 15
1670090720.724970; 197073; 15
1670090720.749970; 197098; 15
1670090720.774970; 197123; 15
1670090720.799970; 197148; 15
1670090720.824970; 197173; 15
1670090720.849970; 197198; 15
1670090720.874970; 197223; 15
1670090720.899966; 197248; 15
1670090720.924970; 197273; 15
1670090720.949970; 197298; 16
1670090720.974970; 197323; 16
1670090720.999970; 197348; 16
1670090721.024971; 197373; 16
1670090721.049971; 197398; 16
1670090721.074974; 197423; 16
1670090721.099971; 197448; 16
1670090721.124971; 197473; 16
1670090721.149966; 197498; 16
1670090721.174970; 197523; 16
1670090721.199966; 197548; 16
1670090721.224970; 197573; 16
1670090721.249970; 197598; 16
1670090721.274970; 197623; 16
1670090721.299966; 197648; 16
1670090721.324970; 197673; 16
1670090721.349970; 197698; 16
1670090721.374970; 197723; 16
1670090721.399970; 197748; 16
1670090721.424970; 197773; 16
1670090721.449970; 197798; 16
1670090721.474970; 197823; 16
1670090721.499966; 197848; 16
1670090721.524970; 197873; 16
1670090721.549966; 197898; 16
1670090721.574970; 197923; 16
1670090721.599970; 197948; 16
1670090721.624970; 197973; 16
1670090721.649970; 197998; 16
1670090721.674970; 198023; 16
1670090721.699966; 198048; 16
1670090721.724970; 198073; 16
1670090721.749970; 198098; 16
1670090721.774970; 198123; 16
1670090721.799970; 198148; 16
1670090721.824970; 198173; 16
1670090721.849970; 198198; 17
1670090721.874970; 198223; 17
1670090721.899970; 198248; 17
1670090721.924970; 198273; 17
1670090721.949970; 198298; 18
1670090721.974970; 198323; 18
1670090721.999970; 198348; 18
1670090722.024970; 198373; 18
1670090722.049972; 198398; 18
1670090722.074968; 198423; 19
1670090722.099971; 198448; 19
1670090722.124971; 198473; 19
1670090722.149966; 198498; 19
1670090722.174970; 198523; 19
1670090722.199970; 198548; 19
1670090722.224970; 198573; 19
1670090722.249970; 198598; 19
1670090722.274970; 198623; 19
1670090722.299970; 198648; 19
1670090722.324966; 198673; 19
1670090722.349970; 198698; 19
1670090722.374970; 198723; 20
1670090722.399970; 198748; 20
1670090722.424970; 198773; 20
1670090722.449970; 198798; 20
1670090722.474970; 198823; 20
1670090722.499970; 198848; 20
1670090722.524970; 198873; 20
1670090722.549970; 198898; 20
1670090722.574970; 198923; 21
1670090722.599970; 198948; 21
1670090722.624970; 198973; 21
1670090722.649970; 198998; 21
1670090722.674970; 199023; 21
1670090722.699970; 199048; 21
1670090722.724966; 199073; 21
1670090722.749970; 199098; 21
1670090722.774970; 199123; 20
1670090722.799970; 199148; 20
1670090722.824970; 199173; 20
1670090722.849970; 199198; 20
1670090722.874970; 199223; 21
1670090722.899970; 199248; 21
1670090722.924970; 199273; 21
1670090722.949970; 199298; 21
1670090722.974970; 199323; 21
1670090722.999970; 199348; 21
1670090723.024970; 199373; 21
1670090723.049968; 199398; 21
1670090723.074968; 199423; 23
1670090723.099967; 199448; 23
1670090723.124972; 199473; 23
1670090723.149966; 199498; 23
1670090723.174970; 199523; 24
1670090723.199966; 199548; 24
1670090723.224970; 199573; 24
1670090723.249966; 199598; 24
1670090723.274970; 199623; 24
1670090723.299970; 199648; 24
1670090723.324970; 199673; 24
1670090723.349970; 199698; 24
1670090723.374970; 199723; 24
1670090723.399975; 199748; 25
1670090723.424971; 199773; 25
1670090723.449966; 199798; 25
1670090723.474970; 199823; 25
1670090723.499970; 199848; 27
1670090723.524970; 199873; 27
1670090723.549970; 199898; 27
1670090723.574970; 199923; 27
1670090723.599970; 199948; 28
1670090723.624970; 199973; 28
1670090723.649970; 199998; 28
1670090723.674970; 200023; 28
1670090723.699966; 200048; 28
1670090723.724970; 200073; 28
1670090723.749970; 200098; 28
1670090723.774970; 200123; 28
1670090723.799970; 200148; 30
1670090723.824970; 200173; 30
1670090723.849970; 200198; 30
1670090723.874970; 200223; 30
1670090723.899970; 200248; 26
1670090723.924970; 200273; 26
1670090723.949970; 200298; 26
1670090723.974970; 200323; 26
1670090723.999970; 200348; 24
1670090724.024970; 200373; 24
1670090724.049967; 200398; 24
1670090724.074968; 200423; 24
1670090724.099967; 200448; 23
1670090724.124967; 200473; 23
1670090724.149970; 200498; 23
1670090724.174970; 200523; 23
1670090724.199971; 200548; 23
1670090724.224970; 200573; 23
1670090724.249970; 200598; 23
1670090724.274970; 200623; 23
1670090724.299970; 200648; 23
1670090724.324970; 200673; 23
1670090724.349970; 200698; 23
1670090724.374966; 200723; 23
1670090724.399970; 200748; 23
1670090724.424970; 200773; 23
1670090724.449970; 200798; 23
1670090724.474966; 200823; 23
1670090724.499970; 200848; 23
1670090724.524970; 200873; 23
1670090724.549970; 200898; 23
1670090724.574966; 200923; 23
1670090724.599970; 200948; 23
1670090724.624970; 200973; 22
1670090724.649970; 200998; 22
1670090724.674970; 201023; 22
1670090724.699966; 201048; 22
1670090724.724970; 201073; 22
1670090724.749970; 201098; 22
1670090724.774970; 201123; 22
1670090724.799970; 201148; 22
1670090724.824970; 201173; 23
1670090724.849970; 201198; 23
1670090724.874970; 201223; 23
1670090724.899970; 201248; 23
1670090724.924970; 201273; 22
1670090724.949970; 201298; 22
1670090724.974966; 201323; 22
1670090724.999970; 201348; 22
1670090725.024976; 201373; 23
1670090725.049979; 201398; 23
1670090725.074967; 201423; 23
1670090725.099968; 201448; 23
1670090725.124968; 201473; 24
1670090725.149970; 201498; 24
1670090725.174966; 201523; 24
1670090725.199966; 201548; 24
1670090725.224970; 201573; 24
1670090725.249970; 201598; 24
1670090725.274970; 201623; 24
1670090725.299970; 201648; 24
1670090725.324970; 201673; 23
1670090725.349970; 201698; 23
1670090725.374971; 201723; 23
1670090725.399970; 201748; 23
1670090725.424970; 201773; 22
1670090725.449970; 201798; 22
1670090725.474970; 201823; 22
1670090725.499970; 201848; 22
1670090725.524970; 201873; 22
1670090725.549970; 201898; 24
1670090725.574970; 201923; 24
1670090725.599970; 201948; 24
1670090725.624970; 201973; 24
1670090725.649970; 201998; 26
1670090725.674970; 202023; 26
1670090725.699966; 202048; 26
1670090725.724970; 202073; 26
1670090725.749970; 202098; 25
1670090725.774970; 202123; 25
1670090725.799970; 202148; 25
1670090725.824970; 202173; 25
1670090725.849970; 202198; 15
1670090725.874970; 202223; 15
1670090725.899970; 202248; 15
1670090725.924970; 202273; 15
1670090725.949970; 202298; 15
1670090725.974970; 202323; 15
1670090725.999966; 202348; 15
1670090726.024970; 202373; 15
1670090726.049967; 202398; 15
1670090726.074968; 202423; 15
1670090726.099967; 202448; 15
1670090726.124968; 202473; 15
1670090726.149970; 202498; 15
1670090726.174970; 202523; 15
1670090726.199966; 202548; 15
1670090726.224970; 202573; 15
1670090726.249966; 202598; 15
1670090726.274970; 202623; 15
1670090726.299970; 202648; 15
1670090726.324970; 202673; 15
1670090726.349970; 202698; 15
1670090726.374970; 202723; 15
1670090726.399971; 202748; 15
1670090726.424970; 202773; 15
1670090726.449970; 202798; 15
1670090726.474970; 202823; 15
1670090726.499970; 202848; 15
1670090726.524966; 202873; 15
1670090726.549970; 202898; 15
1670090726.574970; 202923; 15
1670090726.599970; 202948; 15
1670090726.624970; 202973; 15
1670090726.649970; 202998; 15
1670090726.674970; 203023; 15
1670090726.699979; 203048; 15
1670090726.724971; 203073; 15
1670090726.749966; 203098; 15
1670090726.774966; 203123; 15
1670090726.799970; 203148; 15
1670090726.824966; 203173; 15
1670090726.849970; 203198; 15
1670090726.874970; 203223; 15
1670090726.899970; 203248; 15
1670090726.924970; 203273; 15
1670090726.949970; 203298; 15
1670090726.974970; 203323; 15
1670090726.999970; 203348; 15
1670090727.024966; 203373; 15
1670090727.049971; 203398; 15
1670090727.074971; 203423; 15
1670090727.099971; 203448; 15
1670090727.124971; 203473; 15
1670090727.149966; 203498; 15
1670090727.174970; 203523; 15
1670090727.199966; 203548; 15
1670090727.224966; 203573; 15
1670090727.249970; 203598; 15
1670090727.274970; 203623; 15
1670090727.299970; 203648; 15
1670090727.324970; 203673; 15
1670090727.349970; 203698; 15
1670090727.374970; 203723; 15
1670090727.399970; 203748; 15
1670090727.424970; 203773; 15
1670090727.449966; 203798; 15
1670090727.474970; 203823; 15
1670090727.499970; 203848; 15
1670090727.524970; 203873; 15
1670090727.549970; 203898; 15
1670090727.574970; 203923; 15
1670090727.599970; 203948; 15
1670090727.624970; 203973; 15
1670090727.649970; 203998; 15
1670090727.674970; 204023; 15
1670090727.699966; 204048; 15
1670090727.724970; 204073; 15
1670090727.749970; 204098; 15
1670090727.774970; 204123; 15
1670090727.799970; 204148; 15
1670090727.824970; 204173; 15
1670090727.849970; 204198; 15
1670090727.874970; 204223; 15
1670090727.899966; 204248; 14
1670090727.924970; 204273; 14
1670090727.949970; 204298; 14
1670090727.974970; 204323; 14
1670090727.999970; 204348; 14
1670090728.024970; 204373; 14
1670090728.049967; 204398; 14
1670090728.074968; 204423; 14
1670090728.099968; 204448; 15
1670090728.124967; 204473; 15
1670090728.149966; 204498; 15
1670090728.174970; 204523; 15
1670090728.199970; 204548; 15
1670090728.224970; 204573; 15
1670090728.249966; 204598; 15
1670090728.274970; 204623; 15
1670090728.299970; 204648; 14
1670090728.324970; 204673; 14
1670090728.349970; 204698; 14
1670090728.374970; 204723; 14
1670090728.399971; 204748; 14
1670090728.424970; 204773; 14
1670090728.449971; 204798; 14
1670090728.474970; 204823; 14
1670090728.499970; 204848; 14
1670090728.524970; 204873; 14
1670090728.549970; 204898; 14
1670090728.574970; 204923; 14
1670090728.599970; 204948; 15
1670090728.624970; 204973; 15
1670090728.649970; 204998; 15
1670090728.674970; 205023; 15
1670090728.699970; 205048; 15
1670090728.724970; 205073; 15
1670090728.749970; 205098; 15
1670090728.774970; 205123; 15
1670090728.799970; 205148; 14
1670090728.824970; 205173; 14
1670090728.849970; 205198; 14
1670090728.874966; 205223; 14
1670090728.899970; 205248; 14
1670090728.924966; 205273; 14
1670090728.949970; 205298; 14
1670090728.974970; 205323; 14
1670090728.999970; 205348; 15
1670090729.024970; 205373; 15
1670090729.049968; 205398; 15
1670090729.074968; 205423; 15
1670090729.099967; 205448; 15
1670090729.124968; 205473; 15
1670090729.149970; 205498; 15
1670090729.174970; 205523; 15
1670090729.199970; 205548; 15
1670090729.224970; 205573; 14
1670090729.249970; 205598; 14
1670090729.274966; 205623; 14
1670090729.299970; 205648; 14
1670090729.324970; 205673; 14
1670090729.349970; 205698; 14
1670090729.374970; 205723; 14
1670090729.399970; 205748; 14
1670090729.424966; 205773; 14
1670090729.449970; 205798; 14
1670090729.474966; 205823; 14
1670090729.499970; 205848; 14
1670090729.524970; 205873; 15
1670090729.549970; 205898; 15
1670090729.574970; 205923; 15
1670090729.599970; 205948; 15
1670090729.624970; 205973; 15
1670090729.649970; 205998; 15
1670090729.674970; 206023; 15
1670090729.699966; 206048; 15
1670090729.724970; 206073; 14
1670090729.749970; 206098; 14
1670090729.774970; 206123; 14
1670090729.799970; 206148; 14
1670090729.824970; 206173; 14
1670090729.849970; 206198; 14
1670090729.874970; 206223; 14
1670090729.899966; 206248; 14
1670090729.924970; 206273; 15
1670090729.949970; 206298; 15
1670090729.974970; 206323; 15
1670090729.999979; 206348; 15
1670090730.024967; 206373; 15
1670090730.049967; 206398; 15
1670090730.074967; 206423; 15
1670090730.099967; 206448; 15
1670090730.124968; 206473; 14
1670090730.149970; 206498; 14
1670090730.174970; 206523; 14
1670090730.199970; 206548; 14
1670090730.224970; 206573; 14
1670090730.249970; 206598; 14
1670090730.274970; 206623; 14
1670090730.299970; 206648; 14
1670090730.324970; 206673; 14
1670090730.349970; 206698; 14
1670090730.374970; 206723; 14
1670090730.399970; 206748; 14
1670090730.424970; 206773; 14
1670090730.449970; 206798; 15
1670090730.474970; 206823; 15
1670090730.499966; 206848; 15
1670090730.524970; 206873; 15
1670090730.549970; 206898; 15
1670090730.574970; 206923; 15
1670090730.599970; 206948; 15
1670090730.624970; 206973; 15
1670090730.649970; 206998; 14
1670090730.674970; 207023; 14
1670090730.699972; 207048; 14
1670090730.724966; 207073; 14
1670090730.749970; 207098; 14
1670090730.774970; 207123; 14
1670090730.799970; 207148; 14
1670090730.824970; 207173; 14
1670090730.849970; 207198; 14
1670090730.874970; 207223; 14
1670090730.899970; 207248; 14
1670090730.924966; 207273; 14
1670090730.949970; 207298; 15
1670090730.974970; 207323; 15
1670090730.999970; 207348; 15
1670090731.024970; 207373; 15
1670090731.049967; 207398; 15
1670090731.074968; 207423; 15
1670090731.099968; 207448; 15
1670090731.124968; 207473; 15
1670090731.149970; 207498; 15
1670090731.174970; 207523; 15
1670090731.199966; 207548; 15
1670090731.224970; 207573; 15
1670090731.249970; 207598; 15
1670090731.274970; 207623; 15
1670090731.299970; 207648; 15
1670090731.324970; 207673; 15
1670090731.349970; 207698; 15
1670090731.374970; 207723; 15
1670090731.399970; 207748; 15
1670090731.424966; 207773; 15
1670090731.449970; 207798; 15
1670090731.474966; 207823; 15
1670090731.499970; 207848; 15
1670090731.524966; 207873; 15
1670090731.549970; 207898; 15
1670090731.574970; 207923; 15
1670090731.599970; 207948; 15
1670090731.624970; 207973; 15
1670090731.649970; 207998; 15
1670090731.674970; 208023; 14
1670090731.699966; 208048; 14
1670090731.724968; 208073; 14
1670090731.749970; 208098; 14
1670090731.774970; 208123; 15
1670090731.799970; 208148; 15
1670090731.824970; 208173; 15
1670090731.849970; 208198; 15
1670090731.874970; 208223; 15
1670090731.899970; 208248; 15
1670090731.924970; 208273; 15
1670090731.949970; 208298; 15
1670090731.974970; 208323; 15
1670090731.999970; 208348; 15
1670090732.024970; 208373; 15
1670090732.049967; 208398; 15
1670090732.074968; 208423; 14
1670090732.099967; 208448; 14
1670090732.124968; 208473; 14
1670090732.149970; 208498; 14
1670090732.174970; 208523; 14
1670090732.199970; 208548; 14
1670090732.224970; 208573; 14
1670090732.249966; 208598; 14
1670090732.274970; 208623; 15
1670090732.299970; 208648; 15
1670090732.324970; 208673; 15
1670090732.349970; 208698; 15
1670090732.374970; 208723; 15
1670090732.399970; 208748; 15
1670090732.424970; 208773; 15
1670090732.449970; 208798; 15
1670090732.474970; 208823; 15
1670090732.499970; 208848; 15
1670090732.524970; 208873; 15
1670090732.549966; 208898; 15
1670090732.574970; 208923; 15
1670090732.599970; 208948; 15
1670090732.624970; 208973; 15
1670090732.649970; 208998; 15
1670090732.674970; 209023; 15
1670090732.699966; 209048; 15
1670090732.724970; 209073; 15
1670090732.749966; 209098; 15
1670090732.774970; 209123; 15
1670090732.799970; 209148; 15
1670090732.824970; 209173; 15
1670090732.849970; 209198; 15
1670090732.874970; 209223; 15
1670090732.899970; 209248; 15
1670090732.924970; 209273; 15
1670090732.949970; 209298; 15
1670090732.974966; 209323; 15
1670090732.999970; 209348; 15
1670090733.024970; 209373; 15
1670090733.049967; 209398; 15
1670090733.074968; 209423; 15
1670090733.099968; 209448; 15
1670090733.124968; 209473; 15
1670090733.149970; 209498; 15
1670090733.174970; 209523; 15
1670090733.199966; 209548; 15
1670090733.224970; 209573; 15
1670090733.249970; 209598; 15
1670090733.274966; 209623; 15
1670090733.299975; 209648; 15
1670090733.324971; 209673; 15
1670090733.349966; 209698; 15
1670090733.374966; 209723; 15
1670090733.399970; 209748; 15
1670090733.424970; 209773; 15
1670090733.449970; 209798; 15
1670090733.474970; 209823; 15
1670090733.499970; 209848; 15
1670090733.524970; 209873; 15
1670090733.549970; 209898; 15
1670090733.574966; 209923; 15
1670090733.599970; 209948; 15
1670090733.624970; 209973; 15
1670090733.649970; 209998; 15
1670090733.674970; 210023; 15
1670090733.699966; 210048; 15
1670090733.724970; 210073; 15
1670090733.749970; 210098; 15
1670090733.774970; 210123; 15
1670090733.799970; 210148; 15
1670090733.824970; 210173; 15
1670090733.849970; 210198; 15
1670090733.874994; 210223; 15
1670090733.899970; 210248; 15
1670090733.924970; 210273; 15
1670090733.949970; 210298; 15
1670090733.974970; 210323; 15
1670090733.999966; 210348; 15
1670090734.024970; 210373; 15
1670090734.049967; 210398; 15
1670090734.074968; 210423; 15
1670090734.099967; 210448; 15
1670090734.124968; 210473; 15
1670090734.149970; 210498; 15
1670090734.174970; 210523; 15
1670090734.199966; 210548; 15
1670090734.224970; 210573; 15
1670090734.249970; 210598; 15
1670090734.274970; 210623; 15
1670090734.299970; 210648; 15
1670090734.324970; 210673; 15
1670090734.349970; 210698; 15
1670090734.374970; 210723; 15
1670090734.399966; 210748; 15
1670090734.424970; 210773; 15
1670090734.449970; 210798; 15
1670090734.474970; 210823; 15
1670090734.499970; 210848; 15
1670090734.524970; 210873; 16
1670090734.549970; 210898; 16
1670090734.574970; 210923; 16
1670090734.599966; 210948; 16
1670090734.624970; 210973; 16
1670090734.649970; 210998; 16
1670090734.674966; 211023; 16
1670090734.699970; 211048; 16
1670090734.724970; 211073; 16
1670090734.749970; 211098; 16
1670090734.774970; 211123; 16
1670090734.799970; 211148; 16
1670090734.824970; 211173; 15
1670090734.849970; 211198; 15
1670090734.874970; 211223; 15
1670090734.899976; 211248; 15
1670090734.924970; 211273; 15
1670090734.949970; 211298; 15
1670090734.974970; 211323; 15
1670090734.999970; 211348; 15
1670090735.024970; 211373; 15
1670090735.049968; 211398; 15
1670090735.074968; 211423; 15
1670090735.099968; 211448; 15
1670090735.124971; 211473; 15
1670090735.149966; 211498; 15
1670090735.174970; 211523; 15
1670090735.199966; 211548; 15
1670090735.224966; 211573; 15
1670090735.249970; 211598; 15
1670090735.274970; 211623; 15
1670090735.299970; 211648; 15
1670090735.324970; 211673; 15
1670090735.349970; 211698; 15
1670090735.374970; 211723; 15
1670090735.399970; 211748; 15
1670090735.424970; 211773; 15
1670090735.449970; 211798; 15
1670090735.474970; 211823; 15
1670090735.499970; 211848; 15
1670090735.524970; 211873; 15
1670090735.549970; 211898; 15
1670090735.574970; 211923; 15
1670090735.599970; 211948; 15
1670090735.624970; 211973; 15
1670090735.649970; 211998; 15
1670090735.674970; 212023; 15
1670090735.699966; 212048; 15
1670090735.724970; 212073; 15
1670090735.749970; 212098; 15
1670090735.774970; 212123; 15
1670090735.799970; 212148; 15
1670090735.824966; 212173; 15
1670090735.849970; 212198; 14
1670090735.874970; 212223; 14
1670090735.899970; 212248; 14
1670090735.924970; 212273; 14
1670090735.949970; 212298; 14
1670090735.974973; 212323; 14
1670090735.999966; 212348; 14
1670090736.024975; 212373; 14
1670090736.049971; 212398; 14
1670090736.074971; 212423; 15
1670090736.099971; 212448; 15
1670090736.124971; 212473; 15
1670090736.149966; 212498; 15
1670090736.174970; 212523; 15
1670090736.199966; 212548; 15
1670090736.224970; 212573; 15
1670090736.249966; 212598; 15
1670090736.274970; 212623; 14
1670090736.299970; 212648; 14
1670090736.324970; 212673; 14
1670090736.349970; 212698; 14
1670090736.374970; 212723; 14
1670090736.399970; 212748; 14
1670090736.424970; 212773; 14
1670090736.449970; 212798; 14
1670090736.474970; 212823; 14
1670090736.499970; 212848; 14
1670090736.524970; 212873; 14
1670090736.549970; 212898; 14
1670090736.574970; 212923; 15
1670090736.599970; 212948; 15
1670090736.624974; 212973; 15
1670090736.649971; 212998; 15
1670090736.674966; 213023; 15
1670090736.699966; 213048; 15
1670090736.724970; 213073; 15
1670090736.749966; 213098; 15
1670090736.774970; 213123; 14
1670090736.799970; 213148; 14
1670090736.824970; 213173; 14
1670090736.849993; 213198; 14
1670090736.874966; 213223; 14
1670090736.899970; 213248; 14
1670090736.924966; 213273; 14
1670090736.949970; 213298; 14
1670090736.974970; 213323; 14
1670090736.999966; 213348; 14
1670090737.024970; 213373; 14
1670090737.049980; 213398; 14
1670090737.074971; 213423; 15
1670090737.099971; 213448; 15
1670090737.124971; 213473; 15
1670090737.149966; 213498; 15
1670090737.174970; 213523; 15
1670090737.199966; 213548; 14
1670090737.224970; 213573; 14
1670090737.249970; 213598; 14
1670090737.274970; 213623; 14
1670090737.299970; 213648; 14
1670090737.324966; 213673; 14
1670090737.349970; 213698; 14
1670090737.374970; 213723; 14
1670090737.399970; 213748; 14
1670090737.424970; 213773; 14
1670090737.449970; 213798; 14
1670090737.474970; 213823; 14
1670090737.499970; 213848; 14
1670090737.524970; 213873; 14
1670090737.549970; 213898; 14
1670090737.574970; 213923; 14
1670090737.599970; 213948; 14
1670090737.624970; 213973; 14
1670090737.649970; 213998; 14
1670090737.674970; 214023; 14
1670090737.699966; 214048; 14
1670090737.724970; 214073; 14
1670090737.749970; 214098; 14
1670090737.774970; 214123; 14
1670090737.799970; 214148; 14
1670090737.824970; 214173; 14
1670090737.849970; 214198; 14
1670090737.874970; 214223; 14
1670090737.899970; 214248; 14
1670090737.924970; 214273; 14
1670090737.949970; 214298; 14
1670090737.974970; 214323; 14
1670090737.999970; 214348; 15
1670090738.024970; 214373; 15
1670090738.049967; 214398; 15
1670090738.074965; 214423; 15
1670090738.099971; 214448; 15
1670090738.124971; 214473; 15
1670090738.149966; 214498; 15
1670090738.174970; 214523; 15
1670090738.199966; 214548; 14
1670090738.224970; 214573; 14
1670090738.249970; 214598; 14
1670090738.274970; 214623; 14
1670090738.299970; 214648; 14
1670090738.324970; 214673; 14
1670090738.349970; 214698; 14
1670090738.374970; 214723; 14
1670090738.399970; 214748; 14
1670090738.424970; 214773; 15
1670090738.449970; 214798; 15
1670090738.474970; 214823; 15
1670090738.499966; 214848; 15
1670090738.524970; 214873; 15
1670090738.549970; 214898; 15
1670090738.574970; 214923; 15
1670090738.599966; 214948; 15
1670090738.624970; 214973; 15
1670090738.649970; 214998; 15
1670090738.674970; 215023; 15
1670090738.699970; 215048; 15
1670090738.724970; 215073; 14
1670090738.749970; 215098; 14
1670090738.774970; 215123; 14
1670090738.799970; 215148; 14
1670090738.824970; 215173; 15
1670090738.849966; 215198; 15
1670090738.874970; 215223; 15
1670090738.899966; 215248; 15
1670090738.924970; 215273; 15
1670090738.949970; 215298; 15
1670090738.974970; 215323; 15
1670090738.999970; 215348; 15
1670090739.024970; 215373; 15
1670090739.049968; 215398; 15
1670090739.074968; 215423; 15
1670090739.099967; 215448; 15
1670090739.124971; 215473; 14
1670090739.149971; 215498; 14
1670090739.174966; 215523; 14
1670090739.199966; 215548; 14
1670090739.224970; 215573; 14
1670090739.249970; 215598; 14
1670090739.274970; 215623; 14
1670090739.299970; 215648; 14
1670090739.324966; 215673; 15
1670090739.349970; 215698; 15
1670090739.374970; 215723; 15
1670090739.399970; 215748; 15
1670090739.424970; 215773; 15
1670090739.449970; 215798; 15
1670090739.474970; 215823; 15
1670090739.499970; 215848; 15
1670090739.524966; 215873; 15
1670090739.549970; 215898; 15
1670090739.574970; 215923; 15
1670090739.599970; 215948; 15
1670090739.624970; 215973; 15
1670090739.649970; 215998; 15
1670090739.674970; 216023; 15
1670090739.699966; 216048; 15
1670090739.724970; 216073; 15
1670090739.749970; 216098; 15
1670090739.774970; 216123; 15
1670090739.799970; 216148; 15
1670090739.824970; 216173; 15
1670090739.849970; 216198; 15
1670090739.874970; 216223; 15
1670090739.899970; 216248; 15
1670090739.924978; 216273; 15
1670090739.949968; 216298; 15
1670090739.974966; 216323; 15
1670090739.999970; 216348; 15
1670090740.024970; 216373; 15
1670090740.049967; 216398; 15
1670090740.074968; 216423; 15
1670090740.099968; 216448; 15
1670090740.124971; 216473; 15
1670090740.149970; 216498; 15
1670090740.174970; 216523; 15
1670090740.199966; 216548; 15
1670090740.224970; 216573; 15
1670090740.249970; 216598; 16
1670090740.274970; 216623; 16
1670090740.299970; 216648; 16
1670090740.324970; 216673; 16
1670090740.349970; 216698; 16
1670090740.374970; 216723; 16
1670090740.399970; 216748; 16
1670090740.424970; 216773; 16
1670090740.449970; 216798; 17
1670090740.474970; 216823; 17
1670090740.499970; 216848; 17
1670090740.524970; 216873; 17
1670090740.549966; 216898; 17
1670090740.574970; 216923; 17
1670090740.599970; 216948; 17
1670090740.624970; 216973; 17
1670090740.649970; 216998; 17
1670090740.674970; 217023; 17
1670090740.699966; 217048; 17
1670090740.724970; 217073; 17
1670090740.749966; 217098; 17
1670090740.774970; 217123; 17
1670090740.799970; 217148; 17
1670090740.824970; 217173; 17
1670090740.849970; 217198; 17
1670090740.874970; 217223; 17
1670090740.899970; 217248; 17
1670090740.924970; 217273; 17
1670090740.949966; 217298; 17
1670090740.974970; 217323; 17
1670090740.999970; 217348; 17
1670090741.024970; 217373; 17
1670090741.049967; 217398; 17
1670090741.074968; 217423; 18
1670090741.099967; 217448; 18
1670090741.124968; 217473; 18
1670090741.149980; 217498; 18
1670090741.174970; 217523; 18
1670090741.199970; 217548; 18
1670090741.224970; 217573; 18
1670090741.249970; 217598; 18
1670090741.274970; 217623; 19
1670090741.299970; 217648; 19
1670090741.324970; 217673; 19
1670090741.349973; 217698; 19
1670090741.374966; 217723; 19
1670090741.399970; 217748; 19
1670090741.424970; 217773; 19
1670090741.449970; 217798; 19
1670090741.474970; 217823; 19
1670090741.499970; 217848; 19
1670090741.524970; 217873; 19
1670090741.549970; 217898; 19
1670090741.574970; 217923; 20
1670090741.599970; 217948; 20
1670090741.624966; 217973; 20
1670090741.649970; 217998; 20
1670090741.674970; 218023; 21
1670090741.699966; 218048; 21
1670090741.724970; 218073; 21
1670090741.749970; 218098; 21
1670090741.774970; 218123; 22
1670090741.799970; 218148; 22
1670090741.824970; 218173; 22
1670090741.849970; 218198; 22
1670090741.874970; 218223; 22
1670090741.899970; 218248; 22
1670090741.924970; 218273; 22
1670090741.949970; 218298; 22
1670090741.974970; 218323; 22
1670090741.999970; 218348; 22
1670090742.024966; 218373; 22
1670090742.049971; 218398; 22
1670090742.074971; 218423; 22
1670090742.099971; 218448; 23
1670090742.124971; 218473; 23
1670090742.149966; 218498; 23
1670090742.174984; 218523; 23
1670090742.199970; 218548; 22
1670090742.224970; 218573; 22
1670090742.249970; 218598; 22
1670090742.274970; 218623; 22
1670090742.299970; 218648; 22
1670090742.324970; 218673; 22
1670090742.349970; 218698; 22
1670090742.374979; 218723; 22
1670090742.399966; 218748; 22
1670090742.424970; 218773; 22
1670090742.449970; 218798; 22
1670090742.474970; 218823; 22
1670090742.499970; 218848; 22
1670090742.524970; 218873; 22
1670090742.549970; 218898; 22
1670090742.574970; 218923; 22
1670090742.599970; 218948; 23
1670090742.624970; 218973; 23
1670090742.649970; 218998; 23
1670090742.674970; 219023; 23
1670090742.699966; 219048; 24
1670090742.724970; 219073; 24
1670090742.749970; 219098; 24
1670090742.774970; 219123; 24
1670090742.799966; 219148; 24
1670090742.824970; 219173; 24
1670090742.849970; 219198; 24
1670090742.874970; 219223; 24
1670090742.899970; 219248; 24
1670090742.924970; 219273; 24
1670090742.949970; 219298; 24
1670090742.974970; 219323; 24
1670090742.999970; 219348; 24
1670090743.024970; 219373; 24
1670090743.049967; 219398; 24
1670090743.074968; 219423; 24
1670090743.099967; 219448; 24
1670090743.124968; 219473; 24
1670090743.149970; 219498; 24
1670090743.174970; 219523; 24
1670090743.199972; 219548; 24
1670090743.224974; 219573; 27
1670090743.249967; 219598; 27
1670090743.274970; 219623; 27
1670090743.299970; 219648; 27
1670090743.324970; 219673; 27
1670090743.349970; 219698; 27
1670090743.374970; 219723; 27
1670090743.399973; 219748; 27
1670090743.424966; 219773; 27
1670090743.449970; 219798; 27
1670090743.474970; 219823; 27
1670090743.499970; 219848; 27
1670090743.524970; 219873; 27
1670090743.549970; 219898; 27
1670090743.574970; 219923; 27
1670090743.599970; 219948; 27
1670090743.624970; 219973; 28
1670090743.649970; 219998; 28
1670090743.674970; 220023; 28
1670090743.699966; 220048; 28
1670090743.724970; 220073; 28
1670090743.749970; 220098; 28
1670090743.774970; 220123; 28
1670090743.799970; 220148; 28
1670090743.824966; 220173; 30
1670090743.849970; 220198; 30
1670090743.874970; 220223; 30
1670090743.899970; 220248; 30
1670090743.924970; 220273; 32
1670090743.949970; 220298; 32
1670090743.974970; 220323; 32
1670090743.999970; 220348; 32
1670090744.024966; 220373; 32
1670090744.049971; 220398; 32
1670090744.074967; 220423; 32
1670090744.099968; 220448; 32
1670090744.124967; 220473; 30
1670090744.149970; 220498; 30
1670090744.174970; 220523; 30
1670090744.199966; 220548; 30
1670090744.224970; 220573; 30
1670090744.249970; 220598; 29
1670090744.274970; 220623; 29
1670090744.299970; 220648; 29
1670090744.324970; 220673; 29
1670090744.349970; 220698; 30
1670090744.374970; 220723; 30
1670090744.399970; 220748; 30
1670090744.424966; 220773; 30
1670090744.449970; 220798; 28
1670090744.474968; 220823; 28
1670090744.499970; 220848; 28
1670090744.524970; 220873; 28
1670090744.549970; 220898; 32
1670090744.574970; 220923; 32
1670090744.599970; 220948; 32
1670090744.624970; 220973; 32
1670090744.649970; 220998; 31
1670090744.674970; 221023; 31
1670090744.699966; 221048; 31
1670090744.724970; 221073; 31
1670090744.749970; 221098; 26
1670090744.774970; 221123; 26
1670090744.799970; 221148; 26
1670090744.824970; 221173; 26
1670090744.849970; 221198; 18
1670090744.874970; 221223; 18
1670090744.899966; 221248; 18
1670090744.924970; 221273; 18
1670090744.949970; 221298; 15
1670090744.974970; 221323; 15
1670090744.999970; 221348; 15
1670090745.024970; 221373; 15
1670090745.049971; 221398; 14
1670090745.074971; 221423; 14
1670090745.099971; 221448; 14
1670090745.124971; 221473; 14
1670090745.149966; 221498; 14
1670090745.174970; 221523; 14
1670090745.199966; 221548; 14
1670090745.224970; 221573; 14
1670090745.249970; 221598; 14
1670090745.274970; 221623; 14
1670090745.299970; 221648; 14
1670090745.324970; 221673; 14
1670090745.349970; 221698; 14
1670090745.374970; 221723; 14
1670090745.399970; 221748; 14
1670090745.424970; 221773; 14
1670090745.449970; 221798; 14
1670090745.474966; 221823; 14
1670090745.499970; 221848; 14
1670090745.524970; 221873; 14
1670090745.549970; 221898; 14
1670090745.574970; 221923; 14
1670090745.599970; 221948; 14
1670090745.624970; 221973; 14
1670090745.649970; 221998; 14
1670090745.674970; 222023; 14
1670090745.699966; 222048; 14
1670090745.724966; 222073; 14
1670090745.749970; 222098; 14
1670090745.774970; 222123; 14
1670090745.799970; 222148; 14
1670090745.824970; 222173; 14
1670090745.849970; 222198; 14
1670090745.874970; 222223; 14
1670090745.899970; 222248; 14
1670090745.924970; 222273; 14
1670090745.949970; 222298; 14
1670090745.974970; 222323; 14
1670090745.999970; 222348; 14
1670090746.024970; 222373; 14
1670090746.049967; 222398; 14
1670090746.074971; 222423; 14
1670090746.099971; 222448; 14
1670090746.124971; 222473; 14
1670090746.149966; 222498; 14
1670090746.174970; 222523; 14
1670090746.199966; 222548; 14
1670090746.224970; 222573; 14
1670090746.249970; 222598; 14
1670090746.274966; 222623; 14
1670090746.299970; 222648; 14
1670090746.324970; 222673; 14
1670090746.349970; 222698; 14
1670090746.374970; 222723; 14
1670090746.399970; 222748; 14
1670090746.424970; 222773; 14
1670090746.449970; 222798; 14
1670090746.474979; 222823; 14
1670090746.499966; 222848; 14
1670090746.524978; 222873; 14
1670090746.549967; 222898; 14
1670090746.574970; 222923; 14
1670090746.599970; 222948; 14
1670090746.624970; 222973; 14
1670090746.649970; 222998; 14
1670090746.674991; 223023; 14
1670090746.699970; 223048; 14
1670090746.724970; 223073; 14
1670090746.749970; 223098; 14
1670090746.774970; 223123; 14
1670090746.799970; 223148; 14
1670090746.824970; 223173; 14
1670090746.849970; 223198; 14
1670090746.874970; 223223; 14
1670090746.899966; 223248; 14
1670090746.924970; 223273; 14
1670090746.949970; 223298; 14
1670090746.974970; 223323; 14
1670090746.999970; 223348; 14
1670090747.024970; 223373; 14
1670090747.049967; 223398; 14
1670090747.074967; 223423; 14
1670090747.099971; 223448; 14
1670090747.124971; 223473; 14
1670090747.149971; 223498; 14
1670090747.174970; 223523; 14
1670090747.199970; 223548; 14
1670090747.224970; 223573; 14
1670090747.249970; 223598; 14
1670090747.274970; 223623; 14
1670090747.299970; 223648; 14
1670090747.324970; 223673; 14
1670090747.349966; 223698; 14
1670090747.374970; 223723; 14
1670090747.399970; 223748; 14
1670090747.424970; 223773; 14
1670090747.449970; 223798; 14
1670090747.474970; 223823; 14
1670090747.499993; 223848; 14
1670090747.524966; 223873; 14
1670090747.549970; 223898; 14
1670090747.574970; 223923; 14
1670090747.599970; 223948; 14
1670090747.624970; 223973; 14
1670090747.649970; 223998; 14
1670090747.674970; 224023; 14
1670090747.699975; 224048; 14
1670090747.724970; 224073; 14
1670090747.749970; 224098; 14
1670090747.774966; 224123; 14
1670090747.799970; 224148; 14
1670090747.824970; 224173; 14
1670090747.849970; 224198; 14
1670090747.874970; 224223; 14
1670090747.899970; 224248; 14
1670090747.924966; 224273; 14
1670090747.949970; 224298; 14
1670090747.974970; 224323; 14
1670090747.999970; 224348; 14
1670090748.024970; 224373; 14
1670090748.049967; 224398; 14
1670090748.074968; 224423; 14
1670090748.099967; 224448; 14
1670090748.124971; 224473; 14
1670090748.149966; 224498; 14
1670090748.174966; 224523; 14
1670090748.199966; 224548; 14
1670090748.224970; 224573; 14
1670090748.249970; 224598; 14
1670090748.274970; 224623; 14
1670090748.299970; 224648; 14
1670090748.324966; 224673; 14
1670090748.349970; 224698; 14
1670090748.374970; 224723; 14
1670090748.399970; 224748; 14
1670090748.424970; 224773; 14
1670090748.449970; 224798; 14
1670090748.474970; 224823; 14
1670090748.499970; 224848; 14
1670090748.524971; 224873; 14
1670090748.549970; 224898; 14
1670090748.574970; 224923; 14
1670090748.599970; 224948; 14
1670090748.624970; 224973; 14
1670090748.649970; 224998; 14
1670090748.674970; 225023; 14
1670090748.699966; 225048; 14
1670090748.724966; 225073; 14
1670090748.749966; 225098; 14
1670090748.774970; 225123; 14
1670090748.799970; 225148; 14
1670090748.824970; 225173; 14
1670090748.849970; 225198; 14
1670090748.874970; 225223; 14
1670090748.899970; 225248; 14
1670090748.924970; 225273; 14
1670090748.949970; 225298; 14
1670090748.974970; 225323; 14
1670090748.999966; 225348; 14
1670090749.024970; 225373; 14
1670090749.049967; 225398; 14
1670090749.074967; 225423; 14
1670090749.099968; 225448; 14
1670090749.124967; 225473; 14
1670090749.149970; 225498; 14
1670090749.174970; 225523; 14
1670090749.199966; 225548; 14
1670090749.224970; 225573; 14
1670090749.249970; 225598; 14
1670090749.274970; 225623; 14
1670090749.299970; 225648; 14
1670090749.324970; 225673; 14
1670090749.349970; 225698; 14
1670090749.374970; 225723; 14
1670090749.399966; 225748; 14
1670090749.424970; 225773; 14
1670090749.449970; 225798; 14
1670090749.474970; 225823; 14
1670090749.499970; 225848; 14
1670090749.524970; 225873; 14
1670090749.549970; 225898; 14
1670090749.574970; 225923; 14
1670090749.599970; 225948; 14
1670090749.624970; 225973; 14
1670090749.649970; 225998; 14
1670090749.674970; 226023; 14
1670090749.699966; 226048; 14
1670090749.724970; 226073; 14
1670090749.749970; 226098; 14
1670090749.774970; 226123; 14
1670090749.799968; 226148; 14
1670090749.824975; 226173; 14
1670090749.849971; 226198; 14
1670090749.874966; 226223; 14
1670090749.899970; 226248; 14
1670090749.924970; 226273; 14
1670090749.949970; 226298; 14
1670090749.974970; 226323; 14
1670090749.999970; 226348; 14
1670090750.024970; 226373; 14
1670090750.049967; 226398; 14
1670090750.074968; 226423; 14
1670090750.099967; 226448; 14
1670090750.124967; 226473; 14
1670090750.149970; 226498; 14
1670090750.174970; 226523; 14
1670090750.199966; 226548; 14
1670090750.224966; 226573; 14
1670090750.249970; 226598; 14
1670090750.274970; 226623; 14
1670090750.299970; 226648; 14
1670090750.324970; 226673; 14
1670090750.349970; 226698; 14
1670090750.374966; 226723; 14
1670090750.399970; 226748; 14
1670090750.424970; 226773; 14
1670090750.449970; 226798; 14
1670090750.474970; 226823; 14
1670090750.499970; 226848; 14
1670090750.524970; 226873; 14
1670090750.549970; 226898; 14
1670090750.574970; 226923; 14
1670090750.599970; 226948; 14
1670090750.624966; 226973; 14
1670090750.649970; 226998; 14
1670090750.674970; 227023; 14
1670090750.699966; 227048; 14
1670090750.724970; 227073; 14
1670090750.749970; 227098; 14
1670090750.774966; 227123; 14
1670090750.799970; 227148; 14
1670090750.824970; 227173; 14
1670090750.849970; 227198; 14
1670090750.874970; 227223; 14
1670090750.899970; 227248; 14
1670090750.924970; 227273; 14
1670090750.949970; 227298; 14
1670090750.974970; 227323; 14
1670090750.999970; 227348; 14
1670090751.024970; 227373; 14
1670090751.049971; 227398; 14
1670090751.074971; 227423; 14
1670090751.099971; 227448; 14
1670090751.124971; 227473; 14
1670090751.149966; 227498; 14
1670090751.174970; 227523; 14
1670090751.199966; 227548; 14
1670090751.224970; 227573; 14
1670090751.249970; 227598; 14
1670090751.274970; 227623; 14
1670090751.299970; 227648; 14
1670090751.324970; 227673; 14
1670090751.349970; 227698; 14
1670090751.374970; 227723; 14
1670090751.399970; 227748; 14
1670090751.424970; 227773; 14
1670090751.449966; 227798; 14
1670090751.474970; 227823; 14
1670090751.499970; 227848; 14
1670090751.524970; 227873; 14
1670090751.549970; 227898; 14
1670090751.574970; 227923; 14
1670090751.599970; 227948; 14
1670090751.624970; 227973; 14
1670090751.649970; 227998; 14
1670090751.674970; 228023; 14
1670090751.699966; 228048; 14
1670090751.724970; 228073; 14
1670090751.749970; 228098; 14
1670090751.774970; 228123; 14
1670090751.799980; 228148; 14
1670090751.824970; 228173; 14
1670090751.849970; 228198; 14
1670090751.874970; 228223; 14
1670090751.899970; 228248; 14
1670090751.924970; 228273; 14
1670090751.949970; 228298; 14
1670090751.974970; 228323; 14
1670090751.999981; 228348; 14
1670090752.024970; 228373; 14
1670090752.049967; 228398; 14
1670090752.074967; 228423; 14
1670090752.099967; 228448; 14
1670090752.124967; 228473; 14
1670090752.149970; 228498; 14
1670090752.174970; 228523; 14
1670090752.199966; 228548; 14
1670090752.224966; 228573; 14
1670090752.249970; 228598; 14
1670090752.274966; 228623; 14
1670090752.299970; 228648; 14
1670090752.324970; 228673; 14
1670090752.349970; 228698; 14
1670090752.374970; 228723; 14
1670090752.399970; 228748; 14
1670090752.424970; 228773; 14
1670090752.449970; 228798; 14
1670090752.474970; 228823; 14
1670090752.499970; 228848; 14
1670090752.524970; 228873; 14
1670090752.549970; 228898; 14
1670090752.574970; 228923; 14
1670090752.599970; 228948; 14
1670090752.624966; 228973; 14
1670090752.649970; 228998; 14
1670090752.674966; 229023; 14
1670090752.699966; 229048; 14
1670090752.724970; 229073; 14
1670090752.749970; 229098; 14
1670090752.774970; 229123; 14
1670090752.799970; 229148; 14
1670090752.824994; 229173; 14
1670090752.849970; 229198; 14
1670090752.874970; 229223; 14
1670090752.899970; 229248; 14
1670090752.924970; 229273; 15
1670090752.949970; 229298; 15
1670090752.974970; 229323; 15
1670090752.999970; 229348; 15
1670090753.024978; 229373; 15
1670090753.049967; 229398; 15
1670090753.074967; 229423; 15
1670090753.099971; 229448; 15
1670090753.124980; 229473; 14
1670090753.149967; 229498; 14
1670090753.174970; 229523; 14
1670090753.199966; 229548; 14
1670090753.224970; 229573; 14
1670090753.249966; 229598; 14
1670090753.274970; 229623; 14
1670090753.299970; 229648; 14
1670090753.324970; 229673; 14
1670090753.349970; 229698; 14
1670090753.374970; 229723; 14
1670090753.399970; 229748; 14
1670090753.424970; 229773; 15
1670090753.449966; 229798; 15
1670090753.474970; 229823; 15
1670090753.499966; 229848; 15
1670090753.524970; 229873; 15
1670090753.549970; 229898; 14
1670090753.574970; 229923; 14
1670090753.599970; 229948; 14
1670090753.624970; 229973; 14
1670090753.649970; 229998; 14
1670090753.674970; 230023; 14
1670090753.699966; 230048; 14
1670090753.724970; 230073; 14
1670090753.749970; 230098; 14
1670090753.774970; 230123; 14
1670090753.799970; 230148; 14
1670090753.824970; 230173; 14
1670090753.849972; 230198; 14
1670090753.874966; 230223; 14
1670090753.899966; 230248; 14
1670090753.924970; 230273; 14
1670090753.949970; 230298; 15
1670090753.974970; 230323; 15
1670090753.999970; 230348; 15
1670090754.024970; 230373; 15
1670090754.049967; 230398; 14
1670090754.074971; 230423; 14
1670090754.099971; 230448; 14
1670090754.124971; 230473; 14
1670090754.149966; 230498; 14
1670090754.174970; 230523; 14
1670090754.199966; 230548; 14
1670090754.224970; 230573; 14
1670090754.249970; 230598; 15
1670090754.274970; 230623; 15
1670090754.299970; 230648; 15
1670090754.324970; 230673; 15
1670090754.349970; 230698; 15
1670090754.374970; 230723; 15
1670090754.399970; 230748; 15
1670090754.424970; 230773; 15
1670090754.449970; 230798; 15
1670090754.474966; 230823; 15
1670090754.499970; 230848; 15
1670090754.524970; 230873; 15
1670090754.549970; 230898; 15
1670090754.574970; 230923; 15
1670090754.599970; 230948; 15
1670090754.624970; 230973; 15
1670090754.649970; 230998; 15
1670090754.674966; 231023; 15
1670090754.699966; 231048; 15
1670090754.724970; 231073; 15
1670090754.749970; 231098; 15
1670090754.774970; 231123; 15
1670090754.799970; 231148; 15
1670090754.824970; 231173; 15
1670090754.849970; 231198; 15
1670090754.874970; 231223; 15
1670090754.899970; 231248; 15
1670090754.924970; 231273; 15
1670090754.949970; 231298; 15
1670090754.974970; 231323; 15
1670090754.999970; 231348; 15
1670090755.024970; 231373; 15
1670090755.049967; 231398; 15
1670090755.074967; 231423; 15
1670090755.099967; 231448; 15
1670090755.124971; 231473; 15
1670090755.149966; 231498; 15
1670090755.174970; 231523; 15
1670090755.199966; 231548; 15
1670090755.224970; 231573; 15
1670090755.249970; 231598; 15
1670090755.274970; 231623; 15
1670090755.299966; 231648; 15
1670090755.324970; 231673; 15
1670090755.349970; 231698; 15
1670090755.374970; 231723; 15
1670090755.399970; 231748; 15
1670090755.424970; 231773; 15
1670090755.449970; 231798; 15
1670090755.474970; 231823; 15
1670090755.499970; 231848; 15
1670090755.524966; 231873; 15
1670090755.549970; 231898; 15
1670090755.574970; 231923; 15
1670090755.599970; 231948; 15
1670090755.624970; 231973; 15
1670090755.649970; 231998; 15
1670090755.674970; 232023; 16
1670090755.699966; 232048; 16
1670090755.724970; 232073; 16
1670090755.749970; 232098; 16
1670090755.774970; 232123; 16
1670090755.799966; 232148; 16
1670090755.824970; 232173; 16
1670090755.849970; 232198; 16
1670090755.874970; 232223; 16
1670090755.899966; 232248; 16
1670090755.924970; 232273; 16
1670090755.949970; 232298; 16
1670090755.974970; 232323; 16
1670090755.999970; 232348; 16
1670090756.024970; 232373; 16
1670090756.049967; 232398; 16
1670090756.074967; 232423; 16
1670090756.099971; 232448; 16
1670090756.124971; 232473; 16
1670090756.149970; 232498; 16
1670090756.174970; 232523; 16
1670090756.199966; 232548; 16
1670090756.224970; 232573; 16
1670090756.249970; 232598; 16
1670090756.274970; 232623; 16
1670090756.299970; 232648; 17
1670090756.324970; 232673; 17
1670090756.349970; 232698; 17
1670090756.374970; 232723; 17
1670090756.399970; 232748; 17
1670090756.424979; 232773; 17
1670090756.449967; 232798; 17
1670090756.474970; 232823; 17
1670090756.499970; 232848; 17
1670090756.524970; 232873; 17
1670090756.549970; 232898; 17
1670090756.574970; 232923; 17
1670090756.599970; 232948; 17
1670090756.624970; 232973; 17
1670090756.649970; 232998; 17
1670090756.674970; 233023; 17
1670090756.699966; 233048; 17
1670090756.724970; 233073; 17
1670090756.749970; 233098; 17
1670090756.774970; 233123; 17
1670090756.799970; 233148; 17
1670090756.824970; 233173; 17
1670090756.849970; 233198; 17
1670090756.874970; 233223; 17
1670090756.899970; 233248; 17
1670090756.924970; 233273; 17
1670090756.949970; 233298; 17
1670090756.974970; 233323; 17
1670090756.999970; 233348; 17
1670090757.024970; 233373; 18
1670090757.049967; 233398; 18
1670090757.074967; 233423; 18
1670090757.099967; 233448; 18
1670090757.124984; 233473; 19
1670090757.149970; 233498; 19
1670090757.174970; 233523; 19
1670090757.199966; 233548; 19
1670090757.224970; 233573; 19
1670090757.249970; 233598; 19
1670090757.274970; 233623; 19
1670090757.299970; 233648; 19
1670090757.324986; 233673; 19
1670090757.349966; 233698; 19
1670090757.374970; 233723; 19
1670090757.399966; 233748; 19
1670090757.424970; 233773; 19
1670090757.449970; 233798; 19
1670090757.474970; 233823; 19
1670090757.499970; 233848; 19
1670090757.524970; 233873; 20
1670090757.549970; 233898; 20
1670090757.574970; 233923; 20
1670090757.599970; 233948; 20
1670090757.624970; 233973; 20
1670090757.649970; 233998; 20
1670090757.674970; 234023; 20
1670090757.699966; 234048; 20
1670090757.724970; 234073; 21
1670090757.749970; 234098; 21
1670090757.774970; 234123; 21
1670090757.799970; 234148; 21
1670090757.824970; 234173; 21
1670090757.849970; 234198; 21
1670090757.874970; 234223; 21
1670090757.899970; 234248; 21
1670090757.924970; 234273; 21
1670090757.949970; 234298; 21
1670090757.974970; 234323; 21
1670090757.999966; 234348; 21
1670090758.024970; 234373; 22
1670090758.049967; 234398; 22
1670090758.074967; 234423; 22
1670090758.099967; 234448; 22
1670090758.124967; 234473; 23
1670090758.149979; 234498; 23
1670090758.174970; 234523; 23
1670090758.199970; 234548; 23
1670090758.224970; 234573; 23
1670090758.249970; 234598; 21
1670090758.274970; 234623; 21
1670090758.299970; 234648; 21
1670090758.324970; 234673; 21
1670090758.349968; 234698; 21
1670090758.374966; 234723; 21
1670090758.399970; 234748; 21
1670090758.424970; 234773; 21
1670090758.449970; 234798; 20
1670090758.474970; 234823; 20
1670090758.499970; 234848; 20
1670090758.524970; 234873; 20
1670090758.549970; 234898; 20
1670090758.574966; 234923; 20
1670090758.599970; 234948; 20
1670090758.624966; 234973; 20
1670090758.649970; 234998; 20
1670090758.674970; 235023; 20
1670090758.699966; 235048; 20
1670090758.724970; 235073; 20
1670090758.749970; 235098; 21
1670090758.774966; 235123; 21
1670090758.799970; 235148; 21
1670090758.824970; 235173; 21
1670090758.849970; 235198; 23
1670090758.874970; 235223; 23
1670090758.899970; 235248; 23
1670090758.924970; 235273; 23
1670090758.949970; 235298; 25
1670090758.974970; 235323; 25
1670090758.999970; 235348; 25
1670090759.024966; 235373; 25
1670090759.049971; 235398; 26
1670090759.074971; 235423; 26
1670090759.099971; 235448; 26
1670090759.124971; 235473; 26
1670090759.149966; 235498; 25
1670090759.174970; 235523; 25
1670090759.199966; 235548; 25
1670090759.224970; 235573; 25
1670090759.249970; 235598; 24
1670090759.274970; 235623; 24
1670090759.299970; 235648; 24
1670090759.324970; 235673; 24
1670090759.349970; 235698; 24
1670090759.374970; 235723; 25
1670090759.399970; 235748; 25
1670090759.424986; 235773; 25
1670090759.449970; 235798; 25
1670090759.474970; 235823; 26
1670090759.499970; 235848; 26
1670090759.524970; 235873; 26
1670090759.549970; 235898; 26
1670090759.574970; 235923; 26
1670090759.599966; 235948; 26
1670090759.624970; 235973; 26
1670090759.649970; 235998; 26
1670090759.674970; 236023; 26
1670090759.699966; 236048; 26
1670090759.724974; 236073; 26
1670090759.749971; 236098; 26
1670090759.774966; 236123; 26
1670090759.799970; 236148; 26
1670090759.824970; 236173; 26
1670090759.849970; 236198; 26
1670090759.874970; 236223; 27
1670090759.899970; 236248; 27
1670090759.924970; 236273; 27
1670090759.949970; 236298; 27
1670090759.974970; 236323; 28
1670090759.999966; 236348; 28
1670090760.024970; 236373; 28
1670090760.049967; 236398; 28
1670090760.074967; 236423; 29
1670090760.099967; 236448; 29
1670090760.124967; 236473; 29
1670090760.149970; 236498; 29
1670090760.174970; 236523; 29
1670090760.199966; 236548; 29
1670090760.224970; 236573; 29
1670090760.249970; 236598; 29
1670090760.274970; 236623; 29
1670090760.299970; 236648; 29
1670090760.324970; 236673; 29
1670090760.349970; 236698; 29
1670090760.374970; 236723; 27
1670090760.399970; 236748; 27
1670090760.424970; 236773; 27
1670090760.449970; 236798; 27
1670090760.474970; 236823; 27
1670090760.499970; 236848; 28
1670090760.524970; 236873; 28
1670090760.549970; 236898; 28
1670090760.574970; 236923; 28
1670090760.599970; 236948; 29
1670090760.624970; 236973; 29
1670090760.649970; 236998; 29
1670090760.674966; 237023; 29
1670090760.699966; 237048; 29
1670090760.724970; 237073; 29
1670090760.749970; 237098; 29
1670090760.774970; 237123; 29
1670090760.799970; 237148; 29
1670090760.824970; 237173; 29
1670090760.849970; 237198; 29
1670090760.874970; 237223; 29
1670090760.899970; 237248; 29
1670090760.924970; 237273; 29
1670090760.949970; 237298; 29
1670090760.974970; 237323; 29
1670090760.999970; 237348; 28
1670090761.024966; 237373; 28
1670090761.049971; 237398; 28
1670090761.074971; 237423; 28
1670090761.099971; 237448; 27
1670090761.124971; 237473; 27
1670090761.149966; 237498; 27
1670090761.174970; 237523; 27
1670090761.199966; 237548; 26
1670090761.224966; 237573; 26
1670090761.249970; 237598; 26
1670090761.274970; 237623; 26
1670090761.299970; 237648; 25
1670090761.324970; 237673; 25
1670090761.349970; 237698; 25
1670090761.374970; 237723; 25
1670090761.399970; 237748; 25
1670090761.424970; 237773; 25
1670090761.449970; 237798; 25
1670090761.474969; 237823; 25
1670090761.499970; 237848; 23
1670090761.524970; 237873; 23
1670090761.549970; 237898; 23
1670090761.574970; 237923; 23
1670090761.599970; 237948; 22
1670090761.624970; 237973; 22
1670090761.649966; 237998; 22
1670090761.674970; 238023; 22
1670090761.699966; 238048; 22
1670090761.724970; 238073; 23
1670090761.749970; 238098; 23
1670090761.774970; 238123; 23
1670090761.799970; 238148; 23
1670090761.824970; 238173; 23
1670090761.849970; 238198; 23
1670090761.874970; 238223; 23
1670090761.899970; 238248; 23
1670090761.924970; 238273; 23
1670090761.949970; 238298; 23
1670090761.974970; 238323; 23
1670090761.999970; 238348; 23
1670090762.024970; 238373; 23
1670090762.049971; 238398; 23
1670090762.074971; 238423; 23
1670090762.099971; 238448; 23
1670090762.124971; 238473; 23
1670090762.149966; 238498; 23
1670090762.174970; 238523; 23
1670090762.199966; 238548; 23
1670090762.224970; 238573; 23
1670090762.249966; 238598; 23
1670090762.274970; 238623; 23
1670090762.299970; 238648; 23
1670090762.324970; 238673; 24
1670090762.349970; 238698; 24
1670090762.374970; 238723; 24
1670090762.399970; 238748; 24
1670090762.424970; 238773; 25
1670090762.449980; 238798; 25
1670090762.474970; 238823; 25
1670090762.499970; 238848; 25
1670090762.524970; 238873; 24
1670090762.549970; 238898; 24
1670090762.574970; 238923; 24
1670090762.599970; 238948; 24
1670090762.624970; 238973; 25
1670090762.650000; 238998; 25
1670090762.674970; 239023; 25
1670090762.699966; 239048; 25
1670090762.724970; 239073; 25
1670090762.749970; 239098; 25
1670090762.774970; 239123; 25
1670090762.799970; 239148; 25
1670090762.824970; 239173; 25
1670090762.849970; 239198; 26
1670090762.874966; 239223; 26
1670090762.899970; 239248; 26
1670090762.924970; 239273; 26
1670090762.949970; 239298; 27
1670090762.974970; 239323; 27
1670090762.999970; 239348; 27
1670090763.024970; 239373; 27
1670090763.049980; 239398; 27
1670090763.074968; 239423; 27
1670090763.099967; 239448; 27
1670090763.124967; 239473; 27
1670090763.149970; 239498; 27
1670090763.174970; 239523; 27
1670090763.199966; 239548; 27
1670090763.224970; 239573; 27
1670090763.249970; 239598; 28
1670090763.274970; 239623; 28
1670090763.299970; 239648; 28
1670090763.324970; 239673; 28
1670090763.349970; 239698; 26
1670090763.374970; 239723; 26
1670090763.399970; 239748; 26
1670090763.424970; 239773; 26
1670090763.449970; 239798; 27
1670090763.474992; 239823; 27
1670090763.499966; 239848; 27
1670090763.524970; 239873; 27
1670090763.549970; 239898; 26
1670090763.574970; 239923; 26
1670090763.599970; 239948; 26
1670090763.624970; 239973; 26
1670090763.649970; 239998; 25
1670090763.674964; 240023; 25
1670090763.699970; 240048; 25
1670090763.724970; 240073; 25
1670090763.749970; 240098; 23
1670090763.774970; 240123; 23
1670090763.799970; 240148; 23
1670090763.824970; 240173; 23
1670090763.849970; 240198; 19
1670090763.874970; 240223; 19
1670090763.899966; 240248; 19
1670090763.924970; 240273; 19
1670090763.949970; 240298; 19
1670090763.974970; 240323; 19
1670090763.999970; 240348; 19
1670090764.024970; 240373; 19
1670090764.049967; 240398; 19
1670090764.074967; 240423; 20
1670090764.099971; 240448; 20
1670090764.124971; 240473; 20
1670090764.149966; 240498; 20
1670090764.174970; 240523; 20
1670090764.199966; 240548; 20
1670090764.224970; 240573; 20
1670090764.249989; 240598; 20
1670090764.274970; 240623; 20
1670090764.299966; 240648; 20
1670090764.324970; 240673; 20
1670090764.349970; 240698; 20
1670090764.374970; 240723; 20
1670090764.399970; 240748; 20
1670090764.424970; 240773; 20
1670090764.449970; 240798; 20
1670090764.474970; 240823; 19
1670090764.499968; 240848; 19
1670090764.524970; 240873; 19
1670090764.549970; 240898; 19
1670090764.574970; 240923; 20
1670090764.599970; 240948; 20
1670090764.624970; 240973; 20
1670090764.649970; 240998; 20
1670090764.674970; 241023; 20
1670090764.699966; 241048; 20
1670090764.724970; 241073; 20
1670090764.749970; 241098; 20
1670090764.774970; 241123; 20
1670090764.799970; 241148; 20
1670090764.824970; 241173; 20
1670090764.849970; 241198; 20
1670090764.874970; 241223; 20
1670090764.899970; 241248; 20
1670090764.924970; 241273; 20
1670090764.949970; 241298; 20
1670090764.974970; 241323; 20
1670090764.999970; 241348; 20
1670090765.024970; 241373; 20
1670090765.049967; 241398; 20
1670090765.074967; 241423; 20
1670090765.099967; 241448; 20
1670090765.124967; 241473; 20
1670090765.149970; 241498; 20
1670090765.174970; 241523; 20
1670090765.199966; 241548; 20
1670090765.224970; 241573; 20
1670090765.249970; 241598; 20
1670090765.274970; 241623; 20
1670090765.299970; 241648; 20
1670090765.324970; 241673; 20
1670090765.349970; 241698; 20
1670090765.374970; 241723; 20
1670090765.399970; 241748; 21
1670090765.424970; 241773; 21
1670090765.449970; 241798; 21
1670090765.474970; 241823; 21
1670090765.499970; 241848; 21
1670090765.524970; 241873; 21
1670090765.549970; 241898; 21
1670090765.574970; 241923; 21
1670090765.599970; 241948; 21
1670090765.624970; 241973; 21
1670090765.649970; 241998; 21
1670090765.674970; 242023; 21
1670090765.699966; 242048; 22
1670090765.724970; 242073; 22
1670090765.749966; 242098; 22
1670090765.774970; 242123; 22
1670090765.799970; 242148; 22
1670090765.824970; 242173; 22
1670090765.849970; 242198; 22
1670090765.874970; 242223; 22
1670090765.899970; 242248; 23
1670090765.924970; 242273; 23
1670090765.949966; 242298; 23
1670090765.974970; 242323; 23
1670090765.999970; 242348; 23
1670090766.024970; 242373; 23
1670090766.049967; 242398; 23
1670090766.074967; 242423; 23
1670090766.099967; 242448; 23
1670090766.124967; 242473; 23
1670090766.149970; 242498; 23
1670090766.174970; 242523; 23
1670090766.199966; 242548; 24
1670090766.224970; 242573; 24
1670090766.249970; 242598; 24
1670090766.274970; 242623; 24
1670090766.299970; 242648; 24
1670090766.324970; 242673; 24
1670090766.349975; 242698; 24
1670090766.374971; 242723; 24
1670090766.399970; 242748; 24
1670090766.424970; 242773; 25
1670090766.449970; 242798; 25
1670090766.474970; 242823; 25
1670090766.499970; 242848; 25
1670090766.524970; 242873; 26
1670090766.549971; 242898; 26
1670090766.574970; 242923; 26
1670090766.599970; 242948; 26
1670090766.624970; 242973; 27
1670090766.649970; 242998; 27
1670090766.674970; 243023; 27
1670090766.699966; 243048; 27
1670090766.724970; 243073; 27
1670090766.749970; 243098; 27
1670090766.774970; 243123; 27
1670090766.799966; 243148; 27
1670090766.824970; 243173; 27
1670090766.849970; 243198; 27
1670090766.874970; 243223; 27
1670090766.899970; 243248; 27
1670090766.924970; 243273; 28
1670090766.949970; 243298; 28
1670090766.974966; 243323; 28
1670090766.999970; 243348; 28
1670090767.024970; 243373; 30
1670090767.049967; 243398; 30
1670090767.074967; 243423; 30
1670090767.099967; 243448; 30
1670090767.124967; 243473; 29
1670090767.149970; 243498; 29
1670090767.174966; 243523; 29
1670090767.199966; 243548; 29
1670090767.224970; 243573; 30
1670090767.249970; 243598; 30
1670090767.274970; 243623; 30
1670090767.299970; 243648; 30
1670090767.324970; 243673; 27
1670090767.349970; 243698; 27
1670090767.374970; 243723; 27
1670090767.399970; 243748; 27
1670090767.424970; 243773; 29
1670090767.449970; 243798; 29
1670090767.474970; 243823; 29
1670090767.499970; 243848; 29
1670090767.524970; 243873; 29
1670090767.549970; 243898; 29
1670090767.574970; 243923; 29
1670090767.599970; 243948; 29
1670090767.624970; 243973; 29
1670090767.649970; 243998; 29
1670090767.674970; 244023; 29
1670090767.699966; 244048; 29
1670090767.724970; 244073; 29
1670090767.749970; 244098; 24
1670090767.774991; 244123; 24
1670090767.799970; 244148; 24
1670090767.824970; 244173; 24
1670090767.849970; 244198; 19
1670090767.874970; 244223; 19
1670090767.899970; 244248; 19
1670090767.924970; 244273; 19
1670090767.949970; 244298; 16
1670090767.974988; 244323; 16
1670090767.999970; 244348; 16
1670090768.024970; 244373; 16
1670090768.049971; 244398; 15
1670090768.074971; 244423; 15
1670090768.099971; 244448; 15
1670090768.124971; 244473; 15
1670090768.149966; 244498; 15
1670090768.174970; 244523; 15
1670090768.199966; 244548; 15
1670090768.224970; 244573; 15
1670090768.249970; 244598; 15
1670090768.274970; 244623; 15
1670090768.299970; 244648; 15
1670090768.324970; 244673; 15
1670090768.349970; 244698; 16
1670090768.374970; 244723; 16
1670090768.399970; 244748; 16
1670090768.424970; 244773; 16
1670090768.449970; 244798; 17
1670090768.474970; 244823; 17
1670090768.499970; 244848; 17
1670090768.524970; 244873; 17
1670090768.549970; 244898; 17
1670090768.574970; 244923; 17
1670090768.599970; 244948; 17
1670090768.624970; 244973; 17
1670090768.649970; 244998; 17
1670090768.674970; 245023; 16
1670090768.699966; 245048; 16
1670090768.724970; 245073; 16
1670090768.749970; 245098; 16
1670090768.774970; 245123; 16
1670090768.799966; 245148; 16
1670090768.824970; 245173; 16
1670090768.849966; 245198; 16
1670090768.874970; 245223; 16
1670090768.899970; 245248; 16
1670090768.924970; 245273; 16
1670090768.949970; 245298; 16
1670090768.974970; 245323; 17
1670090768.999967; 245348; 17
1670090769.024970; 245373; 17
1670090769.049967; 245398; 17
1670090769.074967; 245423; 17
1670090769.099967; 245448; 17
1670090769.124971; 245473; 17
1670090769.149966; 245498; 17
1670090769.174970; 245523; 17
1670090769.199966; 245548; 17
1670090769.224966; 245573; 17
1670090769.249970; 245598; 17
1670090769.274970; 245623; 17
1670090769.299970; 245648; 17
1670090769.324970; 245673; 17
1670090769.349970; 245698; 17
1670090769.374970; 245723; 18
1670090769.399970; 245748; 18
1670090769.424966; 245773; 18
1670090769.449970; 245798; 18
1670090769.474970; 245823; 18
1670090769.499970; 245848; 18
1670090769.524970; 245873; 18
1670090769.549970; 245898; 18
1670090769.574970; 245923; 17
1670090769.599970; 245948; 17
1670090769.624970; 245973; 17
1670090769.649974; 245998; 17
1670090769.674971; 246023; 17
1670090769.699970; 246048; 17
1670090769.724970; 246073; 17
1670090769.749970; 246098; 17
1670090769.774970; 246123; 18
1670090769.799970; 246148; 18
1670090769.824970; 246173; 18
1670090769.849970; 246198; 18
1670090769.874970; 246223; 18
1670090769.899970; 246248; 18
1670090769.924966; 246273; 18
1670090769.949970; 246298; 18
1670090769.974970; 246323; 18
1670090769.999970; 246348; 18
1670090770.024970; 246373; 18
