1670090323.849637; 732522; 22
1670090323.873672; 732547; 22
1670090323.898675; 732572; 22
1670090323.923675; 732597; 22
1670090323.948675; 732622; 23
1670090323.973705; 732647; 23
1670090323.998671; 732672; 23
1670090324.023675; 732697; 23
1670090324.048671; 732722; 24
1670090324.073675; 732747; 24
1670090324.098672; 732772; 24
1670090324.123671; 732797; 24
1670090324.148675; 732822; 24
1670090324.173692; 732847; 24
1670090324.198671; 732872; 24
1670090324.223670; 732897; 24
1670090324.248669; 732922; 24
1670090324.273674; 732947; 24
1670090324.298671; 732972; 24
1670090324.323669; 732997; 24
1670090324.348669; 733022; 24
1670090324.503619; 733176; 24
1670090324.527676; 733201; 24
1670090324.552675; 733226; 25
1670090324.577675; 733251; 25
1670090324.602674; 733276; 25
1670090324.627671; 733301; 25
1670090324.652670; 733326; 24
1670090324.677670; 733351; 24
1670090324.702674; 733376; 24
1670090324.727671; 733401; 24
1670090324.752670; 733426; 24
1670090324.777670; 733451; 24
1670090324.802675; 733476; 24
1670090324.827680; 733501; 24
1670090324.852676; 733526; 25
1670090324.877670; 733551; 25
1670090324.902669; 733576; 25
1670090324.927683; 733601; 25
1670090324.952676; 733626; 25
1670090324.977675; 733651; 25
1670090325.002675; 733676; 25
1670090325.027675; 733701; 25
1670090325.052672; 733726; 26
1670090325.077671; 733751; 26
1670090325.102676; 733776; 26
1670090325.127674; 733801; 26
1670090325.152671; 733826; 27
1670090325.177669; 733851; 27
1670090325.202697; 733876; 27
1670090325.227674; 733901; 27
1670090325.252676; 733926; 27
1670090325.277675; 733951; 27
1670090325.302675; 733976; 27
1670090325.327683; 734001; 27
1670090325.352676; 734026; 27
1670090325.377669; 734051; 27
1670090325.402696; 734076; 27
1670090325.427674; 734101; 27
1670090325.452671; 734126; 27
1670090325.477670; 734151; 28
1670090325.502670; 734176; 28
1670090325.527674; 734201; 28
1670090325.552671; 734226; 28
1670090325.577669; 734251; 30
1670090325.602669; 734276; 30
1670090325.627675; 734301; 30
1670090325.652680; 734326; 30
1670090325.677671; 734351; 30
1670090325.702669; 734376; 30
1670090325.727669; 734401; 30
1670090325.752683; 734426; 30
1670090325.777676; 734451; 31
1670090325.802675; 734476; 31
1670090325.827669; 734501; 31
1670090325.852674; 734526; 31
1670090325.877671; 734551; 33
1670090325.902670; 734576; 33
1670090325.927670; 734601; 33
1670090325.952674; 734626; 33
1670090325.977671; 734651; 30
1670090326.002669; 734676; 30
1670090326.027671; 734701; 30
1670090326.052675; 734726; 30
1670090326.077672; 734751; 29
1670090326.102671; 734776; 29
1670090326.127669; 734801; 29
1670090326.152683; 734826; 29
1670090326.177676; 734851; 30
1670090326.202675; 734876; 30
1670090326.227672; 734901; 30
1670090326.252674; 734926; 30
1670090326.277671; 734951; 31
1670090326.302669; 734976; 31
1670090326.327669; 735001; 31
1670090326.352673; 735026; 31
1670090326.377677; 735051; 31
1670090326.402669; 735076; 30
1670090326.427676; 735101; 30
1670090326.452675; 735126; 30
1670090326.477684; 735151; 30
1670090326.502671; 735176; 31
1670090326.527669; 735201; 31
1670090326.552669; 735226; 31
1670090326.577683; 735251; 31
1670090326.602676; 735276; 29
1670090326.627675; 735301; 29
1670090326.652669; 735326; 29
1670090326.677674; 735351; 29
1670090326.702671; 735376; 30
1670090326.727669; 735401; 30
1670090326.752669; 735426; 30
1670090326.777674; 735451; 30
1670090326.802671; 735476; 28
1670090326.827669; 735501; 28
1670090326.852669; 735526; 28
1670090326.877674; 735551; 28
1670090326.902676; 735576; 23
1670090326.927675; 735601; 23
1670090326.952675; 735626; 23
1670090326.977678; 735651; 23
1670090327.002671; 735676; 20
1670090327.027676; 735701; 20
1670090327.052676; 735726; 20
1670090327.077675; 735751; 20
1670090327.102672; 735776; 19
1670090327.127675; 735801; 19
1670090327.152675; 735826; 19
1670090327.177673; 735851; 19
1670090327.202672; 735876; 20
1670090327.227675; 735901; 20
1670090327.252675; 735926; 20
1670090327.277675; 735951; 20
1670090327.302674; 735976; 21
1670090327.327671; 736001; 21
1670090327.352669; 736026; 21
1670090327.377675; 736051; 21
1670090327.402683; 736076; 21
1670090327.427676; 736101; 21
1670090327.452675; 736126; 21
1670090327.477675; 736151; 21
1670090327.502679; 736176; 21
1670090327.527676; 736201; 21
1670090327.552675; 736226; 21
1670090327.577675; 736251; 21
1670090327.602680; 736276; 21
1670090327.627676; 736301; 21
1670090327.652675; 736326; 21
1670090327.677675; 736351; 21
1670090327.702680; 736376; 21
1670090327.727676; 736401; 22
1670090327.752675; 736426; 22
1670090327.777675; 736451; 22
1670090327.802683; 736476; 22
1670090327.827676; 736501; 22
1670090327.852675; 736526; 22
1670090327.877669; 736551; 22
1670090327.902674; 736576; 22
1670090327.927671; 736601; 22
1670090327.952669; 736626; 22
1670090327.977669; 736651; 22
1670090328.002670; 736676; 22
1670090328.027681; 736701; 23
1670090328.052677; 736726; 23
1670090328.077676; 736751; 23
1670090328.102676; 736776; 23
1670090328.127680; 736801; 24
1670090328.152676; 736826; 24
1670090328.177675; 736851; 24
1670090328.202675; 736876; 24
1670090328.227678; 736901; 25
1670090328.252671; 736926; 25
1670090328.277675; 736951; 25
1670090328.302675; 736976; 25
1670090328.327680; 737001; 25
1670090328.352676; 737026; 25
1670090328.377670; 737051; 25
1670090328.402669; 737076; 25
1670090328.427674; 737101; 25
1670090328.452671; 737126; 25
1670090328.477669; 737151; 25
1670090328.502669; 737176; 25
1670090328.527674; 737201; 26
1670090328.552671; 737226; 26
1670090328.577669; 737251; 26
1670090328.602669; 737276; 26
1670090328.627683; 737301; 27
1670090328.652676; 737326; 27
1670090328.677675; 737351; 27
1670090328.702675; 737376; 27
1670090328.727680; 737401; 27
1670090328.752676; 737426; 27
1670090328.777675; 737451; 27
1670090328.802675; 737476; 27
1670090328.827675; 737501; 27
1670090328.852679; 737526; 27
1670090328.877671; 737551; 27
1670090328.902670; 737576; 27
1670090328.927669; 737601; 27
1670090328.952680; 737626; 27
1670090328.977676; 737651; 27
1670090329.002675; 737676; 27
1670090329.027671; 737701; 27
1670090329.052684; 737726; 28
1670090329.077677; 737751; 28
1670090329.102676; 737776; 28
1670090329.127669; 737801; 28
1670090329.152674; 737826; 29
1670090329.177671; 737851; 29
1670090329.202669; 737876; 29
1670090329.227669; 737901; 29
1670090329.252674; 737926; 29
1670090329.277671; 737951; 29
1670090329.302675; 737976; 29
1670090329.327675; 738001; 29
1670090329.352680; 738026; 30
1670090329.377671; 738051; 30
1670090329.402669; 738076; 30
1670090329.427669; 738101; 30
1670090329.452678; 738126; 30
1670090329.477671; 738151; 30
1670090329.502669; 738176; 30
1670090329.527675; 738201; 30
1670090329.552673; 738226; 30
1670090329.577672; 738251; 30
1670090329.602675; 738276; 30
1670090329.627675; 738301; 30
1670090329.652675; 738326; 32
1670090329.677674; 738351; 32
1670090329.702682; 738376; 32
1670090329.727675; 738401; 32
1670090329.752675; 738426; 32
1670090329.777680; 738451; 32
1670090329.802676; 738476; 32
1670090329.827675; 738501; 32
1670090329.852675; 738526; 32
1670090329.877678; 738551; 33
1670090329.902671; 738576; 33
1670090329.927675; 738601; 33
1670090329.952675; 738626; 33
1670090329.977680; 738651; 34
1670090330.002676; 738676; 34
1670090330.027671; 738701; 34
1670090330.052676; 738726; 34
1670090330.077681; 738751; 35
1670090330.102672; 738776; 35
1670090330.127670; 738801; 35
1670090330.152669; 738826; 35
1670090330.177680; 738851; 35
1670090330.202676; 738876; 35
1670090330.227675; 738901; 35
1670090330.252675; 738926; 35
1670090330.277678; 738951; 36
1670090330.302671; 738976; 36
1670090330.327670; 739001; 36
1670090330.352669; 739026; 36
1670090330.377673; 739051; 36
1670090330.402672; 739076; 36
1670090330.427675; 739101; 36
1670090330.452675; 739126; 36
1670090330.477675; 739151; 37
1670090330.502674; 739176; 37
1670090330.527701; 739201; 37
1670090330.552675; 739226; 37
1670090330.577669; 739251; 38
1670090330.602674; 739276; 38
1670090330.627671; 739301; 38
1670090330.652669; 739326; 38
1670090330.677669; 739351; 38
1670090330.702678; 739376; 38
1670090330.727712; 739401; 38
1670090330.752670; 739426; 38
1670090330.777669; 739451; 39
1670090330.802674; 739476; 39
1670090330.827671; 739501; 39
1670090330.852669; 739526; 39
1670090330.877669; 739551; 41
1670090330.902674; 739576; 41
1670090330.927671; 739601; 41
1670090330.952669; 739626; 41
1670090330.977670; 739651; 42
1670090331.002680; 739676; 42
1670090331.027672; 739701; 42
1670090331.052671; 739726; 42
1670090331.077676; 739751; 42
1670090331.102684; 739776; 43
1670090331.127671; 739801; 43
1670090331.152669; 739826; 43
1670090331.177670; 739851; 43
1670090331.202670; 739876; 42
1670090331.227674; 739901; 42
1670090331.252671; 739926; 42
1670090331.277669; 739951; 42
1670090331.302669; 739976; 43
1670090331.327674; 740001; 43
1670090331.352676; 740026; 43
1670090331.377669; 740051; 43
1670090331.402669; 740076; 46
1670090331.427674; 740101; 46
1670090331.452671; 740126; 46
1670090331.477669; 740151; 46
1670090331.502669; 740176; 50
1670090331.527678; 740201; 50
1670090331.552673; 740226; 50
1670090331.577675; 740251; 50
1670090331.602675; 740276; 47
1670090331.627679; 740301; 47
1670090331.652676; 740326; 47
1670090331.677675; 740351; 47
1670090331.702675; 740376; 49
1670090331.727680; 740401; 49
1670090331.752678; 740426; 49
1670090331.777675; 740451; 49
1670090331.802694; 740476; 45
1670090331.827680; 740501; 45
1670090331.852676; 740526; 45
1670090331.877669; 740551; 45
1670090331.902670; 740576; 44
1670090331.927683; 740601; 44
1670090331.952676; 740626; 44
1670090331.977675; 740651; 44
1670090332.002675; 740676; 39
1670090332.027671; 740701; 39
1670090332.052681; 740726; 39
1670090332.077677; 740751; 39
1670090332.102676; 740776; 32
1670090332.127670; 740801; 32
1670090332.152674; 740826; 32
1670090332.177671; 740851; 32
1670090332.202669; 740876; 32
1670090332.227669; 740901; 31
1670090332.252674; 740926; 31
1670090332.277671; 740951; 31
1670090332.302669; 740976; 31
1670090332.327669; 741001; 31
1670090332.352683; 741026; 31
1670090332.377676; 741051; 31
1670090332.402675; 741076; 31
1670090332.427675; 741101; 31
1670090332.452680; 741126; 31
1670090332.477676; 741151; 31
1670090332.502675; 741176; 31
1670090332.527675; 741201; 32
1670090332.552680; 741226; 32
1670090332.577679; 741251; 32
1670090332.602669; 741276; 32
1670090332.627675; 741301; 33
1670090332.652680; 741326; 33
1670090332.677676; 741351; 33
1670090332.702675; 741376; 33
1670090332.727675; 741401; 34
1670090332.752677; 741426; 34
1670090332.777677; 741451; 34
1670090332.802675; 741476; 34
1670090332.827675; 741501; 34
1670090332.852675; 741526; 34
1670090332.877674; 741551; 34
1670090332.902671; 741576; 34
1670090332.927669; 741601; 32
1670090332.952670; 741626; 32
1670090332.977674; 741651; 32
1670090333.002671; 741676; 32
1670090333.027676; 741701; 31
1670090333.052676; 741726; 31
1670090333.077681; 741751; 31
1670090333.102672; 741776; 31
1670090333.127675; 741801; 31
1670090333.152675; 741826; 31
1670090333.177678; 741851; 31
1670090333.202671; 741876; 31
1670090333.227670; 741901; 31
1670090333.252669; 741926; 31
1670090333.277674; 741951; 31
1670090333.302676; 741976; 31
1670090333.327675; 742001; 31
1670090333.352675; 742026; 31
1670090333.377674; 742051; 31
1670090333.402671; 742076; 31
1670090333.427669; 742101; 31
1670090333.452670; 742126; 31
1670090333.477674; 742151; 31
1670090333.502671; 742176; 31
1670090333.527669; 742201; 31
1670090333.552670; 742226; 31
1670090333.577677; 742251; 31
1670090333.602677; 742276; 31
1670090333.627670; 742301; 31
1670090333.652669; 742326; 30
1670090333.677670; 742351; 30
1670090333.702674; 742376; 30
1670090333.727671; 742401; 30
1670090333.752669; 742426; 29
1670090333.777669; 742451; 29
1670090333.802674; 742476; 29
1670090333.827676; 742501; 29
1670090333.852675; 742526; 31
1670090333.877669; 742551; 31
1670090333.902674; 742576; 31
1670090333.927671; 742601; 31
1670090333.952669; 742626; 31
1670090333.977669; 742651; 31
1670090334.002683; 742676; 31
1670090334.027672; 742701; 31
1670090334.052671; 742726; 30
1670090334.077671; 742751; 30
1670090334.102681; 742776; 30
1670090334.127671; 742801; 30
1670090334.152669; 742826; 30
1670090334.177669; 742851; 30
1670090334.202674; 742876; 30
1670090334.227671; 742901; 30
1670090334.252669; 742926; 28
1670090334.277669; 742951; 28
1670090334.302674; 742976; 28
1670090334.327671; 743001; 28
1670090334.352669; 743026; 27
1670090334.377675; 743051; 27
1670090334.402675; 743076; 27
1670090334.427678; 743101; 27
1670090334.452671; 743126; 26
1670090334.477669; 743151; 26
1670090334.502669; 743176; 26
1670090334.527674; 743201; 26
1670090334.552671; 743226; 26
1670090334.577669; 743251; 23
1670090334.602670; 743276; 23
1670090334.627679; 743301; 23
1670090334.652676; 743326; 23
1670090334.677675; 743351; 22
1670090334.702675; 743376; 22
1670090334.727680; 743401; 22
1670090334.752676; 743426; 22
1670090334.777675; 743451; 22
1670090334.802675; 743476; 22
1670090334.827683; 743501; 22
1670090334.852676; 743526; 22
1670090334.877669; 743551; 21
1670090334.902669; 743576; 21
1670090334.927674; 743601; 21
1670090334.952671; 743626; 21
1670090334.977670; 743651; 21
1670090335.002669; 743676; 21
1670090335.027689; 743701; 21
1670090335.052677; 743726; 21
1670090335.077676; 743751; 21
1670090335.102676; 743776; 21
1670090335.127674; 743801; 21
1670090335.152671; 743826; 21
1670090335.177669; 743851; 21
1670090335.202670; 743876; 21
1670090335.227669; 743901; 21
1670090335.252678; 743926; 21
1670090335.277671; 743951; 21
1670090335.302670; 743976; 21
1670090335.327670; 744001; 21
1670090335.352674; 744026; 21
1670090335.377676; 744051; 22
1670090335.402675; 744076; 22
1670090335.427675; 744101; 22
1670090335.452674; 744126; 22
1670090335.477671; 744151; 23
1670090335.502669; 744176; 23
1670090335.527669; 744201; 23
1670090335.552674; 744226; 23
1670090335.577671; 744251; 23
1670090335.602669; 744276; 23
1670090335.627669; 744301; 23
1670090335.652683; 744326; 23
1670090335.677676; 744351; 23
1670090335.702675; 744376; 24
1670090335.727675; 744401; 24
1670090335.752680; 744426; 24
1670090335.777676; 744451; 24
1670090335.802675; 744476; 24
1670090335.827675; 744501; 24
1670090335.852700; 744526; 24
1670090335.877671; 744551; 24
1670090335.902669; 744576; 25
1670090335.927670; 744601; 25
1670090335.952673; 744626; 25
1670090335.977672; 744651; 25
1670090336.002675; 744676; 25
1670090336.027671; 744701; 25
1670090336.052678; 744726; 25
1670090336.077679; 744751; 25
1670090336.102672; 744776; 25
1670090336.127675; 744801; 25
1670090336.152675; 744826; 25
1670090336.177680; 744851; 25
1670090336.202676; 744876; 25
1670090336.227675; 744901; 25
1670090336.252675; 744926; 25
1670090336.277674; 744951; 25
1670090336.302671; 744976; 26
1670090336.327669; 745001; 26
1670090336.352669; 745026; 26
1670090336.377680; 745051; 26
1670090336.402676; 745076; 25
1670090336.427675; 745101; 25
1670090336.452675; 745126; 25
1670090336.477683; 745151; 25
1670090336.502676; 745176; 26
1670090336.527675; 745201; 26
1670090336.552675; 745226; 26
1670090336.577680; 745251; 26
1670090336.602676; 745276; 26
1670090336.627675; 745301; 26
1670090336.652675; 745326; 26
1670090336.677679; 745351; 26
1670090336.702676; 745376; 26
1670090336.727675; 745401; 26
1670090336.752675; 745426; 26
1670090336.777673; 745451; 26
1670090336.802672; 745476; 26
1670090336.827675; 745501; 26
1670090336.852675; 745526; 26
1670090336.877672; 745551; 26
1670090336.902678; 745576; 26
1670090336.927676; 745601; 26
1670090336.952675; 745626; 26
1670090336.977675; 745651; 26
1670090337.002680; 745676; 26
1670090337.027672; 745701; 26
1670090337.052671; 745726; 26
1670090337.077679; 745751; 26
1670090337.102681; 745776; 26
1670090337.127671; 745801; 25
1670090337.152669; 745826; 25
1670090337.177670; 745851; 25
1670090337.202674; 745876; 25
1670090337.227671; 745901; 25
1670090337.252670; 745926; 25
1670090337.277669; 745951; 25
1670090337.302683; 745976; 25
1670090337.327676; 746001; 27
1670090337.352670; 746026; 27
1670090337.377675; 746051; 27
1670090337.402680; 746076; 27
1670090337.427676; 746101; 29
1670090337.452675; 746126; 29
1670090337.477675; 746151; 29
1670090337.502674; 746176; 29
1670090337.527671; 746201; 29
1670090337.552670; 746226; 29
1670090337.577670; 746251; 29
1670090337.602670; 746276; 29
1670090337.627674; 746301; 30
1670090337.652671; 746326; 30
1670090337.677669; 746351; 30
1670090337.702669; 746376; 30
1670090337.727683; 746401; 30
1670090337.752671; 746426; 30
1670090337.777669; 746451; 30
1670090337.802670; 746476; 30
1670090337.827674; 746501; 31
1670090337.852671; 746526; 31
1670090337.877669; 746551; 31
1670090337.902675; 746576; 31
1670090337.927680; 746601; 32
1670090337.952676; 746626; 32
1670090337.977675; 746651; 32
1670090338.002675; 746676; 32
1670090338.027675; 746701; 32
1670090338.052672; 746726; 31
1670090338.077671; 746751; 31
1670090338.102676; 746776; 31
1670090338.127678; 746801; 31
1670090338.152676; 746826; 32
1670090338.177675; 746851; 32
1670090338.202675; 746876; 32
1670090338.227680; 746901; 32
1670090338.252676; 746926; 33
1670090338.277675; 746951; 33
1670090338.302675; 746976; 33
1670090338.327680; 747001; 33
1670090338.352676; 747026; 35
1670090338.377669; 747051; 35
1670090338.402669; 747076; 35
1670090338.427669; 747101; 35
1670090338.452674; 747126; 35
1670090338.477671; 747151; 35
1670090338.502669; 747176; 35
1670090338.527669; 747201; 35
1670090338.552683; 747226; 32
1670090338.577671; 747251; 32
1670090338.602670; 747276; 32
1670090338.627670; 747301; 32
1670090338.652674; 747326; 32
1670090338.677671; 747351; 32
1670090338.702669; 747376; 32
1670090338.727669; 747401; 32
1670090338.752674; 747426; 34
1670090338.777671; 747451; 34
1670090338.802669; 747476; 34
1670090338.827670; 747501; 34
1670090338.852674; 747526; 34
1670090338.877671; 747551; 34
1670090338.902669; 747576; 34
1670090338.927670; 747601; 34
1670090338.952683; 747626; 35
1670090338.977676; 747651; 35
1670090339.002675; 747676; 35
1670090339.027671; 747701; 35
1670090339.052681; 747726; 33
1670090339.077672; 747751; 33
1670090339.102671; 747776; 33
1670090339.127670; 747801; 33
1670090339.152678; 747826; 33
1670090339.177677; 747851; 27
1670090339.202669; 747876; 27
1670090339.227669; 747901; 27
1670090339.252670; 747926; 27
1670090339.277674; 747951; 22
1670090339.302671; 747976; 22
1670090339.327669; 748001; 22
1670090339.352669; 748026; 22
1670090339.377683; 748051; 21
1670090339.402671; 748076; 21
1670090339.427669; 748101; 21
1670090339.452670; 748126; 21
1670090339.477674; 748151; 22
1670090339.502671; 748176; 22
1670090339.527670; 748201; 22
1670090339.552675; 748226; 22
1670090339.577679; 748251; 23
1670090339.602676; 748276; 23
1670090339.627675; 748301; 23
1670090339.652675; 748326; 23
1670090339.677680; 748351; 22
1670090339.702676; 748376; 22
1670090339.727675; 748401; 22
1670090339.752675; 748426; 22
1670090339.777678; 748451; 23
1670090339.802671; 748476; 23
1670090339.827669; 748501; 23
1670090339.852669; 748526; 23
1670090339.877674; 748551; 22
1670090339.902671; 748576; 22
1670090339.927669; 748601; 22
1670090339.952669; 748626; 22
1670090339.977673; 748651; 22
1670090340.002672; 748676; 22
1670090340.027671; 748701; 22
1670090340.052676; 748726; 22
1670090340.077676; 748751; 23
1670090340.102681; 748776; 23
1670090340.127671; 748801; 23
1670090340.152678; 748826; 23
1670090340.177670; 748851; 23
1670090340.202678; 748876; 23
1670090340.227671; 748901; 23
1670090340.252669; 748926; 23
1670090340.277669; 748951; 22
1670090340.302674; 748976; 22
1670090340.327671; 749001; 22
1670090340.352692; 749026; 22
1670090340.377670; 749051; 22
1670090340.402674; 749076; 23
1670090340.427671; 749101; 23
1670090340.452670; 749126; 23
1670090340.477669; 749151; 23
1670090340.502674; 749176; 24
1670090340.527671; 749201; 24
1670090340.552670; 749226; 24
1670090340.577675; 749251; 24
1670090340.602683; 749276; 25
1670090340.627671; 749301; 25
1670090340.652669; 749326; 25
1670090340.677670; 749351; 25
1670090340.702674; 749376; 24
1670090340.727671; 749401; 24
1670090340.752669; 749426; 24
1670090340.777675; 749451; 24
1670090340.802675; 749476; 24
1670090340.827680; 749501; 24
1670090340.852676; 749526; 24
1670090340.877669; 749551; 24
1670090340.902669; 749576; 24
1670090340.927674; 749601; 24
1670090340.952671; 749626; 24
1670090340.977675; 749651; 24
1670090341.002675; 749676; 24
1670090341.027679; 749701; 24
1670090341.052672; 749726; 24
1670090341.077671; 749751; 24
1670090341.102671; 749776; 26
1670090341.127674; 749801; 26
1670090341.152671; 749826; 26
1670090341.177710; 749851; 26
1670090341.202675; 749876; 27
1670090341.227680; 749901; 27
1670090341.252676; 749926; 27
1670090341.277675; 749951; 27
1670090341.302675; 749976; 27
1670090341.327679; 750001; 27
1670090341.352676; 750026; 27
1670090341.377683; 750051; 27
1670090341.402669; 750076; 28
1670090341.427678; 750101; 28
1670090341.452676; 750126; 28
1670090341.477675; 750151; 28
1670090341.502675; 750176; 28
1670090341.527680; 750201; 30
1670090341.552676; 750226; 30
1670090341.577675; 750251; 30
1670090341.602669; 750276; 30
1670090341.627669; 750301; 33
1670090341.652674; 750326; 33
1670090341.677671; 750351; 33
1670090341.702670; 750376; 33
1670090341.727669; 750401; 31
1670090341.752674; 750426; 31
1670090341.777671; 750451; 31
1670090341.802675; 750476; 31
1670090341.827675; 750501; 30
1670090341.852683; 750526; 30
1670090341.877671; 750551; 30
1670090341.902669; 750576; 30
1670090341.927669; 750601; 29
1670090341.952674; 750626; 29
1670090341.977671; 750651; 29
1670090342.002669; 750676; 29
1670090342.027676; 750701; 27
1670090342.052681; 750726; 27
1670090342.077672; 750751; 27
1670090342.102671; 750776; 27
1670090342.127675; 750801; 27
1670090342.152679; 750826; 27
1670090342.177676; 750851; 27
1670090342.202678; 750876; 27
1670090342.227669; 750901; 26
1670090342.252678; 750926; 26
1670090342.277671; 750951; 26
1670090342.302669; 750976; 26
1670090342.327669; 751001; 25
1670090342.352678; 751026; 25
1670090342.377672; 751051; 25
1670090342.402673; 751076; 25
1670090342.427669; 751101; 25
1670090342.452669; 751126; 25
1670090342.477674; 751151; 25
1670090342.502671; 751176; 25
1670090342.527670; 751201; 25
1670090342.552669; 751226; 25
1670090342.577674; 751251; 25
1670090342.602671; 751276; 25
1670090342.627675; 751301; 24
1670090342.652675; 751326; 24
1670090342.677678; 751351; 24
1670090342.702671; 751376; 24
1670090342.727669; 751401; 24
1670090342.752669; 751426; 23
1670090342.777674; 751451; 23
1670090342.802671; 751476; 23
1670090342.827675; 751501; 23
1670090342.852675; 751526; 22
1670090342.877674; 751551; 22
1670090342.902671; 751576; 22
1670090342.927670; 751601; 22
1670090342.952669; 751626; 21
1670090342.977674; 751651; 21
1670090343.002671; 751676; 21
1670090343.027671; 751701; 21
1670090343.052676; 751726; 21
1670090343.077679; 751751; 21
1670090343.102672; 751776; 21
1670090343.127675; 751801; 21
1670090343.152675; 751826; 22
1670090343.177673; 751851; 22
1670090343.202672; 751876; 22
1670090343.227669; 751901; 22
1670090343.252670; 751926; 22
1670090343.277670; 751951; 22
1670090343.302674; 751976; 22
1670090343.327671; 752001; 22
1670090343.352669; 752026; 23
1670090343.377675; 752051; 23
1670090343.402680; 752076; 23
1670090343.427679; 752101; 23
1670090343.452669; 752126; 23
1670090343.477672; 752151; 23
1670090343.502683; 752176; 23
1670090343.527676; 752201; 23
1670090343.552675; 752226; 23
1670090343.577675; 752251; 23
1670090343.602679; 752276; 23
1670090343.627676; 752301; 23
1670090343.652675; 752326; 23
1670090343.677675; 752351; 23
1670090343.702679; 752376; 23
1670090343.727676; 752401; 23
1670090343.752675; 752426; 23
1670090343.777675; 752451; 23
1670090343.802680; 752476; 23
1670090343.827676; 752501; 23
1670090343.852675; 752526; 23
1670090343.877670; 752551; 24
1670090343.902683; 752576; 24
1670090343.927676; 752601; 24
1670090343.952675; 752626; 24
1670090343.977675; 752651; 24
1670090344.002675; 752676; 24
1670090344.027675; 752701; 24
1670090344.052672; 752726; 24
1670090344.077671; 752751; 23
1670090344.102674; 752776; 23
1670090344.127680; 752801; 23
1670090344.152676; 752826; 23
1670090344.177675; 752851; 24
1670090344.202675; 752876; 24
1670090344.227680; 752901; 24
1670090344.252676; 752926; 24
1670090344.277675; 752951; 24
1670090344.302669; 752976; 24
1670090344.327678; 753001; 24
1670090344.352671; 753026; 24
1670090344.377675; 753051; 25
1670090344.402675; 753076; 25
1670090344.427680; 753101; 25
1670090344.452676; 753126; 25
1670090344.477670; 753151; 25
1670090344.502669; 753176; 25
1670090344.527674; 753201; 25
1670090344.552671; 753226; 25
1670090344.577669; 753251; 25
1670090344.602669; 753276; 25
1670090344.627674; 753301; 25
1670090344.652671; 753326; 25
1670090344.677669; 753351; 25
1670090344.702670; 753376; 25
1670090344.727678; 753401; 25
1670090344.752671; 753426; 25
1670090344.777670; 753451; 26
1670090344.802670; 753476; 26
1670090344.827669; 753501; 26
1670090344.852674; 753526; 26
1670090344.877671; 753551; 27
1670090344.902669; 753576; 27
1670090344.927669; 753601; 27
1670090344.952674; 753626; 27
1670090344.977671; 753651; 27
1670090345.002670; 753676; 27
1670090345.027676; 753701; 27
1670090345.052681; 753726; 27
1670090345.077677; 753751; 27
1670090345.102676; 753776; 27
1670090345.127675; 753801; 27
1670090345.152678; 753826; 27
1670090345.177671; 753851; 27
1670090345.202669; 753876; 28
1670090345.227669; 753901; 28
1670090345.252674; 753926; 28
1670090345.277671; 753951; 28
1670090345.302669; 753976; 28
1670090345.327669; 754001; 28
1670090345.352674; 754026; 28
1670090345.377676; 754051; 28
1670090345.402675; 754076; 29
1670090345.427675; 754101; 29
1670090345.452680; 754126; 29
1670090345.477684; 754151; 29
1670090345.502675; 754176; 29
1670090345.527675; 754201; 29
1670090345.552682; 754226; 29
1670090345.577672; 754251; 29
1670090345.602675; 754276; 30
1670090345.627675; 754301; 30
1670090345.652675; 754326; 30
1670090345.677715; 754351; 30
1670090345.702676; 754376; 28
1670090345.727675; 754401; 28
1670090345.752675; 754426; 28
1670090345.777680; 754451; 28
1670090345.802676; 754476; 29
1670090345.827675; 754501; 29
1670090345.852675; 754526; 29
1670090345.877674; 754551; 29
1670090345.902676; 754576; 29
1670090345.927675; 754601; 29
1670090345.952669; 754626; 29
1670090345.977678; 754651; 29
1670090346.002671; 754676; 31
1670090346.027676; 754701; 31
1670090346.052676; 754726; 31
1670090346.077675; 754751; 31
1670090346.102672; 754776; 29
1670090346.127675; 754801; 29
1670090346.152675; 754826; 29
1670090346.177679; 754851; 29
1670090346.202676; 754876; 29
1670090346.227675; 754901; 31
1670090346.252675; 754926; 31
1670090346.277679; 754951; 31
1670090346.302676; 754976; 31
1670090346.327675; 755001; 32
1670090346.352675; 755026; 32
1670090346.377682; 755051; 32
1670090346.402672; 755076; 32
1670090346.427675; 755101; 32
1670090346.452675; 755126; 32
1670090346.477675; 755151; 32
1670090346.502699; 755176; 32
1670090346.527671; 755201; 34
1670090346.552670; 755226; 34
1670090346.577669; 755251; 34
1670090346.602674; 755276; 34
1670090346.627671; 755301; 28
1670090346.652669; 755326; 28
1670090346.677670; 755351; 28
1670090346.702687; 755376; 28
1670090346.727671; 755401; 19
1670090346.752669; 755426; 19
1670090346.777669; 755451; 19
1670090346.802683; 755476; 19
1670090346.827676; 755501; 18
1670090346.852675; 755526; 18
1670090346.877669; 755551; 18
1670090346.902674; 755576; 18
1670090346.927676; 755601; 17
1670090346.952675; 755626; 17
1670090346.977675; 755651; 17
1670090347.002680; 755676; 17
1670090347.027672; 755701; 17
1670090347.052671; 755726; 17
1670090347.077676; 755751; 17
1670090347.102681; 755776; 17
1670090347.127671; 755801; 17
1670090347.152669; 755826; 17
1670090347.177675; 755851; 17
1670090347.202675; 755876; 17
1670090347.227683; 755901; 16
1670090347.252676; 755926; 16
1670090347.277675; 755951; 16
1670090347.302675; 755976; 16
1670090347.327674; 756001; 16
1670090347.352671; 756026; 16
1670090347.377675; 756051; 16
1670090347.402675; 756076; 16
1670090347.427680; 756101; 16
1670090347.452676; 756126; 16
1670090347.477675; 756151; 16
1670090347.502675; 756176; 16
1670090347.527679; 756201; 16
1670090347.552676; 756226; 17
1670090347.577669; 756251; 17
1670090347.602669; 756276; 17
1670090347.627678; 756301; 17
1670090347.652671; 756326; 16
1670090347.677670; 756351; 16
1670090347.702670; 756376; 16
1670090347.727676; 756401; 16
1670090347.752676; 756426; 16
1670090347.777675; 756451; 16
1670090347.802675; 756476; 16
1670090347.827680; 756501; 16
1670090347.852676; 756526; 16
1670090347.877670; 756551; 16
1670090347.902670; 756576; 16
1670090347.927674; 756601; 16
1670090347.952671; 756626; 16
1670090347.977670; 756651; 16
1670090348.002670; 756676; 16
1670090348.027676; 756701; 16
1670090348.052679; 756726; 17
1670090348.077672; 756751; 17
1670090348.102671; 756776; 17
1670090348.127675; 756801; 17
1670090348.152674; 756826; 16
1670090348.177671; 756851; 16
1670090348.202670; 756876; 16
1670090348.227670; 756901; 16
1670090348.252674; 756926; 16
1670090348.277671; 756951; 16
1670090348.302670; 756976; 16
1670090348.327669; 757001; 16
1670090348.352679; 757026; 16
1670090348.377671; 757051; 16
1670090348.402675; 757076; 16
1670090348.427675; 757101; 16
1670090348.452678; 757126; 17
1670090348.477671; 757151; 17
1670090348.502670; 757176; 17
1670090348.527670; 757201; 17
1670090348.552683; 757226; 17
1670090348.577671; 757251; 16
1670090348.602669; 757276; 16
1670090348.627670; 757301; 16
1670090348.652674; 757326; 16
1670090348.677671; 757351; 16
1670090348.702669; 757376; 16
1670090348.727670; 757401; 16
1670090348.752682; 757426; 16
1670090348.777677; 757451; 16
1670090348.802672; 757476; 16
1670090348.827669; 757501; 16
1670090348.852670; 757526; 16
1670090348.877678; 757551; 16
1670090348.902671; 757576; 16
1670090348.927670; 757601; 16
1670090348.952669; 757626; 16
1670090348.977674; 757651; 16
1670090349.002671; 757676; 16
1670090349.027676; 757701; 16
1670090349.052676; 757726; 16
1670090349.077681; 757751; 16
1670090349.102672; 757776; 16
1670090349.127675; 757801; 16
1670090349.152675; 757826; 16
1670090349.177674; 757851; 16
1670090349.202671; 757876; 16
1670090349.227670; 757901; 16
1670090349.252669; 757926; 16
1670090349.277678; 757951; 16
1670090349.302671; 757976; 16
1670090349.327669; 758001; 16
1670090349.352670; 758026; 16
1670090349.377674; 758051; 17
1670090349.402671; 758076; 17
1670090349.427669; 758101; 17
1670090349.452669; 758126; 17
1670090349.477674; 758151; 16
1670090349.502671; 758176; 16
1670090349.527670; 758201; 16
1670090349.552670; 758226; 16
1670090349.577678; 758251; 16
1670090349.602677; 758276; 16
1670090349.627670; 758301; 16
1670090349.652669; 758326; 16
1670090349.677670; 758351; 16
1670090349.702678; 758376; 16
1670090349.727671; 758401; 16
1670090349.752670; 758426; 16
1670090349.777675; 758451; 16
1670090349.802680; 758476; 16
1670090349.827676; 758501; 16
1670090349.852675; 758526; 16
1670090349.877670; 758551; 16
1670090349.902674; 758576; 17
1670090349.927671; 758601; 17
1670090349.952669; 758626; 17
1670090349.977670; 758651; 17
1670090350.002674; 758676; 16
1670090350.027677; 758701; 16
1670090350.052671; 758726; 16
1670090350.077671; 758751; 16
1670090350.102679; 758776; 16
1670090350.127676; 758801; 16
1670090350.152675; 758826; 16
1670090350.177675; 758851; 16
1670090350.202674; 758876; 16
1670090350.227671; 758901; 16
1670090350.252670; 758926; 16
1670090350.277670; 758951; 16
1670090350.302674; 758976; 17
1670090350.327671; 759001; 17
1670090350.352669; 759026; 17
1670090350.377675; 759051; 17
1670090350.402669; 759076; 16
1670090350.427674; 759101; 16
1670090350.452676; 759126; 16
1670090350.477675; 759151; 16
1670090350.502675; 759176; 16
1670090350.527683; 759201; 16
1670090350.552671; 759226; 16
1670090350.577670; 759251; 16
1670090350.602669; 759276; 16
1670090350.627674; 759301; 16
1670090350.652671; 759326; 16
1670090350.677669; 759351; 16
1670090350.702670; 759376; 16
1670090350.727674; 759401; 16
1670090350.752671; 759426; 16
1670090350.777670; 759451; 16
1670090350.802681; 759476; 16
1670090350.827680; 759501; 17
1670090350.852676; 759526; 17
1670090350.877669; 759551; 17
1670090350.902670; 759576; 17
1670090350.927683; 759601; 16
1670090350.952676; 759626; 16
1670090350.977675; 759651; 16
1670090351.002707; 759676; 16
1670090351.027681; 759701; 16
1670090351.052677; 759726; 16
1670090351.077676; 759751; 16
1670090351.102676; 759776; 16
1670090351.127674; 759801; 16
1670090351.152671; 759826; 16
1670090351.177670; 759851; 16
1670090351.202670; 759876; 16
1670090351.227675; 759901; 17
1670090351.252680; 759926; 17
1670090351.277676; 759951; 17
1670090351.302675; 759976; 17
1670090351.327675; 760001; 16
1670090351.352678; 760026; 16
1670090351.377676; 760051; 16
1670090351.402675; 760076; 16
1670090351.427669; 760101; 16
1670090351.452674; 760126; 16
1670090351.477671; 760151; 16
1670090351.502669; 760176; 16
1670090351.527669; 760201; 16
1670090351.552674; 760226; 16
1670090351.577671; 760251; 16
1670090351.602669; 760276; 16
1670090351.627675; 760301; 16
1670090351.652680; 760326; 16
1670090351.677676; 760351; 16
1670090351.702675; 760376; 16
1670090351.727675; 760401; 17
1670090351.752678; 760426; 17
1670090351.777671; 760451; 17
1670090351.802669; 760476; 17
1670090351.827696; 760501; 16
1670090351.852680; 760526; 16
1670090351.877671; 760551; 16
1670090351.902669; 760576; 16
1670090351.927670; 760601; 16
1670090351.952673; 760626; 16
1670090351.977672; 760651; 16
1670090352.002675; 760676; 16
1670090352.027686; 760701; 16
1670090352.052671; 760726; 16
1670090352.077675; 760751; 16
1670090352.102672; 760776; 16
1670090352.127675; 760801; 16
1670090352.152675; 760826; 17
1670090352.177683; 760851; 17
1670090352.202676; 760876; 17
1670090352.227675; 760901; 17
1670090352.252670; 760926; 16
1670090352.277674; 760951; 16
1670090352.302671; 760976; 16
1670090352.327669; 761001; 16
1670090352.352670; 761026; 16
1670090352.377680; 761051; 16
1670090352.402676; 761076; 16
1670090352.427675; 761101; 16
1670090352.452675; 761126; 16
1670090352.477680; 761151; 16
1670090352.502676; 761176; 16
1670090352.527675; 761201; 16
1670090352.552675; 761226; 16
1670090352.577683; 761251; 16
1670090352.602676; 761276; 16
1670090352.627675; 761301; 16
1670090352.652670; 761326; 17
1670090352.677674; 761351; 17
1670090352.702671; 761376; 17
1670090352.727670; 761401; 17
1670090352.752670; 761426; 16
1670090352.777673; 761451; 16
1670090352.802672; 761476; 16
1670090352.827675; 761501; 16
1670090352.852673; 761526; 16
1670090352.877670; 761551; 16
1670090352.902679; 761576; 16
1670090352.927676; 761601; 16
1670090352.952675; 761626; 16
1670090352.977675; 761651; 16
1670090353.002683; 761676; 16
1670090353.027672; 761701; 16
1670090353.052676; 761726; 16
1670090353.077671; 761751; 16
1670090353.102681; 761776; 16
1670090353.127671; 761801; 16
1670090353.152670; 761826; 16
1670090353.177670; 761851; 16
1670090353.202674; 761876; 16
1670090353.227671; 761901; 16
1670090353.252670; 761926; 16
1670090353.277670; 761951; 16
1670090353.302674; 761976; 16
1670090353.327676; 762001; 16
1670090353.352675; 762026; 16
1670090353.377669; 762051; 16
1670090353.402683; 762076; 16
1670090353.427676; 762101; 16
1670090353.452675; 762126; 16
1670090353.477669; 762151; 16
1670090353.502674; 762176; 16
1670090353.527671; 762201; 16
1670090353.552669; 762226; 16
1670090353.577670; 762251; 17
1670090353.602669; 762276; 17
1670090353.627674; 762301; 17
1670090353.652671; 762326; 17
1670090353.677670; 762351; 16
1670090353.702669; 762376; 16
1670090353.727674; 762401; 16
1670090353.752671; 762426; 16
1670090353.777670; 762451; 16
1670090353.802670; 762476; 16
1670090353.827683; 762501; 16
1670090353.852676; 762526; 16
1670090353.877670; 762551; 16
1670090353.902670; 762576; 16
1670090353.927674; 762601; 16
1670090353.952671; 762626; 16
1670090353.977669; 762651; 16
1670090354.002670; 762676; 16
1670090354.027681; 762701; 16
1670090354.052672; 762726; 16
1670090354.077671; 762751; 17
1670090354.102676; 762776; 17
1670090354.127681; 762801; 17
1670090354.152671; 762826; 17
1670090354.177670; 762851; 16
1670090354.202669; 762876; 16
1670090354.227678; 762901; 16
1670090354.252671; 762926; 16
1670090354.277670; 762951; 16
1670090354.302670; 762976; 16
1670090354.327674; 763001; 16
1670090354.352671; 763026; 16
1670090354.377675; 763051; 16
1670090354.402675; 763076; 16
1670090354.427675; 763101; 16
1670090354.452680; 763126; 16
1670090354.477676; 763151; 16
1670090354.502675; 763176; 17
1670090354.527675; 763201; 17
1670090354.552674; 763226; 17
1670090354.577671; 763251; 17
1670090354.602670; 763276; 16
1670090354.627670; 763301; 16
1670090354.652678; 763326; 16
1670090354.677671; 763351; 16
1670090354.702670; 763376; 16
1670090354.727670; 763401; 16
1670090354.752674; 763426; 16
1670090354.777671; 763451; 16
1670090354.802669; 763476; 16
1670090354.827670; 763501; 16
1670090354.852674; 763526; 16
1670090354.877671; 763551; 16
1670090354.902670; 763576; 16
1670090354.927670; 763601; 16
1670090354.952680; 763626; 16
1670090354.977676; 763651; 16
1670090355.002675; 763676; 17
1670090355.027671; 763701; 17
1670090355.052679; 763726; 17
1670090355.077672; 763751; 17
1670090355.102671; 763776; 16
1670090355.127675; 763801; 16
1670090355.152673; 763826; 16
1670090355.177677; 763851; 16
1670090355.202670; 763876; 16
1670090355.227670; 763901; 16
1670090355.252670; 763926; 16
1670090355.277674; 763951; 16
1670090355.302671; 763976; 16
1670090355.327670; 764001; 16
1670090355.352670; 764026; 16
1670090355.377674; 764051; 16
1670090355.402671; 764076; 17
1670090355.427670; 764101; 17
1670090355.452669; 764126; 17
1670090355.477683; 764151; 17
1670090355.502676; 764176; 17
1670090355.527669; 764201; 16
1670090355.552669; 764226; 16
1670090355.577674; 764251; 16
1670090355.602671; 764276; 16
1670090355.627670; 764301; 16
1670090355.652670; 764326; 16
1670090355.677674; 764351; 16
1670090355.702671; 764376; 16
1670090355.727669; 764401; 16
1670090355.752670; 764426; 16
1670090355.777680; 764451; 16
1670090355.802676; 764476; 16
1670090355.827675; 764501; 16
1670090355.852675; 764526; 16
1670090355.877678; 764551; 16
1670090355.902671; 764576; 16
1670090355.927669; 764601; 17
1670090355.952669; 764626; 17
1670090355.977678; 764651; 17
1670090356.002677; 764676; 17
1670090356.027676; 764701; 16
1670090356.052676; 764726; 16
1670090356.077676; 764751; 16
1670090356.102681; 764776; 16
1670090356.127679; 764801; 16
1670090356.152670; 764826; 16
1670090356.177675; 764851; 16
1670090356.202680; 764876; 16
1670090356.227676; 764901; 16
1670090356.252675; 764926; 16
1670090356.277675; 764951; 16
1670090356.302678; 764976; 16
1670090356.327678; 765001; 17
1670090356.352669; 765026; 17
1670090356.377675; 765051; 17
1670090356.402680; 765076; 17
1670090356.427676; 765101; 17
1670090356.452675; 765126; 17
1670090356.477675; 765151; 17
1670090356.502680; 765176; 17
1670090356.527676; 765201; 16
1670090356.552670; 765226; 16
1670090356.577670; 765251; 16
1670090356.602674; 765276; 16
1670090356.627671; 765301; 16
1670090356.652669; 765326; 16
1670090356.677669; 765351; 16
1670090356.702678; 765376; 16
1670090356.727671; 765401; 16
1670090356.752669; 765426; 16
1670090356.777670; 765451; 16
1670090356.802670; 765476; 16
1670090356.827674; 765501; 16
1670090356.852671; 765526; 17
1670090356.877670; 765551; 17
1670090356.902669; 765576; 17
1670090356.927674; 765601; 17
1670090356.952671; 765626; 16
1670090356.977669; 765651; 16
1670090357.002669; 765676; 16
1670090357.027681; 765701; 16
1670090357.052677; 765726; 16
1670090357.077676; 765751; 16
1670090357.102676; 765776; 16
1670090357.127678; 765801; 16
1670090357.152696; 765826; 16
1670090357.177675; 765851; 16
1670090357.202675; 765876; 16
1670090357.227680; 765901; 16
1670090357.252676; 765926; 17
1670090357.277675; 765951; 17
1670090357.302675; 765976; 17
1670090357.327680; 766001; 17
1670090357.352681; 766026; 17
1670090357.377675; 766051; 17
1670090357.402675; 766076; 17
1670090357.427674; 766101; 17
1670090357.452671; 766126; 16
1670090357.477669; 766151; 16
1670090357.502670; 766176; 16
1670090357.527678; 766201; 16
1670090357.552671; 766226; 16
1670090357.577675; 766251; 16
1670090357.602675; 766276; 16
1670090357.627675; 766301; 16
1670090357.652680; 766326; 16
1670090357.677676; 766351; 16
1670090357.702675; 766376; 16
1670090357.727675; 766401; 16
1670090357.752680; 766426; 17
1670090357.777671; 766451; 17
1670090357.802669; 766476; 17
1670090357.827675; 766501; 17
1670090357.852680; 766526; 17
1670090357.877671; 766551; 16
1670090357.902669; 766576; 16
1670090357.927669; 766601; 16
1670090357.952678; 766626; 16
1670090357.977671; 766651; 16
1670090358.002669; 766676; 16
1670090358.027676; 766701; 16
1670090358.052675; 766726; 16
1670090358.077672; 766751; 16
1670090358.102671; 766776; 16
1670090358.127675; 766801; 16
1670090358.152680; 766826; 16
1670090358.177671; 766851; 17
1670090358.202669; 766876; 17
1670090358.227675; 766901; 17
1670090358.252680; 766926; 17
1670090358.277676; 766951; 17
1670090358.302675; 766976; 17
1670090358.327675; 767001; 17
1670090358.352682; 767026; 17
1670090358.377680; 767051; 16
1670090358.402670; 767076; 16
1670090358.427670; 767101; 16
1670090358.452669; 767126; 16
1670090358.477674; 767151; 16
1670090358.502671; 767176; 16
1670090358.527670; 767201; 16
1670090358.552670; 767226; 16
1670090358.577674; 767251; 16
1670090358.602671; 767276; 16
1670090358.627670; 767301; 16
1670090358.652675; 767326; 16
1670090358.677680; 767351; 17
1670090358.702676; 767376; 17
1670090358.727675; 767401; 17
1670090358.752675; 767426; 17
1670090358.777683; 767451; 16
1670090358.802676; 767476; 16
1670090358.827675; 767501; 16
1670090358.852675; 767526; 16
1670090358.877674; 767551; 16
1670090358.902671; 767576; 16
1670090358.927670; 767601; 16
1670090358.952670; 767626; 16
1670090358.977674; 767651; 16
1670090359.002671; 767676; 16
1670090359.027676; 767701; 16
1670090359.052671; 767726; 16
1670090359.077675; 767751; 16
1670090359.102672; 767776; 17
1670090359.127675; 767801; 17
1670090359.152675; 767826; 17
1670090359.177677; 767851; 17
1670090359.202672; 767876; 17
1670090359.227675; 767901; 17
1670090359.252675; 767926; 17
1670090359.277675; 767951; 17
1670090359.302680; 767976; 16
1670090359.327676; 768001; 16
1670090359.352675; 768026; 16
1670090359.377670; 768051; 16
1670090359.402680; 768076; 16
1670090359.427676; 768101; 16
1670090359.452672; 768126; 16
1670090359.477670; 768151; 16
1670090359.502674; 768176; 16
1670090359.527671; 768201; 16
1670090359.552670; 768226; 16
1670090359.577669; 768251; 16
1670090359.602678; 768276; 17
1670090359.627671; 768301; 17
1670090359.652670; 768326; 17
1670090359.677669; 768351; 17
1670090359.702674; 768376; 17
1670090359.727671; 768401; 17
1670090359.752669; 768426; 17
1670090359.777670; 768451; 17
1670090359.802674; 768476; 16
1670090359.827671; 768501; 16
1670090359.852670; 768526; 16
1670090359.877669; 768551; 16
1670090359.902674; 768576; 16
1670090359.927671; 768601; 16
1670090359.952670; 768626; 16
1670090359.977670; 768651; 16
1670090360.002669; 768676; 17
1670090360.027679; 768701; 17
1670090360.052672; 768726; 17
1670090360.077671; 768751; 17
1670090360.102671; 768776; 17
1670090360.127674; 768801; 17
1670090360.152671; 768826; 17
1670090360.177670; 768851; 17
1670090360.202670; 768876; 17
1670090360.227674; 768901; 16
1670090360.252671; 768926; 16
1670090360.277670; 768951; 16
1670090360.302669; 768976; 16
1670090360.327674; 769001; 16
1670090360.352671; 769026; 16
1670090360.377675; 769051; 16
1670090360.402675; 769076; 16
1670090360.427678; 769101; 16
1670090360.452676; 769126; 16
1670090360.477675; 769151; 16
1670090360.502675; 769176; 16
1670090360.527680; 769201; 17
1670090360.552676; 769226; 17
1670090360.577675; 769251; 17
1670090360.602675; 769276; 17
1670090360.627680; 769301; 17
1670090360.652676; 769326; 17
1670090360.677675; 769351; 17
1670090360.702669; 769376; 17
1670090360.727674; 769401; 16
1670090360.752671; 769426; 16
1670090360.777670; 769451; 16
1670090360.802669; 769476; 16
1670090360.827669; 769501; 16
1670090360.852683; 769526; 16
1670090360.877671; 769551; 16
1670090360.902669; 769576; 16
1670090360.927670; 769601; 17
1670090360.952674; 769626; 17
1670090360.977671; 769651; 17
1670090361.002670; 769676; 17
1670090361.027676; 769701; 17
1670090361.052675; 769726; 17
1670090361.077672; 769751; 17
1670090361.102671; 769776; 17
1670090361.127675; 769801; 17
1670090361.152680; 769826; 17
1670090361.177676; 769851; 17
1670090361.202675; 769876; 17
1670090361.227675; 769901; 16
1670090361.252683; 769926; 16
1670090361.277676; 769951; 16
1670090361.302675; 769976; 16
1670090361.327675; 770001; 16
1670090361.352680; 770026; 17
1670090361.377671; 770051; 17
1670090361.402669; 770076; 17
1670090361.427670; 770101; 17
1670090361.452695; 770126; 17
1670090361.477671; 770151; 17
1670090361.502669; 770176; 17
1670090361.527669; 770201; 17
1670090361.552673; 770226; 17
1670090361.577672; 770251; 17
1670090361.602675; 770276; 17
1670090361.627675; 770301; 17
1670090361.652696; 770326; 17
1670090361.677678; 770351; 17
1670090361.702671; 770376; 17
1670090361.727669; 770401; 17
1670090361.752669; 770426; 16
1670090361.777674; 770451; 16
1670090361.802671; 770476; 16
1670090361.827669; 770501; 16
1670090361.852669; 770526; 17
1670090361.877674; 770551; 17
1670090361.902671; 770576; 17
1670090361.927675; 770601; 17
1670090361.952675; 770626; 17
1670090361.977680; 770651; 17
1670090362.002676; 770676; 17
1670090362.027671; 770701; 17
1670090362.052676; 770726; 17
1670090362.077679; 770751; 17
1670090362.102672; 770776; 17
1670090362.127675; 770801; 17
1670090362.152675; 770826; 16
1670090362.177680; 770851; 16
1670090362.202676; 770876; 16
1670090362.227675; 770901; 16
1670090362.252675; 770926; 16
1670090362.277674; 770951; 16
1670090362.302671; 770976; 16
1670090362.327670; 771001; 16
1670090362.352669; 771026; 17
1670090362.377678; 771051; 17
1670090362.402677; 771076; 17
1670090362.427670; 771101; 17
1670090362.452670; 771126; 17
1670090362.477691; 771151; 17
1670090362.502683; 771176; 17
1670090362.527676; 771201; 17
1670090362.552675; 771226; 17
1670090362.577675; 771251; 17
1670090362.602680; 771276; 17
1670090362.627676; 771301; 17
1670090362.652675; 771326; 17
1670090362.677674; 771351; 16
1670090362.702674; 771376; 16
1670090362.727671; 771401; 16
1670090362.752675; 771426; 16
1670090362.777675; 771451; 17
1670090362.802680; 771476; 17
1670090362.827676; 771501; 17
1670090362.852675; 771526; 17
1670090362.877670; 771551; 17
1670090362.902678; 771576; 17
1670090362.927671; 771601; 17
1670090362.952670; 771626; 17
1670090362.977670; 771651; 17
1670090363.002674; 771676; 17
1670090363.027677; 771701; 17
1670090363.052676; 771726; 17
1670090363.077676; 771751; 16
1670090363.102681; 771776; 16
1670090363.127671; 771801; 16
1670090363.152669; 771826; 16
1670090363.177670; 771851; 16
1670090363.202670; 771876; 16
1670090363.227674; 771901; 16
1670090363.252671; 771926; 16
1670090363.277670; 771951; 17
1670090363.302675; 771976; 17
1670090363.327678; 772001; 17
1670090363.352671; 772026; 17
1670090363.377675; 772051; 17
1670090363.402675; 772076; 17
1670090363.427680; 772101; 17
1670090363.452676; 772126; 17
1670090363.477675; 772151; 16
1670090363.502675; 772176; 16
1670090363.527680; 772201; 16
1670090363.552676; 772226; 16
1670090363.577675; 772251; 16
1670090363.602675; 772276; 16
1670090363.627680; 772301; 16
1670090363.652676; 772326; 16
1670090363.677675; 772351; 16
1670090363.702669; 772376; 16
1670090363.727683; 772401; 16
1670090363.752676; 772426; 16
1670090363.777675; 772451; 16
1670090363.802675; 772476; 17
1670090363.827680; 772501; 17
1670090363.852676; 772526; 17
1670090363.877669; 772551; 17
1670090363.902669; 772576; 17
1670090363.927680; 772601; 17
1670090363.952676; 772626; 17
1670090363.977669; 772651; 17
1670090364.002669; 772676; 16
1670090364.027676; 772701; 16
1670090364.052681; 772726; 16
1670090364.077672; 772751; 16
1670090364.102671; 772776; 16
1670090364.127675; 772801; 16
1670090364.152678; 772826; 16
1670090364.177671; 772851; 16
1670090364.202670; 772876; 17
1670090364.227670; 772901; 17
1670090364.252674; 772926; 17
1670090364.277671; 772951; 17
1670090364.302669; 772976; 17
1670090364.327675; 773001; 17
1670090364.352680; 773026; 17
1670090364.377676; 773051; 17
1670090364.402675; 773076; 17
1670090364.427675; 773101; 17
1670090364.452680; 773126; 17
1670090364.477676; 773151; 17
1670090364.502675; 773176; 16
1670090364.527675; 773201; 16
1670090364.552678; 773226; 16
1670090364.577671; 773251; 16
1670090364.602670; 773276; 16
1670090364.627669; 773301; 16
1670090364.652674; 773326; 16
1670090364.677671; 773351; 16
1670090364.702669; 773376; 17
1670090364.727669; 773401; 17
1670090364.752678; 773426; 17
1670090364.777672; 773451; 17
1670090364.802675; 773476; 17
1670090364.827675; 773501; 17
1670090364.852675; 773526; 17
1670090364.877674; 773551; 17
1670090364.902671; 773576; 17
1670090364.927669; 773601; 16
1670090364.952670; 773626; 16
1670090364.977683; 773651; 16
1670090365.002676; 773676; 16
1670090365.027671; 773701; 16
1670090365.052676; 773726; 16
1670090365.077675; 773751; 16
1670090365.102672; 773776; 16
1670090365.127675; 773801; 17
1670090365.152675; 773826; 17
1670090365.177680; 773851; 17
1670090365.202671; 773876; 17
1670090365.227669; 773901; 17
1670090365.252669; 773926; 17
1670090365.277674; 773951; 17
1670090365.302671; 773976; 17
1670090365.327670; 774001; 17
1670090365.352675; 774026; 17
1670090365.377678; 774051; 17
1670090365.402671; 774076; 17
1670090365.427670; 774101; 16
1670090365.452669; 774126; 16
1670090365.477674; 774151; 16
1670090365.502671; 774176; 16
1670090365.527669; 774201; 16
1670090365.552675; 774226; 16
1670090365.577673; 774251; 16
1670090365.602677; 774276; 16
1670090365.627669; 774301; 17
1670090365.652670; 774326; 17
1670090365.677670; 774351; 17
1670090365.702674; 774376; 17
1670090365.727671; 774401; 17
1670090365.752675; 774426; 17
1670090365.777675; 774451; 17
1670090365.802678; 774476; 17
1670090365.827671; 774501; 16
1670090365.852669; 774526; 16
1670090365.877669; 774551; 16
1670090365.902674; 774576; 16
1670090365.927671; 774601; 16
1670090365.952670; 774626; 16
1670090365.977675; 774651; 16
1670090366.002680; 774676; 16
1670090366.027677; 774701; 16
1670090366.052676; 774726; 17
1670090366.077676; 774751; 17
1670090366.102681; 774776; 17
1670090366.127671; 774801; 17
1670090366.152670; 774826; 17
1670090366.177675; 774851; 17
1670090366.202678; 774876; 17
1670090366.227671; 774901; 17
1670090366.252669; 774926; 17
1670090366.277670; 774951; 17
1670090366.302674; 774976; 17
1670090366.327671; 775001; 17
1670090366.352670; 775026; 16
1670090366.377669; 775051; 16
1670090366.402670; 775076; 16
1670090366.427674; 775101; 16
1670090366.452671; 775126; 16
1670090366.477670; 775151; 16
1670090366.502670; 775176; 16
1670090366.527674; 775201; 16
1670090366.552671; 775226; 17
1670090366.577670; 775251; 17
1670090366.602670; 775276; 17
1670090366.627678; 775301; 17
1670090366.652671; 775326; 17
1670090366.677670; 775351; 17
1670090366.702669; 775376; 17
1670090366.727674; 775401; 17
1670090366.752671; 775426; 16
1670090366.777668; 775451; 16
1670090366.802670; 775476; 16
1670090366.827674; 775501; 16
1670090366.852671; 775526; 16
1670090366.877670; 775551; 16
1670090366.902670; 775576; 16
1670090366.927674; 775601; 16
1670090366.952671; 775626; 17
1670090366.977703; 775651; 17
1670090367.002675; 775676; 17
1670090367.027684; 775701; 17
1670090367.052672; 775726; 17
1670090367.077671; 775751; 17
1670090367.102671; 775776; 17
1670090367.127674; 775801; 17
1670090367.152671; 775826; 17
1670090367.177669; 775851; 17
1670090367.202675; 775876; 17
1670090367.227675; 775901; 17
1670090367.252680; 775926; 17
1670090367.277676; 775951; 16
1670090367.302675; 775976; 16
1670090367.327675; 776001; 16
1670090367.352680; 776026; 16
1670090367.377671; 776051; 16
1670090367.402670; 776076; 16
1670090367.427670; 776101; 16
1670090367.452678; 776126; 16
1670090367.477671; 776151; 17
1670090367.502670; 776176; 17
1670090367.527669; 776201; 17
1670090367.552674; 776226; 17
1670090367.577671; 776251; 17
1670090367.602669; 776276; 17
1670090367.627670; 776301; 17
1670090367.652674; 776326; 17
1670090367.677671; 776351; 17
1670090367.702670; 776376; 17
1670090367.727670; 776401; 17
1670090367.752674; 776426; 17
1670090367.777671; 776451; 16
1670090367.802680; 776476; 16
1670090367.827669; 776501; 16
1670090367.852683; 776526; 16
1670090367.877671; 776551; 17
1670090367.902670; 776576; 17
1670090367.927669; 776601; 17
1670090367.952678; 776626; 17
1670090367.977677; 776651; 17
1670090368.002675; 776676; 17
1670090368.027676; 776701; 17
1670090368.052676; 776726; 17
1670090368.077681; 776751; 17
1670090368.102672; 776776; 17
1670090368.127675; 776801; 17
1670090368.152675; 776826; 17
1670090368.177680; 776851; 16
1670090368.202676; 776876; 16
1670090368.227670; 776901; 16
1670090368.252670; 776926; 16
1670090368.277683; 776951; 17
1670090368.302676; 776976; 17
1670090368.327675; 777001; 17
1670090368.352675; 777026; 17
1670090368.377674; 777051; 17
1670090368.402671; 777076; 17
1670090368.427675; 777101; 17
1670090368.452675; 777126; 17
1670090368.477680; 777151; 17
1670090368.502676; 777176; 17
1670090368.527675; 777201; 17
1670090368.552675; 777226; 17
1670090368.577680; 777251; 17
1670090368.602676; 777276; 17
1670090368.627675; 777301; 17
1670090368.652675; 777326; 17
1670090368.677683; 777351; 17
1670090368.702676; 777376; 16
1670090368.727675; 777401; 16
1670090368.752675; 777426; 16
1670090368.777673; 777451; 16
1670090368.802672; 777476; 17
1670090368.827674; 777501; 17
1670090368.852675; 777526; 17
1670090368.877669; 777551; 17
1670090368.902674; 777576; 17
1670090368.927671; 777601; 17
1670090368.952670; 777626; 17
1670090368.977670; 777651; 17
1670090369.002674; 777676; 17
1670090369.027677; 777701; 17
1670090369.052676; 777726; 17
1670090369.077678; 777751; 17
1670090369.102684; 777776; 17
1670090369.127671; 777801; 17
1670090369.152669; 777826; 17
1670090369.177669; 777851; 17
1670090369.202674; 777876; 17
1670090369.227671; 777901; 17
1670090369.252670; 777926; 17
1670090369.277670; 777951; 17
1670090369.302674; 777976; 17
1670090369.327671; 778001; 17
1670090369.352670; 778026; 17
1670090369.377675; 778051; 17
1670090369.402680; 778076; 17
1670090369.427676; 778101; 17
1670090369.452675; 778126; 17
1670090369.477675; 778151; 17
1670090369.502678; 778176; 17
1670090369.527671; 778201; 17
1670090369.552670; 778226; 17
1670090369.577670; 778251; 17
1670090369.602670; 778276; 17
1670090369.627674; 778301; 16
1670090369.652676; 778326; 16
1670090369.677675; 778351; 16
1670090369.702675; 778376; 16
1670090369.727680; 778401; 17
1670090369.752676; 778426; 17
1670090369.777675; 778451; 17
1670090369.802675; 778476; 17
1670090369.827680; 778501; 17
1670090369.852679; 778526; 17
1670090369.877669; 778551; 17
1670090369.902669; 778576; 17
1670090369.927683; 778601; 17
1670090369.952676; 778626; 17
1670090369.977675; 778651; 17
1670090370.002675; 778676; 17
1670090370.027675; 778701; 17
1670090370.052677; 778726; 17
1670090370.077676; 778751; 17
1670090370.102676; 778776; 17
1670090370.127674; 778801; 17
1670090370.152671; 778826; 17
1670090370.177669; 778851; 17
1670090370.202669; 778876; 17
1670090370.227674; 778901; 17
1670090370.252671; 778926; 17
1670090370.277670; 778951; 17
1670090370.302669; 778976; 17
1670090370.327678; 779001; 17
1670090370.352671; 779026; 17
1670090370.377675; 779051; 17
1670090370.402675; 779076; 17
1670090370.427675; 779101; 17
1670090370.452680; 779126; 17
1670090370.477676; 779151; 17
1670090370.502675; 779176; 17
1670090370.527675; 779201; 16
1670090370.552680; 779226; 16
1670090370.577676; 779251; 16
1670090370.602675; 779276; 16
1670090370.627675; 779301; 16
1670090370.652680; 779326; 17
1670090370.677671; 779351; 17
1670090370.702669; 779376; 17
1670090370.727670; 779401; 17
1670090370.752683; 779426; 17
1670090370.777676; 779451; 17
1670090370.802675; 779476; 17
1670090370.827675; 779501; 17
1670090370.852680; 779526; 17
1670090370.877676; 779551; 17
1670090370.902675; 779576; 17
1670090370.927675; 779601; 17
1670090370.952680; 779626; 17
1670090370.977676; 779651; 17
1670090371.002675; 779676; 17
1670090371.027671; 779701; 17
1670090371.052675; 779726; 16
1670090371.077672; 779751; 16
1670090371.102671; 779776; 16
1670090371.127670; 779801; 16
1670090371.152677; 779826; 17
1670090371.177672; 779851; 17
1670090371.202675; 779876; 17
1670090371.227675; 779901; 17
1670090371.252675; 779926; 17
1670090371.277680; 779951; 17
1670090371.302671; 779976; 17
1670090371.327670; 780001; 17
1670090371.352669; 780026; 17
1670090371.377680; 780051; 17
1670090371.402676; 780076; 17
1670090371.427675; 780101; 17
1670090371.452675; 780126; 16
1670090371.477680; 780151; 16
1670090371.502671; 780176; 16
1670090371.527669; 780201; 16
1670090371.552670; 780226; 17
1670090371.577683; 780251; 17
1670090371.602676; 780276; 17
1670090371.627675; 780301; 17
1670090371.652675; 780326; 17
1670090371.677680; 780351; 17
1670090371.702676; 780376; 17
1670090371.727675; 780401; 17
1670090371.752675; 780426; 17
1670090371.777674; 780451; 17
1670090371.802671; 780476; 17
1670090371.827670; 780501; 17
1670090371.852669; 780526; 17
1670090371.877680; 780551; 16
1670090371.902676; 780576; 16
1670090371.927670; 780601; 16
1670090371.952669; 780626; 16
1670090371.977677; 780651; 16
1670090372.002672; 780676; 16
1670090372.027671; 780701; 16
1670090372.052676; 780726; 16
1670090372.077676; 780751; 17
1670090372.102701; 780776; 17
1670090372.127676; 780801; 17
1670090372.152675; 780826; 17
1670090372.177675; 780851; 17
1670090372.202680; 780876; 17
1670090372.227676; 780901; 17
1670090372.252675; 780926; 17
1670090372.277675; 780951; 17
1670090372.302703; 780976; 17
1670090372.327676; 781001; 17
1670090372.352675; 781026; 17
1670090372.377675; 781051; 16
1670090372.402678; 781076; 16
1670090372.427671; 781101; 16
1670090372.452669; 781126; 16
1670090372.477670; 781151; 16
1670090372.502674; 781176; 16
1670090372.527676; 781201; 16
1670090372.552675; 781226; 16
1670090372.577675; 781251; 17
1670090372.602680; 781276; 17
1670090372.627676; 781301; 17
1670090372.652675; 781326; 17
1670090372.677675; 781351; 17
1670090372.702680; 781376; 17
1670090372.727671; 781401; 17
1670090372.752669; 781426; 17
1670090372.777669; 781451; 16
1670090372.802670; 781476; 16
1670090372.827683; 781501; 16
1670090372.852676; 781526; 16
1670090372.877669; 781551; 16
1670090372.902670; 781576; 16
1670090372.927679; 781601; 16
1670090372.952676; 781626; 16
1670090372.977675; 781651; 16
1670090373.002675; 781676; 17
1670090373.027675; 781701; 17
1670090373.052672; 781726; 17
1670090373.077671; 781751; 17
1670090373.102676; 781776; 17
1670090373.127692; 781801; 17
1670090373.152671; 781826; 17
1670090373.177669; 781851; 17
1670090373.202669; 781876; 17
1670090373.227683; 781901; 17
1670090373.252676; 781926; 17
1670090373.277675; 781951; 17
1670090373.302675; 781976; 16
1670090373.327679; 782001; 16
1670090373.352676; 782026; 16
1670090373.377670; 782051; 16
1670090373.402670; 782076; 16
1670090373.427674; 782101; 16
1670090373.452671; 782126; 16
1670090373.477669; 782151; 16
1670090373.502670; 782176; 17
1670090373.527674; 782201; 17
1670090373.552671; 782226; 17
1670090373.577670; 782251; 17
1670090373.602669; 782276; 17
1670090373.627669; 782301; 17
1670090373.652683; 782326; 17
1670090373.677676; 782351; 17
1670090373.702675; 782376; 16
1670090373.727675; 782401; 16
1670090373.752674; 782426; 16
1670090373.777671; 782451; 16
1670090373.802670; 782476; 16
1670090373.827669; 782501; 16
1670090373.852674; 782526; 16
1670090373.877671; 782551; 16
1670090373.902670; 782576; 16
1670090373.927669; 782601; 16
1670090373.952674; 782626; 16
1670090373.977671; 782651; 16
1670090374.002675; 782676; 17
1670090374.027671; 782701; 17
1670090374.052679; 782726; 17
1670090374.077672; 782751; 17
1670090374.102671; 782776; 16
1670090374.127670; 782801; 16
1670090374.152674; 782826; 16
1670090374.177671; 782851; 16
1670090374.202669; 782876; 16
1670090374.227669; 782901; 16
1670090374.252674; 782926; 16
1670090374.277671; 782951; 16
1670090374.302670; 782976; 16
1670090374.327670; 783001; 16
1670090374.352679; 783026; 16
1670090374.377677; 783051; 16
1670090374.402678; 783076; 16
1670090374.427670; 783101; 17
1670090374.452669; 783126; 17
1670090374.477678; 783151; 17
1670090374.502671; 783176; 17
1670090374.527669; 783201; 17
1670090374.552669; 783226; 17
1670090374.577674; 783251; 17
1670090374.602671; 783276; 17
1670090374.627669; 783301; 16
1670090374.652669; 783326; 16
1670090374.677674; 783351; 16
1670090374.702671; 783376; 16
1670090374.727670; 783401; 16
1670090374.752669; 783426; 16
1670090374.777674; 783451; 16
1670090374.802671; 783476; 16
1670090374.827675; 783501; 16
1670090374.852675; 783526; 16
1670090374.877678; 783551; 16
1670090374.902671; 783576; 16
1670090374.927670; 783601; 17
1670090374.952669; 783626; 17
1670090374.977680; 783651; 17
1670090375.002676; 783676; 17
1670090375.027671; 783701; 16
1670090375.052676; 783726; 16
1670090375.077681; 783751; 16
1670090375.102672; 783776; 16
1670090375.127675; 783801; 16
1670090375.152675; 783826; 16
1670090375.177678; 783851; 16
1670090375.202677; 783876; 16
1670090375.227669; 783901; 16
1670090375.252669; 783926; 16
1670090375.277670; 783951; 16
1670090375.302683; 783976; 16
1670090375.327676; 784001; 16
1670090375.352675; 784026; 17
1670090375.377675; 784051; 17
1670090375.402674; 784076; 17
1670090375.427671; 784101; 17
1670090375.452670; 784126; 17
1670090375.477669; 784151; 17
1670090375.502674; 784176; 17
1670090375.527671; 784201; 17
1670090375.552669; 784226; 16
1670090375.577669; 784251; 16
1670090375.602680; 784276; 16
1670090375.627676; 784301; 16
1670090375.652675; 784326; 16
1670090375.677675; 784351; 16
1670090375.702683; 784376; 16
1670090375.727676; 784401; 16
1670090375.752675; 784426; 16
1670090375.777675; 784451; 16
1670090375.802674; 784476; 16
1670090375.827671; 784501; 16
1670090375.852669; 784526; 17
1670090375.877669; 784551; 17
1670090375.902674; 784576; 17
1670090375.927671; 784601; 17
1670090375.952670; 784626; 16
1670090375.977669; 784651; 16
1670090376.002675; 784676; 16
1670090376.027675; 784701; 16
1670090376.052677; 784726; 16
1670090376.077676; 784751; 16
1670090376.102676; 784776; 16
1670090376.127683; 784801; 16
1670090376.152676; 784826; 16
1670090376.177675; 784851; 16
1670090376.202675; 784876; 16
1670090376.227680; 784901; 16
1670090376.252676; 784926; 16
1670090376.277675; 784951; 16
1670090376.302675; 784976; 16
1670090376.327680; 785001; 16
1670090376.352676; 785026; 17
1670090376.377669; 785051; 17
1670090376.402675; 785076; 17
1670090376.427674; 785101; 17
1670090376.452671; 785126; 17
1670090376.477670; 785151; 16
1670090376.502670; 785176; 16
1670090376.527683; 785201; 16
1670090376.552676; 785226; 16
1670090376.577675; 785251; 16
1670090376.602675; 785276; 16
1670090376.627674; 785301; 16
1670090376.652671; 785326; 16
1670090376.677669; 785351; 16
1670090376.702670; 785376; 16
1670090376.727674; 785401; 16
1670090376.752671; 785426; 16
1670090376.777670; 785451; 17
1670090376.802669; 785476; 17
1670090376.827670; 785501; 17
1670090376.852674; 785526; 17
1670090376.877671; 785551; 17
1670090376.902669; 785576; 17
1670090376.927669; 785601; 17
1670090376.952678; 785626; 17
1670090376.977676; 785651; 16
1670090377.002675; 785676; 16
1670090377.027676; 785701; 16
1670090377.052681; 785726; 16
1670090377.077672; 785751; 16
1670090377.102671; 785776; 16
1670090377.127675; 785801; 16
1670090377.152680; 785826; 16
1670090377.177676; 785851; 16
1670090377.202675; 785876; 16
1670090377.227675; 785901; 16
1670090377.252680; 785926; 16
1670090377.277671; 785951; 17
1670090377.302670; 785976; 17
1670090377.327669; 786001; 17
1670090377.352678; 786026; 17
1670090377.377676; 786051; 16
1670090377.402675; 786076; 16
1670090377.427692; 786101; 16
1670090377.452680; 786126; 16
1670090377.477676; 786151; 16
1670090377.502675; 786176; 16
1670090377.527675; 786201; 16
1670090377.552678; 786226; 16
1670090377.577677; 786251; 16
1670090377.602669; 786276; 16
1670090377.627689; 786301; 16
1670090377.652675; 786326; 16
1670090377.677674; 786351; 16
1670090377.702671; 786376; 17
1670090377.727669; 786401; 17
1670090377.752669; 786426; 17
1670090377.777683; 786451; 17
1670090377.802675; 786476; 17
1670090377.827674; 786501; 17
1670090377.852670; 786526; 17
1670090377.877675; 786551; 17
1670090377.902671; 786576; 16
1670090377.927670; 786601; 16
1670090377.952670; 786626; 16
1670090377.977675; 786651; 16
1670090378.002671; 786676; 16
1670090378.027671; 786701; 16
1670090378.052671; 786726; 16
1670090378.077675; 786751; 16
1670090378.102672; 786776; 16
1670090378.127675; 786801; 16
1670090378.152675; 786826; 16
1670090378.177678; 786851; 16
1670090378.202671; 786876; 17
1670090378.227670; 786901; 17
1670090378.252670; 786926; 17
1670090378.277674; 786951; 17
1670090378.302671; 786976; 16
1670090378.327669; 787001; 16
1670090378.352669; 787026; 16
1670090378.377678; 787051; 16
1670090378.402677; 787076; 16
1670090378.427670; 787101; 16
1670090378.452693; 787126; 16
1670090378.477675; 787151; 16
1670090378.502674; 787176; 16
1670090378.527671; 787201; 16
1670090378.552670; 787226; 16
1670090378.577670; 787251; 16
1670090378.602683; 787276; 17
1670090378.627676; 787301; 17
1670090378.652670; 787326; 17
1670090378.677675; 787351; 17
1670090378.702680; 787376; 16
1670090378.727676; 787401; 16
1670090378.752675; 787426; 16
1670090378.777675; 787451; 16
1670090378.802680; 787476; 16
1670090378.827676; 787501; 16
1670090378.852675; 787526; 16
1670090378.877670; 787551; 16
1670090378.902674; 787576; 16
1670090378.927671; 787601; 16
1670090378.952670; 787626; 16
1670090378.977669; 787651; 16
1670090379.002678; 787676; 16
1670090379.027677; 787701; 16
1670090379.052676; 787726; 16
1670090379.077676; 787751; 16
1670090379.102675; 787776; 16
1670090379.127676; 787801; 17
1670090379.152675; 787826; 17
1670090379.177675; 787851; 17
1670090379.202675; 787876; 17
1670090379.227680; 787901; 16
1670090379.252676; 787926; 16
1670090379.277669; 787951; 16
1670090379.302670; 787976; 16
1670090379.327679; 788001; 16
1670090379.352676; 788026; 16
1670090379.377670; 788051; 16
1670090379.402670; 788076; 16
1670090379.427678; 788101; 16
1670090379.452671; 788126; 16
1670090379.477675; 788151; 16
1670090379.502675; 788176; 16
1670090379.527680; 788201; 17
1670090379.552676; 788226; 17
1670090379.577675; 788251; 17
1670090379.602675; 788276; 17
1670090379.627680; 788301; 16
1670090379.652676; 788326; 16
1670090379.677675; 788351; 16
1670090379.702670; 788376; 16
1670090379.727685; 788401; 16
1670090379.752671; 788426; 16
1670090379.777669; 788451; 16
1670090379.802670; 788476; 16
1670090379.827683; 788501; 16
1670090379.852676; 788526; 16
1670090379.877669; 788551; 16
1670090379.902675; 788576; 16
1670090379.927680; 788601; 16
1670090379.952676; 788626; 16
1670090379.977675; 788651; 16
1670090380.002675; 788676; 16
1670090380.027671; 788701; 16
1670090380.052675; 788726; 16
1670090380.077672; 788751; 16
1670090380.102676; 788776; 16
1670090380.127669; 788801; 16
1670090380.152680; 788826; 16
1670090380.177676; 788851; 16
1670090380.202675; 788876; 16
1670090380.227675; 788901; 16
1670090380.252683; 788926; 16
1670090380.277676; 788951; 16
1670090380.302670; 788976; 16
1670090380.327670; 789001; 16
1670090380.352674; 789026; 16
1670090380.377676; 789051; 16
1670090380.402675; 789076; 16
1670090380.427675; 789101; 16
1670090380.452680; 789126; 16
1670090380.477676; 789151; 16
1670090380.502675; 789176; 16
1670090380.527675; 789201; 16
1670090380.552674; 789226; 16
1670090380.577671; 789251; 16
1670090380.602670; 789276; 16
1670090380.627670; 789301; 16
1670090380.652678; 789326; 16
1670090380.677671; 789351; 16
1670090380.702669; 789376; 16
1670090380.727675; 789401; 16
1670090380.752673; 789426; 16
1670090380.777672; 789451; 16
1670090380.802675; 789476; 16
1670090380.827675; 789501; 16
1670090380.852675; 789526; 16
1670090380.877674; 789551; 16
1670090380.902671; 789576; 16
1670090380.927675; 789601; 16
1670090380.952675; 789626; 17
1670090380.977680; 789651; 17
1670090381.002676; 789676; 17
1670090381.027671; 789701; 17
1670090381.052671; 789726; 16
1670090381.077684; 789751; 16
1670090381.102677; 789776; 16
1670090381.127669; 789801; 16
1670090381.152669; 789826; 16
1670090381.177674; 789851; 16
1670090381.202671; 789876; 16
1670090381.227670; 789901; 16
1670090381.252669; 789926; 16
1670090381.277674; 789951; 16
1670090381.302671; 789976; 16
1670090381.327675; 790001; 16
1670090381.352675; 790026; 16
1670090381.377679; 790051; 16
1670090381.402676; 790076; 16
1670090381.427675; 790101; 16
1670090381.452675; 790126; 16
1670090381.477683; 790151; 16
1670090381.502676; 790176; 16
1670090381.527675; 790201; 16
1670090381.552675; 790226; 16
1670090381.577673; 790251; 16
1670090381.602672; 790276; 16
1670090381.627675; 790301; 16
1670090381.652675; 790326; 16
1670090381.677675; 790351; 16
1670090381.702674; 790376; 16
1670090381.727671; 790401; 16
1670090381.752670; 790426; 16
1670090381.777675; 790451; 16
1670090381.802674; 790476; 16
1670090381.827671; 790501; 16
1670090381.852669; 790526; 16
1670090381.877669; 790551; 16
1670090381.902683; 790576; 16
1670090381.927676; 790601; 16
1670090381.952669; 790626; 16
1670090381.977670; 790651; 16
1670090382.002674; 790676; 16
1670090382.027677; 790701; 16
1670090382.052676; 790726; 16
1670090382.077676; 790751; 16
1670090382.102681; 790776; 16
1670090382.127671; 790801; 16
1670090382.152670; 790826; 16
1670090382.177670; 790851; 16
1670090382.202679; 790876; 16
1670090382.227676; 790901; 16
1670090382.252675; 790926; 16
1670090382.277675; 790951; 16
1670090382.302678; 790976; 16
1670090382.327671; 791001; 16
1670090382.352675; 791026; 16
1670090382.377669; 791051; 16
1670090382.402670; 791076; 16
1670090382.427674; 791101; 16
1670090382.452671; 791126; 16
1670090382.477669; 791151; 16
1670090382.502669; 791176; 16
1670090382.527674; 791201; 16
1670090382.552671; 791226; 16
1670090382.577669; 791251; 16
1670090382.602669; 791276; 16
1670090382.627674; 791301; 16
1670090382.652671; 791326; 16
1670090382.677669; 791351; 16
1670090382.702670; 791376; 16
1670090382.727678; 791401; 16
1670090382.752698; 791426; 16
1670090382.777670; 791451; 16
1670090382.802675; 791476; 16
1670090382.827680; 791501; 16
1670090382.852676; 791526; 16
1670090382.877669; 791551; 16
1670090382.902670; 791576; 16
1670090382.927674; 791601; 16
1670090382.952680; 791626; 16
1670090382.977675; 791651; 16
1670090383.002675; 791676; 16
1670090383.027675; 791701; 16
1670090383.052672; 791726; 16
1670090383.077671; 791751; 16
1670090383.102671; 791776; 16
1670090383.127683; 791801; 16
1670090383.152676; 791826; 16
1670090383.177670; 791851; 16
1670090383.202670; 791876; 16
1670090383.227675; 791901; 16
1670090383.252680; 791926; 16
1670090383.277676; 791951; 16
1670090383.302675; 791976; 16
1670090383.327675; 792001; 16
1670090383.352680; 792026; 16
1670090383.377671; 792051; 16
1670090383.402670; 792076; 16
1670090383.427669; 792101; 16
1670090383.452674; 792126; 16
1670090383.477671; 792151; 16
1670090383.502669; 792176; 16
1670090383.527669; 792201; 16
1670090383.552678; 792226; 16
1670090383.577671; 792251; 16
1670090383.602669; 792276; 16
1670090383.627670; 792301; 16
1670090383.652674; 792326; 16
1670090383.677671; 792351; 16
1670090383.702670; 792376; 16
1670090383.727669; 792401; 16
1670090383.752674; 792426; 16
1670090383.777690; 792451; 16
1670090383.802669; 792476; 16
1670090383.827670; 792501; 16
