1670089655.780036; 64453; 6
1670089655.804676; 64478; 6
1670089655.829670; 64503; 6
1670089655.854670; 64528; 6
1670089655.879674; 64553; 6
1670089655.904684; 64578; 6
1670089655.929675; 64603; 6
1670089655.954670; 64628; 6
1670089655.979670; 64653; 4
1670089656.004675; 64678; 4
1670089656.029676; 64703; 4
1670089656.054675; 64728; 4
1670089656.079671; 64753; 6
1670089656.104675; 64778; 6
1670089656.129675; 64803; 6
1670089656.154671; 64828; 6
1670089656.179670; 64853; 6
1670089656.204670; 64878; 6
1670089656.229675; 64903; 6
1670089656.254671; 64928; 6
1670089656.279670; 64953; 4
1670089656.304670; 64978; 4
1670089656.329670; 65003; 4
1670089656.485281; 65158; 2
1670089656.509672; 65183; 2
1670089656.534670; 65208; 2
1670089656.559670; 65233; 2
1670089656.584675; 65258; 2
1670089656.609671; 65283; 2
1670089656.634670; 65308; 2
1670089656.659670; 65333; 2
1670089656.684675; 65358; 2
1670089656.709671; 65383; 2
1670089656.734670; 65408; 2
1670089656.759670; 65433; 2
1670089656.784670; 65458; 2
1670089656.809675; 65483; 2
1670089656.834671; 65508; 2
1670089656.859670; 65533; 2
1670089656.884669; 65558; 2
1670089656.909686; 65583; 1
1670089656.934670; 65608; 1
1670089656.959677; 65633; 1
1670089656.984678; 65658; 1
1670089657.009669; 65683; 1
1670089657.034683; 65708; 1
1670089657.059680; 65733; 1
1670089657.084670; 65758; 1
1670089657.109679; 65783; 1
1670089657.134679; 65808; 1
1670089657.159675; 65833; 1
1670089657.184674; 65858; 1
1670089657.209674; 65883; 2
1670089657.234674; 65908; 2
1670089657.259672; 65933; 2
1670089657.284674; 65958; 2
1670089657.309674; 65983; 2
1670089657.334670; 66008; 2
1670089657.359678; 66033; 2
1670089657.384675; 66058; 2
1670089657.409674; 66083; 2
1670089657.434674; 66108; 2
1670089657.459679; 66133; 2
1670089657.484675; 66158; 2
1670089657.509674; 66183; 2
1670089657.534670; 66208; 2
1670089657.559670; 66233; 2
1670089657.584679; 66258; 2
1670089657.609675; 66283; 2
1670089657.634674; 66308; 2
1670089657.659674; 66333; 2
1670089657.684679; 66358; 2
1670089657.709675; 66383; 2
1670089657.734674; 66408; 2
1670089657.759674; 66433; 2
1670089657.784674; 66458; 2
1670089657.809678; 66483; 2
1670089657.834671; 66508; 2
1670089657.859670; 66533; 2
1670089657.884674; 66558; 2
1670089657.909679; 66583; 2
1670089657.934675; 66608; 2
1670089657.959674; 66633; 2
1670089657.984674; 66658; 2
1670089658.009679; 66683; 2
1670089658.034676; 66708; 2
1670089658.059671; 66733; 2
1670089658.084675; 66758; 2
1670089658.109671; 66783; 2
1670089658.134679; 66808; 2
1670089658.159675; 66833; 2
1670089658.184674; 66858; 2
1670089658.209674; 66883; 2
1670089658.234678; 66908; 2
1670089658.259671; 66933; 2
1670089658.284670; 66958; 2
1670089658.309670; 66983; 2
1670089658.334670; 67008; 2
1670089658.359679; 67033; 2
1670089658.384671; 67058; 2
1670089658.409674; 67083; 2
1670089658.434674; 67108; 2
1670089658.459679; 67133; 2
1670089658.484675; 67158; 2
1670089658.509674; 67183; 2
1670089658.534674; 67208; 2
1670089658.559687; 67233; 2
1670089658.584675; 67258; 2
1670089658.609674; 67283; 2
1670089658.634674; 67308; 2
1670089658.659674; 67333; 2
1670089658.684678; 67358; 2
1670089658.709671; 67383; 2
1670089658.734670; 67408; 2
1670089658.759702; 67433; 2
1670089658.784675; 67458; 2
1670089658.809671; 67483; 2
1670089658.834674; 67508; 2
1670089658.859674; 67533; 2
1670089658.884674; 67558; 2
1670089658.909679; 67583; 2
1670089658.934675; 67608; 2
1670089658.959674; 67633; 2
1670089658.984670; 67658; 2
1670089659.009675; 67683; 2
1670089659.034677; 67708; 2
1670089659.059675; 67733; 2
1670089659.084671; 67758; 2
1670089659.109678; 67783; 2
1670089659.134677; 67808; 2
1670089659.159674; 67833; 2
1670089659.184674; 67858; 2
1670089659.209674; 67883; 2
1670089659.234679; 67908; 2
1670089659.259675; 67933; 2
1670089659.284674; 67958; 2
1670089659.309674; 67983; 2
1670089659.334679; 68008; 2
1670089659.359675; 68033; 2
1670089659.384674; 68058; 2
1670089659.409674; 68083; 2
1670089659.434674; 68108; 2
1670089659.459679; 68133; 2
1670089659.484675; 68158; 2
1670089659.509674; 68183; 2
1670089659.534674; 68208; 2
1670089659.559678; 68233; 2
1670089659.584709; 68258; 2
1670089659.609670; 68283; 2
1670089659.634670; 68308; 2
1670089659.659670; 68333; 2
1670089659.684675; 68358; 2
1670089659.709671; 68383; 2
1670089659.734670; 68408; 2
1670089659.759670; 68433; 2
1670089659.784687; 68458; 2
1670089659.809675; 68483; 2
1670089659.834674; 68508; 2
1670089659.859674; 68533; 2
1670089659.884679; 68558; 2
1670089659.909675; 68583; 2
1670089659.934674; 68608; 2
1670089659.959674; 68633; 2
1670089659.984674; 68658; 2
1670089660.009682; 68683; 2
1670089660.034676; 68708; 2
1670089660.059675; 68733; 2
1670089660.084671; 68758; 2
1670089660.109680; 68783; 2
1670089660.134675; 68808; 2
1670089660.159674; 68833; 2
1670089660.184674; 68858; 2
1670089660.209670; 68883; 2
1670089660.234675; 68908; 2
1670089660.259671; 68933; 2
1670089660.284670; 68958; 2
1670089660.309670; 68983; 2
1670089660.334675; 69008; 2
1670089660.359671; 69033; 2
1670089660.384674; 69058; 1
1670089660.409674; 69083; 1
1670089660.434681; 69108; 1
1670089660.459672; 69133; 1
1670089660.484674; 69158; 1
1670089660.509674; 69183; 1
1670089660.534674; 69208; 1
1670089660.559679; 69233; 1
1670089660.584675; 69258; 1
1670089660.609689; 69283; 1
1670089660.634670; 69308; 1
1670089660.659675; 69333; 1
1670089660.684671; 69358; 1
1670089660.709670; 69383; 1
1670089660.734670; 69408; 1
1670089660.759670; 69433; 1
1670089660.784675; 69458; 1
1670089660.809674; 69483; 1
1670089660.834670; 69508; 1
1670089660.859670; 69533; 1
1670089660.884682; 69558; 1
1670089660.909675; 69583; 1
1670089660.934674; 69608; 1
1670089660.959674; 69633; 1
1670089660.984674; 69658; 1
1670089661.009679; 69683; 1
1670089661.034672; 69708; 1
1670089661.059675; 69733; 1
1670089661.084671; 69758; 1
1670089661.109680; 69783; 1
1670089661.134675; 69808; 1
1670089661.159674; 69833; 1
1670089661.184674; 69858; 2
1670089661.209679; 69883; 2
1670089661.234675; 69908; 2
1670089661.259674; 69933; 2
1670089661.284670; 69958; 2
1670089661.309670; 69983; 2
1670089661.334682; 70008; 2
1670089661.359675; 70033; 2
1670089661.384670; 70058; 2
1670089661.409670; 70083; 2
1670089661.434679; 70108; 2
1670089661.459675; 70133; 2
1670089661.484674; 70158; 2
1670089661.509674; 70183; 2
1670089661.534674; 70208; 2
1670089661.559679; 70233; 2
1670089661.584675; 70258; 2
1670089661.609674; 70283; 2
1670089661.634676; 70308; 2
1670089661.659675; 70333; 2
1670089661.684671; 70358; 2
1670089661.709670; 70383; 2
1670089661.734670; 70408; 2
1670089661.759682; 70433; 2
1670089661.784675; 70458; 2
1670089661.809674; 70483; 2
1670089661.834674; 70508; 2
1670089661.859670; 70533; 2
1670089661.884679; 70558; 2
1670089661.909675; 70583; 2
1670089661.934674; 70608; 2
1670089661.959674; 70633; 2
1670089661.984679; 70658; 2
1670089662.009675; 70683; 2
1670089662.034671; 70708; 2
1670089662.059675; 70733; 2
1670089662.084671; 70758; 2
1670089662.109676; 70783; 2
1670089662.134675; 70808; 2
1670089662.159674; 70833; 2
1670089662.184674; 70858; 2
1670089662.209678; 70883; 2
1670089662.234671; 70908; 2
1670089662.259674; 70933; 2
1670089662.284674; 70958; 2
1670089662.309674; 70983; 2
1670089662.334672; 71008; 2
1670089662.359674; 71033; 2
1670089662.384670; 71058; 2
1670089662.409670; 71083; 1
1670089662.434675; 71108; 1
1670089662.459671; 71133; 1
1670089662.484670; 71158; 1
1670089662.509674; 71183; 2
1670089662.534679; 71208; 2
1670089662.559675; 71233; 2
1670089662.584674; 71258; 2
1670089662.609674; 71283; 2
1670089662.634674; 71308; 2
1670089662.659683; 71333; 2
1670089662.684675; 71358; 2
1670089662.709674; 71383; 2
1670089662.734674; 71408; 2
1670089662.759679; 71433; 2
1670089662.784675; 71458; 2
1670089662.809674; 71483; 2
1670089662.834674; 71508; 2
1670089662.859670; 71533; 2
1670089662.884679; 71558; 2
1670089662.909675; 71583; 2
1670089662.934674; 71608; 2
1670089662.959674; 71633; 2
1670089662.984679; 71658; 2
1670089663.009675; 71683; 2
1670089663.034671; 71708; 2
1670089663.059675; 71733; 2
1670089663.084679; 71758; 2
1670089663.109677; 71783; 2
1670089663.134670; 71808; 2
1670089663.159670; 71833; 2
1670089663.184670; 71858; 2
1670089663.209675; 71883; 2
1670089663.234671; 71908; 2
1670089663.259670; 71933; 2
1670089663.284670; 71958; 2
1670089663.309675; 71983; 2
1670089663.334671; 72008; 2
1670089663.359670; 72033; 2
1670089663.384674; 72058; 2
1670089663.409674; 72083; 2
1670089663.434679; 72108; 2
1670089663.459675; 72133; 2
1670089663.484674; 72158; 2
1670089663.509674; 72183; 2
1670089663.534682; 72208; 2
1670089663.559675; 72233; 2
1670089663.584674; 72258; 2
1670089663.609674; 72283; 2
1670089663.634674; 72308; 1
1670089663.659672; 72333; 1
1670089663.684674; 72358; 1
1670089663.709674; 72383; 1
1670089663.734670; 72408; 1
1670089663.759675; 72433; 2
1670089663.784671; 72458; 2
1670089663.809670; 72483; 2
1670089663.834670; 72508; 2
1670089663.859675; 72533; 2
1670089663.884671; 72558; 2
1670089663.909674; 72583; 2
1670089663.934674; 72608; 2
1670089663.959674; 72633; 2
1670089663.984682; 72658; 2
1670089664.009675; 72683; 2
1670089664.034671; 72708; 2
1670089664.059675; 72733; 2
1670089664.084697; 72758; 2
1670089664.109677; 72783; 2
1670089664.134670; 72808; 2
1670089664.159674; 72833; 1
1670089664.184674; 72858; 1
1670089664.209679; 72883; 1
1670089664.234675; 72908; 1
1670089664.259674; 72933; 1
1670089664.284674; 72958; 1
1670089664.309675; 72983; 1
1670089664.334671; 73008; 1
1670089664.359670; 73033; 1
1670089664.384674; 73058; 1
1670089664.409678; 73083; 1
1670089664.434671; 73108; 1
1670089664.459670; 73133; 2
1670089664.484670; 73158; 2
1670089664.509670; 73183; 2
1670089664.534675; 73208; 2
1670089664.559671; 73233; 2
1670089664.584670; 73258; 2
1670089664.609670; 73283; 2
1670089664.634675; 73308; 2
1670089664.659671; 73333; 2
1670089664.684670; 73358; 2
1670089664.709670; 73383; 2
1670089664.734670; 73408; 2
1670089664.759675; 73433; 2
1670089664.784671; 73458; 2
1670089664.809670; 73483; 2
1670089664.834670; 73508; 2
1670089664.859682; 73533; 2
1670089664.884675; 73558; 2
1670089664.909683; 73583; 2
1670089664.934670; 73608; 2
1670089664.959679; 73633; 2
1670089664.984675; 73658; 2
1670089665.009674; 73683; 2
1670089665.034675; 73708; 2
1670089665.059671; 73733; 2
1670089665.084680; 73758; 2
1670089665.109696; 73783; 2
1670089665.134670; 73808; 2
1670089665.159670; 73833; 2
1670089665.184675; 73858; 2
1670089665.209671; 73883; 2
1670089665.234670; 73908; 2
1670089665.259670; 73933; 2
1670089665.284670; 73958; 1
1670089665.309678; 73983; 1
1670089665.334671; 74008; 1
1670089665.359670; 74033; 1
1670089665.384670; 74058; 2
1670089665.409675; 74083; 2
1670089665.434671; 74108; 2
1670089665.459670; 74133; 2
1670089665.484670; 74158; 2
1670089665.509678; 74183; 2
1670089665.534672; 74208; 2
1670089665.559674; 74233; 2
1670089665.584674; 74258; 2
1670089665.609674; 74283; 2
1670089665.634679; 74308; 2
1670089665.659675; 74333; 2
1670089665.684674; 74358; 1
1670089665.709674; 74383; 1
1670089665.734678; 74408; 1
1670089665.759671; 74433; 1
1670089665.784674; 74458; 1
1670089665.809674; 74483; 1
1670089665.834674; 74508; 1
1670089665.859679; 74533; 1
1670089665.884675; 74558; 2
1670089665.909674; 74583; 2
1670089665.934671; 74608; 2
1670089665.959675; 74633; 2
1670089665.984671; 74658; 2
1670089666.009670; 74683; 2
1670089666.034675; 74708; 2
1670089666.059671; 74733; 2
1670089666.084680; 74758; 2
1670089666.109672; 74783; 2
1670089666.134674; 74808; 2
1670089666.159674; 74833; 2
1670089666.184681; 74858; 2
1670089666.209675; 74883; 2
1670089666.234674; 74908; 2
1670089666.259674; 74933; 2
1670089666.284679; 74958; 2
1670089666.309675; 74983; 2
1670089666.334674; 75008; 2
1670089666.359670; 75033; 2
1670089666.384674; 75058; 2
1670089666.409679; 75083; 2
1670089666.434675; 75108; 2
1670089666.459674; 75133; 2
1670089666.484674; 75158; 2
1670089666.509679; 75183; 2
1670089666.534675; 75208; 2
1670089666.559670; 75233; 2
1670089666.584670; 75258; 2
1670089666.609670; 75283; 1
1670089666.634682; 75308; 1
1670089666.659675; 75333; 1
1670089666.684674; 75358; 1
1670089666.709674; 75383; 1
1670089666.734679; 75408; 1
1670089666.759671; 75433; 1
1670089666.784670; 75458; 1
1670089666.809670; 75483; 1
1670089666.834677; 75508; 1
1670089666.859677; 75533; 1
1670089666.884670; 75558; 1
1670089666.909670; 75583; 1
1670089666.934670; 75608; 1
1670089666.959678; 75633; 1
1670089666.984675; 75658; 1
1670089667.009674; 75683; 1
1670089667.034675; 75708; 1
1670089667.059680; 75733; 1
1670089667.084676; 75758; 1
1670089667.109675; 75783; 1
1670089667.134674; 75808; 1
1670089667.159673; 75833; 1
1670089667.184675; 75858; 1
1670089667.209671; 75883; 1
1670089667.234670; 75908; 2
1670089667.259670; 75933; 2
1670089667.284675; 75958; 2
1670089667.309671; 75983; 2
1670089667.334670; 76008; 2
1670089667.359670; 76033; 2
1670089667.384674; 76058; 2
1670089667.409679; 76083; 2
1670089667.434671; 76108; 2
1670089667.459670; 76133; 2
1670089667.484670; 76158; 2
1670089667.509682; 76183; 2
1670089667.534675; 76208; 2
1670089667.559674; 76233; 2
1670089667.584670; 76258; 2
1670089667.609675; 76283; 2
1670089667.634671; 76308; 2
1670089667.659670; 76333; 2
1670089667.684670; 76358; 2
1670089667.709670; 76383; 2
1670089667.734675; 76408; 2
1670089667.759671; 76433; 2
1670089667.784674; 76458; 2
1670089667.809674; 76483; 2
1670089667.834675; 76508; 2
1670089667.859671; 76533; 2
1670089667.884670; 76558; 2
1670089667.909670; 76583; 2
1670089667.934670; 76608; 2
1670089667.959678; 76633; 2
1670089667.984675; 76658; 2
1670089668.009674; 76683; 2
1670089668.034675; 76708; 1
1670089668.059676; 76733; 1
1670089668.084676; 76758; 1
1670089668.109671; 76783; 1
1670089668.134670; 76808; 1
1670089668.159675; 76833; 1
1670089668.184675; 76858; 1
1670089668.209670; 76883; 1
1670089668.234674; 76908; 1
1670089668.259674; 76933; 1
1670089668.284679; 76958; 1
1670089668.309675; 76983; 1
1670089668.334674; 77008; 1
1670089668.359674; 77033; 1
1670089668.384682; 77058; 1
1670089668.409675; 77083; 1
1670089668.434674; 77108; 1
1670089668.459674; 77133; 1
1670089668.484674; 77158; 1
1670089668.509679; 77183; 1
1670089668.534675; 77208; 1
1670089668.559674; 77233; 1
1670089668.584674; 77258; 1
1670089668.609675; 77283; 1
1670089668.634671; 77308; 1
1670089668.659670; 77333; 1
1670089668.684670; 77358; 1
1670089668.709678; 77383; 1
1670089668.734676; 77408; 1
1670089668.759674; 77433; 1
1670089668.784674; 77458; 1
1670089668.809670; 77483; 1
1670089668.834678; 77508; 1
1670089668.859671; 77533; 1
1670089668.884670; 77558; 1
1670089668.909670; 77583; 1
1670089668.934675; 77608; 1
1670089668.959671; 77633; 1
1670089668.984670; 77658; 1
1670089669.009670; 77683; 1
1670089669.034675; 77708; 1
1670089669.059680; 77733; 1
1670089669.084672; 77758; 1
1670089669.109675; 77783; 1
1670089669.134674; 77808; 1
1670089669.159679; 77833; 1
1670089669.184675; 77858; 1
1670089669.209674; 77883; 1
1670089669.234674; 77908; 1
1670089669.259674; 77933; 1
1670089669.284678; 77958; 1
1670089669.309671; 77983; 1
1670089669.334670; 78008; 1
1670089669.359670; 78033; 1
1670089669.384679; 78058; 1
1670089669.409695; 78083; 1
1670089669.434674; 78108; 1
1670089669.459674; 78133; 1
1670089669.484679; 78158; 1
1670089669.509675; 78183; 1
1670089669.534674; 78208; 1
1670089669.559674; 78233; 1
1670089669.584674; 78258; 1
1670089669.609679; 78283; 1
1670089669.634675; 78308; 1
1670089669.659674; 78333; 1
1670089669.684674; 78358; 1
1670089669.709682; 78383; 1
1670089669.734675; 78408; 1
1670089669.759674; 78433; 1
1670089669.784674; 78458; 1
1670089669.809674; 78483; 1
1670089669.834675; 78508; 1
1670089669.859671; 78533; 1
1670089669.884670; 78558; 1
1670089669.909670; 78583; 1
1670089669.934675; 78608; 1
1670089669.959671; 78633; 1
1670089669.984670; 78658; 1
1670089670.009670; 78683; 1
1670089670.034675; 78708; 1
1670089670.059677; 78733; 1
1670089670.084675; 78758; 1
1670089670.109671; 78783; 1
1670089670.134670; 78808; 1
1670089670.159682; 78833; 1
1670089670.184675; 78858; 1
1670089670.209674; 78883; 1
1670089670.234701; 78908; 1
1670089670.259675; 78933; 1
1670089670.284671; 78958; 1
1670089670.309670; 78983; 1
1670089670.334670; 79008; 1
1670089670.359670; 79033; 1
1670089670.384679; 79058; 1
1670089670.409675; 79083; 1
1670089670.434686; 79108; 1
1670089670.459670; 79133; 1
1670089670.484675; 79158; 1
1670089670.509671; 79183; 1
1670089670.534670; 79208; 1
1670089670.559670; 79233; 1
1670089670.584670; 79258; 1
1670089670.609682; 79283; 1
1670089670.634675; 79308; 1
1670089670.659674; 79333; 1
1670089670.684674; 79358; 1
1670089670.709679; 79383; 1
1670089670.734675; 79408; 1
1670089670.759674; 79433; 1
1670089670.784674; 79458; 1
1670089670.809679; 79483; 1
1670089670.834675; 79508; 1
1670089670.859674; 79533; 1
1670089670.884674; 79558; 1
1670089670.909674; 79583; 1
1670089670.934679; 79608; 1
1670089670.959675; 79633; 1
1670089670.984674; 79658; 1
1670089671.009674; 79683; 1
1670089671.034680; 79708; 1
1670089671.059676; 79733; 1
1670089671.084675; 79758; 1
1670089671.109671; 79783; 1
1670089671.134670; 79808; 1
1670089671.159675; 79833; 1
1670089671.184671; 79858; 1
1670089671.209670; 79883; 1
1670089671.234670; 79908; 1
1670089671.259682; 79933; 1
1670089671.284675; 79958; 1
1670089671.309674; 79983; 1
1670089671.334674; 80008; 1
1670089671.359679; 80033; 1
1670089671.384671; 80058; 1
1670089671.409670; 80083; 1
1670089671.434670; 80108; 1
1670089671.459674; 80133; 1
1670089671.484678; 80158; 1
1670089671.509690; 80183; 1
1670089671.534670; 80208; 1
1670089671.559670; 80233; 1
1670089671.584675; 80258; 1
1670089671.609671; 80283; 1
1670089671.634670; 80308; 1
1670089671.659670; 80333; 1
1670089671.684670; 80358; 1
1670089671.709675; 80383; 1
1670089671.734671; 80408; 1
1670089671.759670; 80433; 1
1670089671.784670; 80458; 1
1670089671.809675; 80483; 1
1670089671.834671; 80508; 1
1670089671.859670; 80533; 1
1670089671.884674; 80558; 1
1670089671.909677; 80583; 1
1670089671.934676; 80608; 1
1670089671.959674; 80633; 1
1670089671.984674; 80658; 1
1670089672.009674; 80683; 1
1670089672.034680; 80708; 1
1670089672.059672; 80733; 1
1670089672.084675; 80758; 1
1670089672.109671; 80783; 1
1670089672.134679; 80808; 1
1670089672.159675; 80833; 1
1670089672.184674; 80858; 1
1670089672.209674; 80883; 1
1670089672.234674; 80908; 1
1670089672.259679; 80933; 1
1670089672.284671; 80958; 1
1670089672.309670; 80983; 1
1670089672.334670; 81008; 1
1670089672.359678; 81033; 1
1670089672.384675; 81058; 1
1670089672.409674; 81083; 1
1670089672.434674; 81108; 2
1670089672.459674; 81133; 2
1670089672.484675; 81158; 2
1670089672.509671; 81183; 2
1670089672.534670; 81208; 1
1670089672.559670; 81233; 1
1670089672.584675; 81258; 1
1670089672.609671; 81283; 1
1670089672.634670; 81308; 1
1670089672.659670; 81333; 1
1670089672.684675; 81358; 1
1670089672.709671; 81383; 1
1670089672.734670; 81408; 2
1670089672.759670; 81433; 2
1670089672.784670; 81458; 2
1670089672.809678; 81483; 2
1670089672.834671; 81508; 2
1670089672.859670; 81533; 2
1670089672.884674; 81558; 2
1670089672.909679; 81583; 2
1670089672.934675; 81608; 2
1670089672.959674; 81633; 2
1670089672.984674; 81658; 2
1670089673.009674; 81683; 2
1670089673.034676; 81708; 2
1670089673.059676; 81733; 1
1670089673.084675; 81758; 1
1670089673.109675; 81783; 1
1670089673.134679; 81808; 1
1670089673.159675; 81833; 2
1670089673.184674; 81858; 2
1670089673.209674; 81883; 2
1670089673.234677; 81908; 2
1670089673.259672; 81933; 2
1670089673.284674; 81958; 2
1670089673.309674; 81983; 2
1670089673.334674; 82008; 2
1670089673.359679; 82033; 2
1670089673.384671; 82058; 2
1670089673.409670; 82083; 2
1670089673.434670; 82108; 2
1670089673.459675; 82133; 2
1670089673.484671; 82158; 2
1670089673.509670; 82183; 2
1670089673.534670; 82208; 2
1670089673.559674; 82233; 2
1670089673.584679; 82258; 2
1670089673.609675; 82283; 2
1670089673.634674; 82308; 2
1670089673.659674; 82333; 2
1670089673.684678; 82358; 2
1670089673.709671; 82383; 2
1670089673.734674; 82408; 2
1670089673.759674; 82433; 2
1670089673.784674; 82458; 2
1670089673.809679; 82483; 2
1670089673.834675; 82508; 2
1670089673.859674; 82533; 2
1670089673.884674; 82558; 2
1670089673.909679; 82583; 2
1670089673.934675; 82608; 2
1670089673.959674; 82633; 2
1670089673.984670; 82658; 2
1670089674.009675; 82683; 2
1670089674.034677; 82708; 2
1670089674.059675; 82733; 2
1670089674.084671; 82758; 2
1670089674.109675; 82783; 2
1670089674.134678; 82808; 2
1670089674.159671; 82833; 2
1670089674.184673; 82858; 2
1670089674.209674; 82883; 2
1670089674.234679; 82908; 2
1670089674.259675; 82933; 2
1670089674.284674; 82958; 2
1670089674.309674; 82983; 2
1670089674.334674; 83008; 2
1670089674.359679; 83033; 2
1670089674.384675; 83058; 2
1670089674.409674; 83083; 2
1670089674.434674; 83108; 2
1670089674.459679; 83133; 2
1670089674.484675; 83158; 2
1670089674.509674; 83183; 2
1670089674.534679; 83208; 2
1670089674.559678; 83233; 2
1670089674.584671; 83258; 2
1670089674.609670; 83283; 2
1670089674.634670; 83308; 2
1670089674.659670; 83333; 2
1670089674.684675; 83358; 2
1670089674.709671; 83383; 2
1670089674.734686; 83408; 2
1670089674.759674; 83433; 2
1670089674.784679; 83458; 2
1670089674.809671; 83483; 2
1670089674.834670; 83508; 2
1670089674.859670; 83533; 2
1670089674.884674; 83558; 2
1670089674.909679; 83583; 2
1670089674.934675; 83608; 2
1670089674.959670; 83633; 2
1670089674.984670; 83658; 2
1670089675.009678; 83683; 2
1670089675.034677; 83708; 2
1670089675.059675; 83733; 2
1670089675.084671; 83758; 2
1670089675.109675; 83783; 2
1670089675.134672; 83808; 2
1670089675.159674; 83833; 2
1670089675.184674; 83858; 3
1670089675.209674; 83883; 3
1670089675.234679; 83908; 3
1670089675.259675; 83933; 3
1670089675.284674; 83958; 4
1670089675.309674; 83983; 4
1670089675.334679; 84008; 4
1670089675.359675; 84033; 4
1670089675.384670; 84058; 4
1670089675.409670; 84083; 4
1670089675.434670; 84108; 4
1670089675.459682; 84133; 4
1670089675.484675; 84158; 4
1670089675.509674; 84183; 5
1670089675.534674; 84208; 5
1670089675.559719; 84233; 5
1670089675.584671; 84258; 5
1670089675.609674; 84283; 5
1670089675.634674; 84308; 5
1670089675.659674; 84333; 5
1670089675.684679; 84358; 5
1670089675.709675; 84383; 5
1670089675.734674; 84408; 5
1670089675.759683; 84433; 5
1670089675.784675; 84458; 5
1670089675.809671; 84483; 5
1670089675.834670; 84508; 5
1670089675.859670; 84533; 5
1670089675.884682; 84558; 5
1670089675.909675; 84583; 5
1670089675.934674; 84608; 5
1670089675.959674; 84633; 5
1670089675.984674; 84658; 5
1670089676.009679; 84683; 5
1670089676.034676; 84708; 5
1670089676.059671; 84733; 5
1670089676.084675; 84758; 5
1670089676.109680; 84783; 5
1670089676.134675; 84808; 5
1670089676.159674; 84833; 5
1670089676.184670; 84858; 5
1670089676.209670; 84883; 5
1670089676.234675; 84908; 5
1670089676.259671; 84933; 5
1670089676.284670; 84958; 5
1670089676.309670; 84983; 5
1670089676.334678; 85008; 5
1670089676.359671; 85033; 5
1670089676.384670; 85058; 5
1670089676.409670; 85083; 5
1670089676.434678; 85108; 5
1670089676.459677; 85133; 5
1670089676.484674; 85158; 5
1670089676.509674; 85183; 5
1670089676.534674; 85208; 5
1670089676.559679; 85233; 5
1670089676.584674; 85258; 5
1670089676.609674; 85283; 5
1670089676.634674; 85308; 5
1670089676.659679; 85333; 5
1670089676.684675; 85358; 5
1670089676.709674; 85383; 5
1670089676.734674; 85408; 5
1670089676.759674; 85433; 5
1670089676.784682; 85458; 5
1670089676.809675; 85483; 5
1670089676.834672; 85508; 6
1670089676.859670; 85533; 6
1670089676.884675; 85558; 6
1670089676.909671; 85583; 6
1670089676.934670; 85608; 14
1670089676.959670; 85633; 14
1670089676.984674; 85658; 14
1670089677.009676; 85683; 14
1670089677.034675; 85708; 20
1670089677.059675; 85733; 20
1670089677.084675; 85758; 20
1670089677.109680; 85783; 20
1670089677.134671; 85808; 24
1670089677.159674; 85833; 24
1670089677.184674; 85858; 24
1670089677.209678; 85883; 24
1670089677.234675; 85908; 25
1670089677.259674; 85933; 25
1670089677.284674; 85958; 25
1670089677.309679; 85983; 25
1670089677.334675; 86008; 26
1670089677.359674; 86033; 26
1670089677.384670; 86058; 26
1670089677.409674; 86083; 26
1670089677.434679; 86108; 26
1670089677.459675; 86133; 26
1670089677.484674; 86158; 26
1670089677.509674; 86183; 26
1670089677.534679; 86208; 30
1670089677.559675; 86233; 30
1670089677.584674; 86258; 30
1670089677.609674; 86283; 30
1670089677.634682; 86308; 30
1670089677.659675; 86333; 30
1670089677.684674; 86358; 30
1670089677.709674; 86383; 30
1670089677.734679; 86408; 30
1670089677.759675; 86433; 30
1670089677.784674; 86458; 30
1670089677.809670; 86483; 30
1670089677.834674; 86508; 30
1670089677.859679; 86533; 30
1670089677.884675; 86558; 30
1670089677.909674; 86583; 30
1670089677.934674; 86608; 30
1670089677.959679; 86633; 31
1670089677.984675; 86658; 31
1670089678.009674; 86683; 31
1670089678.034675; 86708; 31
1670089678.059684; 86733; 30
1670089678.084676; 86758; 30
1670089678.109675; 86783; 30
1670089678.134670; 86808; 30
1670089678.159675; 86833; 30
1670089678.184671; 86858; 30
1670089678.209674; 86883; 30
1670089678.234674; 86908; 30
1670089678.259674; 86933; 30
1670089678.284679; 86958; 30
1670089678.309675; 86983; 30
1670089678.334674; 87008; 30
1670089678.359674; 87033; 32
1670089678.384675; 87058; 32
1670089678.409671; 87083; 32
1670089678.434670; 87108; 32
1670089678.459670; 87133; 32
1670089678.484678; 87158; 32
1670089678.509675; 87183; 32
1670089678.534674; 87208; 32
1670089678.559674; 87233; 33
1670089678.584674; 87258; 33
1670089678.609672; 87283; 33
1670089678.634670; 87308; 33
1670089678.659670; 87333; 31
1670089678.684670; 87358; 31
1670089678.709679; 87383; 31
1670089678.734675; 87408; 31
1670089678.759674; 87433; 33
1670089678.784674; 87458; 33
1670089678.809679; 87483; 33
1670089678.834671; 87508; 33
1670089678.859674; 87533; 33
1670089678.884674; 87558; 32
1670089678.909678; 87583; 32
1670089678.934675; 87608; 32
1670089678.959674; 87633; 32
1670089678.984674; 87658; 32
1670089679.009674; 87683; 32
1670089679.034676; 87708; 32
1670089679.059672; 87733; 32
1670089679.084671; 87758; 32
1670089679.109675; 87783; 32
1670089679.134675; 87808; 32
1670089679.159671; 87833; 32
1670089679.184670; 87858; 33
1670089679.209670; 87883; 33
1670089679.234675; 87908; 33
1670089679.259675; 87933; 33
1670089679.284674; 87958; 34
1670089679.309670; 87983; 34
1670089679.334678; 88008; 34
1670089679.359675; 88033; 34
1670089679.384670; 88058; 39
1670089679.409670; 88083; 39
1670089679.434670; 88108; 39
1670089679.459675; 88133; 39
1670089679.484671; 88158; 40
1670089679.509674; 88183; 40
1670089679.534674; 88208; 40
1670089679.559679; 88233; 40
1670089679.584675; 88258; 39
1670089679.609674; 88283; 39
1670089679.634674; 88308; 39
1670089679.659679; 88333; 39
1670089679.684675; 88358; 40
1670089679.709670; 88383; 40
1670089679.734670; 88408; 40
1670089679.759682; 88433; 40
1670089679.784675; 88458; 43
1670089679.809674; 88483; 43
1670089679.834674; 88508; 43
1670089679.859685; 88533; 43
1670089679.884675; 88558; 46
1670089679.909671; 88583; 46
1670089679.934674; 88608; 46
1670089679.959674; 88633; 46
1670089679.984679; 88658; 46
1670089680.009675; 88683; 48
1670089680.034671; 88708; 48
1670089680.059694; 88733; 48
1670089680.084680; 88758; 48
1670089680.109676; 88783; 45
1670089680.134670; 88808; 45
1670089680.159670; 88833; 45
1670089680.184677; 88858; 45
1670089680.209676; 88883; 43
1670089680.234670; 88908; 43
1670089680.259670; 88933; 43
1670089680.284674; 88958; 43
1670089680.309679; 88983; 39
1670089680.334675; 89008; 39
1670089680.359674; 89033; 39
1670089680.384670; 89058; 39
1670089680.409675; 89083; 41
1670089680.434671; 89108; 41
1670089680.459674; 89133; 41
1670089680.484674; 89158; 41
1670089680.509679; 89183; 40
1670089680.534675; 89208; 40
1670089680.559674; 89233; 40
1670089680.584674; 89258; 40
1670089680.609674; 89283; 36
1670089680.634678; 89308; 36
1670089680.659675; 89333; 36
1670089680.684674; 89358; 36
1670089680.709674; 89383; 32
1670089680.734679; 89408; 32
1670089680.759675; 89433; 32
1670089680.784674; 89458; 32
1670089680.809674; 89483; 26
1670089680.834679; 89508; 26
1670089680.859675; 89533; 26
1670089680.884681; 89558; 26
1670089680.909674; 89583; 18
1670089680.934675; 89608; 18
1670089680.959671; 89633; 18
1670089680.984674; 89658; 18
1670089681.009674; 89683; 8
1670089681.034675; 89708; 8
1670089681.059679; 89733; 8
1670089681.084672; 89758; 8
1670089681.109671; 89783; 8
1670089681.134670; 89808; 6
1670089681.159675; 89833; 6
1670089681.184671; 89858; 6
1670089681.209670; 89883; 6
1670089681.234670; 89908; 6
1670089681.259678; 89933; 6
1670089681.284677; 89958; 6
1670089681.309670; 89983; 6
1670089681.334670; 90008; 6
1670089681.359674; 90033; 6
1670089681.384675; 90058; 6
1670089681.409671; 90083; 6
1670089681.434670; 90108; 6
1670089681.459670; 90133; 6
1670089681.484678; 90158; 6
1670089681.509675; 90183; 6
1670089681.534674; 90208; 6
1670089681.559674; 90233; 6
1670089681.584674; 90258; 6
1670089681.609679; 90283; 6
1670089681.634675; 90308; 6
1670089681.659674; 90333; 6
1670089681.684674; 90358; 6
1670089681.709679; 90383; 6
1670089681.734675; 90408; 5
1670089681.759674; 90433; 5
1670089681.784674; 90458; 5
1670089681.809674; 90483; 5
1670089681.834679; 90508; 5
1670089681.859675; 90533; 5
1670089681.884674; 90558; 5
1670089681.909675; 90583; 5
1670089681.934678; 90608; 5
1670089681.959671; 90633; 5
1670089681.984670; 90658; 5
1670089682.009670; 90683; 5
1670089682.034680; 90708; 5
1670089682.059672; 90733; 5
1670089682.084675; 90758; 5
1670089682.109675; 90783; 5
1670089682.134674; 90808; 5
1670089682.159680; 90833; 5
1670089682.184675; 90858; 5
1670089682.209674; 90883; 5
1670089682.234674; 90908; 5
1670089682.259679; 90933; 5
1670089682.284675; 90958; 5
1670089682.309674; 90983; 5
1670089682.334670; 91008; 5
1670089682.359670; 91033; 5
1670089682.384678; 91058; 5
1670089682.409671; 91083; 5
1670089682.434670; 91108; 5
1670089682.459670; 91133; 5
1670089682.484675; 91158; 5
1670089682.509671; 91183; 5
1670089682.534674; 91208; 5
1670089682.559674; 91233; 5
1670089682.584679; 91258; 5
1670089682.609675; 91283; 5
1670089682.634674; 91308; 5
1670089682.659674; 91333; 5
1670089682.684674; 91358; 5
1670089682.709679; 91383; 5
1670089682.734675; 91408; 5
1670089682.759674; 91433; 5
1670089682.784674; 91458; 5
1670089682.809678; 91483; 5
1670089682.834671; 91508; 5
1670089682.859670; 91533; 5
1670089682.884670; 91558; 5
1670089682.909670; 91583; 5
1670089682.934678; 91608; 5
1670089682.959675; 91633; 5
1670089682.984674; 91658; 5
1670089683.009674; 91683; 5
1670089683.034676; 91708; 5
1670089683.059676; 91733; 5
1670089683.084671; 91758; 5
1670089683.109675; 91783; 5
1670089683.134678; 91808; 5
1670089683.159676; 91833; 5
1670089683.184674; 91858; 5
1670089683.209674; 91883; 5
1670089683.234674; 91908; 5
1670089683.259678; 91933; 5
1670089683.284671; 91958; 5
1670089683.309670; 91983; 5
1670089683.334670; 92008; 5
1670089683.359675; 92033; 6
1670089683.384675; 92058; 6
1670089683.409674; 92083; 6
1670089683.434674; 92108; 6
1670089683.459674; 92133; 6
1670089683.484679; 92158; 7
1670089683.509675; 92183; 7
1670089683.534674; 92208; 7
1670089683.559674; 92233; 7
1670089683.584679; 92258; 8
1670089683.609675; 92283; 8
1670089683.634674; 92308; 8
1670089683.659674; 92333; 8
1670089683.684674; 92358; 8
1670089683.709683; 92383; 8
1670089683.734675; 92408; 8
1670089683.759674; 92433; 8
1670089683.784674; 92458; 8
1670089683.809675; 92483; 8
1670089683.834671; 92508; 8
1670089683.859670; 92533; 8
1670089683.884670; 92558; 8
1670089683.909675; 92583; 8
1670089683.934671; 92608; 8
1670089683.959670; 92633; 8
1670089683.984670; 92658; 8
1670089684.009670; 92683; 8
1670089684.034680; 92708; 8
1670089684.059672; 92733; 8
1670089684.084675; 92758; 6
1670089684.109671; 92783; 6
1670089684.134683; 92808; 6
1670089684.159671; 92833; 6
1670089684.184674; 92858; 4
1670089684.209674; 92883; 4
1670089684.234674; 92908; 4
1670089684.259679; 92933; 4
1670089684.284675; 92958; 4
1670089684.309674; 92983; 4
1670089684.334674; 93008; 4
1670089684.359679; 93033; 4
1670089684.384671; 93058; 3
1670089684.409670; 93083; 3
1670089684.434670; 93108; 3
1670089684.459678; 93133; 3
1670089684.484677; 93158; 3
1670089684.509674; 93183; 3
1670089684.534674; 93208; 3
1670089684.559674; 93233; 3
1670089684.584682; 93258; 3
1670089684.609675; 93283; 3
1670089684.634670; 93308; 3
1670089684.659670; 93333; 3
1670089684.684675; 93358; 3
1670089684.709671; 93383; 2
1670089684.734670; 93408; 2
1670089684.759670; 93433; 2
1670089684.784674; 93458; 2
1670089684.809679; 93483; 2
1670089684.834675; 93508; 2
1670089684.859674; 93533; 2
1670089684.884674; 93558; 2
1670089684.909679; 93583; 2
1670089684.934675; 93608; 2
1670089684.959674; 93633; 2
1670089684.984674; 93658; 2
1670089685.009674; 93683; 2
1670089685.034684; 93708; 2
1670089685.059672; 93733; 2
1670089685.084675; 93758; 2
1670089685.109671; 93783; 2
1670089685.134675; 93808; 2
1670089685.159671; 93833; 2
1670089685.184697; 93858; 2
1670089685.209674; 93883; 2
1670089685.234679; 93908; 2
1670089685.259675; 93933; 2
1670089685.284674; 93958; 2
1670089685.309674; 93983; 2
1670089685.334674; 94008; 2
1670089685.359679; 94033; 2
1670089685.384691; 94058; 2
1670089685.409670; 94083; 2
1670089685.434670; 94108; 2
1670089685.459678; 94133; 2
1670089685.484671; 94158; 2
1670089685.509670; 94183; 2
1670089685.534670; 94208; 2
1670089685.559670; 94233; 2
1670089685.584675; 94258; 2
1670089685.609671; 94283; 2
1670089685.634670; 94308; 2
1670089685.659670; 94333; 2
1670089685.684675; 94358; 2
1670089685.709671; 94383; 2
1670089685.734670; 94408; 2
1670089685.759670; 94433; 2
1670089685.784675; 94458; 2
1670089685.809675; 94483; 2
1670089685.834674; 94508; 2
1670089685.859670; 94533; 2
1670089685.884670; 94558; 2
1670089685.909678; 94583; 2
1670089685.934671; 94608; 2
1670089685.959670; 94633; 2
1670089685.984670; 94658; 2
1670089686.009675; 94683; 2
1670089686.034676; 94708; 2
1670089686.059671; 94733; 2
1670089686.084675; 94758; 2
1670089686.109671; 94783; 2
1670089686.134679; 94808; 2
1670089686.159675; 94833; 2
1670089686.184674; 94858; 2
1670089686.209710; 94883; 2
1670089686.234679; 94908; 2
1670089686.259671; 94933; 2
1670089686.284670; 94958; 2
1670089686.309670; 94983; 2
1670089686.334677; 95008; 2
1670089686.359672; 95033; 2
1670089686.384670; 95058; 2
1670089686.409669; 95083; 2
1670089686.434674; 95108; 2
1670089686.459679; 95133; 2
1670089686.484675; 95158; 2
1670089686.509674; 95183; 2
1670089686.534674; 95208; 2
1670089686.559679; 95233; 2
1670089686.584675; 95258; 2
1670089686.609674; 95283; 2
1670089686.634674; 95308; 2
1670089686.659674; 95333; 2
1670089686.684679; 95358; 2
1670089686.709675; 95383; 2
1670089686.734674; 95408; 2
1670089686.759674; 95433; 2
1670089686.784678; 95458; 2
1670089686.809671; 95483; 2
1670089686.834670; 95508; 2
1670089686.859670; 95533; 2
1670089686.884670; 95558; 2
1670089686.909675; 95583; 2
1670089686.934671; 95608; 2
1670089686.959670; 95633; 2
1670089686.984670; 95658; 2
1670089687.009675; 95683; 2
1670089687.034672; 95708; 2
1670089687.059675; 95733; 2
1670089687.084675; 95758; 2
1670089687.109680; 95783; 2
1670089687.134675; 95808; 2
1670089687.159674; 95833; 2
1670089687.184674; 95858; 2
1670089687.209674; 95883; 2
1670089687.234685; 95908; 2
1670089687.259675; 95933; 2
1670089687.284674; 95958; 2
1670089687.309674; 95983; 2
1670089687.334679; 96008; 2
1670089687.359675; 96033; 2
1670089687.384670; 96058; 2
1670089687.409670; 96083; 2
1670089687.434670; 96108; 2
1670089687.459679; 96133; 2
1670089687.484676; 96158; 2
1670089687.509674; 96183; 2
1670089687.534674; 96208; 2
1670089687.559679; 96233; 3
1670089687.584675; 96258; 3
1670089687.609674; 96283; 3
1670089687.634674; 96308; 3
1670089687.659677; 96333; 2
1670089687.684672; 96358; 2
1670089687.709674; 96383; 2
1670089687.734674; 96408; 2
1670089687.759674; 96433; 2
1670089687.784679; 96458; 2
1670089687.809675; 96483; 2
1670089687.834674; 96508; 2
1670089687.859674; 96533; 2
1670089687.884679; 96558; 2
1670089687.909675; 96583; 2
1670089687.934674; 96608; 2
1670089687.959674; 96633; 3
1670089687.984674; 96658; 3
1670089688.009679; 96683; 3
1670089688.034676; 96708; 3
1670089688.059675; 96733; 2
1670089688.084671; 96758; 2
1670089688.109679; 96783; 2
1670089688.134675; 96808; 2
1670089688.159674; 96833; 2
1670089688.184674; 96858; 2
1670089688.209674; 96883; 2
1670089688.234679; 96908; 2
1670089688.259675; 96933; 2
1670089688.284674; 96958; 2
1670089688.309674; 96983; 2
1670089688.334679; 97008; 2
1670089688.359675; 97033; 2
1670089688.384670; 97058; 2
1670089688.409670; 97083; 2
1670089688.434675; 97108; 2
1670089688.459671; 97133; 2
1670089688.484674; 97158; 2
1670089688.509674; 97183; 2
1670089688.534674; 97208; 2
1670089688.559678; 97233; 2
1670089688.584671; 97258; 2
1670089688.609670; 97283; 2
1670089688.634670; 97308; 2
1670089688.659675; 97333; 2
1670089688.684675; 97358; 2
1670089688.709674; 97383; 2
1670089688.734674; 97408; 2
1670089688.759674; 97433; 2
1670089688.784679; 97458; 2
1670089688.809675; 97483; 2
1670089688.834674; 97508; 2
1670089688.859674; 97533; 2
1670089688.884675; 97558; 2
1670089688.909671; 97583; 2
1670089688.934670; 97608; 2
1670089688.959670; 97633; 2
1670089688.984678; 97658; 2
1670089689.009671; 97683; 2
1670089689.034675; 97708; 2
1670089689.059671; 97733; 2
1670089689.084675; 97758; 2
1670089689.109676; 97783; 2
1670089689.134671; 97808; 2
1670089689.159670; 97833; 2
1670089689.184670; 97858; 2
1670089689.209675; 97883; 2
1670089689.234671; 97908; 2
1670089689.259670; 97933; 2
1670089689.284674; 97958; 2
1670089689.309674; 97983; 2
1670089689.334679; 98008; 2
1670089689.359675; 98033; 2
1670089689.384670; 98058; 2
1670089689.409670; 98083; 2
1670089689.434682; 98108; 2
1670089689.459675; 98133; 2
1670089689.484674; 98158; 2
1670089689.509674; 98183; 2
1670089689.534678; 98208; 2
1670089689.559676; 98233; 2
1670089689.584674; 98258; 2
1670089689.609674; 98283; 2
1670089689.634674; 98308; 2
1670089689.659679; 98333; 2
1670089689.684675; 98358; 2
1670089689.709674; 98383; 2
1670089689.734674; 98408; 2
1670089689.759679; 98433; 2
1670089689.784675; 98458; 2
1670089689.809674; 98483; 2
1670089689.834674; 98508; 2
1670089689.859674; 98533; 2
1670089689.884678; 98558; 2
1670089689.909675; 98583; 3
1670089689.934674; 98608; 3
1670089689.959674; 98633; 3
1670089689.984679; 98658; 3
1670089690.009675; 98683; 3
1670089690.034671; 98708; 3
1670089690.059675; 98733; 3
1670089690.084671; 98758; 3
1670089690.109676; 98783; 3
1670089690.134675; 98808; 3
1670089690.159674; 98833; 3
1670089690.184674; 98858; 3
1670089690.209679; 98883; 3
1670089690.234675; 98908; 3
1670089690.259674; 98933; 3
1670089690.284674; 98958; 3
1670089690.309678; 98983; 3
1670089690.334671; 99008; 3
1670089690.359674; 99033; 3
1670089690.384670; 99058; 3
1670089690.409670; 99083; 3
1670089690.434675; 99108; 3
1670089690.459671; 99133; 3
1670089690.484670; 99158; 3
1670089690.509695; 99183; 3
1670089690.534679; 99208; 2
1670089690.559675; 99233; 2
1670089690.584674; 99258; 2
1670089690.609674; 99283; 2
1670089690.634674; 99308; 2
1670089690.659679; 99333; 2
1670089690.684675; 99358; 2
1670089690.709711; 99383; 2
1670089690.734670; 99408; 2
1670089690.759678; 99433; 2
1670089690.784671; 99458; 2
1670089690.809670; 99483; 2
1670089690.834670; 99508; 3
1670089690.859677; 99533; 3
1670089690.884676; 99558; 3
1670089690.909674; 99583; 3
1670089690.934670; 99608; 3
1670089690.959670; 99633; 3
1670089690.984675; 99658; 3
1670089691.009671; 99683; 3
1670089691.034675; 99708; 4
1670089691.059671; 99733; 4
1670089691.084680; 99758; 4
1670089691.109672; 99783; 4
1670089691.134674; 99808; 4
1670089691.159674; 99833; 4
1670089691.184670; 99858; 4
1670089691.209682; 99883; 4
1670089691.234675; 99908; 4
1670089691.259674; 99933; 4
1670089691.284674; 99958; 4
1670089691.309679; 99983; 4
1670089691.334671; 100008; 6
1670089691.359670; 100033; 6
1670089691.384674; 100058; 6
1670089691.409679; 100083; 6
1670089691.434675; 100108; 9
1670089691.459674; 100133; 9
1670089691.484674; 100158; 9
1670089691.509674; 100183; 9
1670089691.534721; 100208; 10
1670089691.559675; 100233; 10
1670089691.584670; 100258; 10
1670089691.609670; 100283; 10
1670089691.634682; 100308; 10
1670089691.659675; 100333; 10
1670089691.684674; 100358; 10
1670089691.709674; 100383; 10
1670089691.734681; 100408; 10
1670089691.759671; 100433; 12
1670089691.784674; 100458; 12
1670089691.809674; 100483; 12
1670089691.834679; 100508; 12
1670089691.859675; 100533; 12
1670089691.884674; 100558; 12
1670089691.909674; 100583; 12
1670089691.934679; 100608; 12
1670089691.959671; 100633; 11
1670089691.984674; 100658; 11
1670089692.009670; 100683; 11
1670089692.034679; 100708; 11
1670089692.059672; 100733; 12
1670089692.084671; 100758; 12
1670089692.109671; 100783; 12
1670089692.134674; 100808; 12
1670089692.159676; 100833; 10
1670089692.184670; 100858; 10
1670089692.209670; 100883; 10
1670089692.234670; 100908; 10
1670089692.259679; 100933; 7
1670089692.284675; 100958; 7
1670089692.309674; 100983; 7
1670089692.334674; 101008; 7
1670089692.359675; 101033; 7
1670089692.384675; 101058; 7
1670089692.409670; 101083; 7
1670089692.434670; 101108; 7
1670089692.459678; 101133; 6
1670089692.484671; 101158; 6
1670089692.509670; 101183; 6
1670089692.534670; 101208; 6
1670089692.559674; 101233; 6
1670089692.584671; 101258; 6
1670089692.609670; 101283; 6
1670089692.634670; 101308; 6
1670089692.659670; 101333; 6
1670089692.684675; 101358; 6
1670089692.709671; 101383; 6
1670089692.734670; 101408; 6
1670089692.759674; 101433; 6
1670089692.784679; 101458; 5
1670089692.809679; 101483; 5
1670089692.834670; 101508; 5
1670089692.859670; 101533; 5
1670089692.884682; 101558; 5
1670089692.909675; 101583; 5
1670089692.934674; 101608; 5
1670089692.959674; 101633; 5
1670089692.984674; 101658; 6
1670089693.009672; 101683; 6
1670089693.034675; 101708; 6
1670089693.059671; 101733; 6
1670089693.084675; 101758; 10
1670089693.109680; 101783; 10
1670089693.134671; 101808; 10
1670089693.159674; 101833; 10
1670089693.184674; 101858; 12
1670089693.209679; 101883; 12
1670089693.234675; 101908; 12
1670089693.259674; 101933; 12
1670089693.284674; 101958; 18
1670089693.309678; 101983; 18
1670089693.334675; 102008; 18
1670089693.359674; 102033; 18
1670089693.384670; 102058; 31
1670089693.409675; 102083; 31
1670089693.434671; 102108; 31
1670089693.459674; 102133; 31
1670089693.484674; 102158; 26
1670089693.509679; 102183; 26
1670089693.534675; 102208; 26
1670089693.559674; 102233; 26
1670089693.584674; 102258; 10
1670089693.609679; 102283; 10
1670089693.634675; 102308; 10
1670089693.659674; 102333; 10
1670089693.684674; 102358; 6
1670089693.709674; 102383; 6
1670089693.734678; 102408; 6
1670089693.759671; 102433; 6
1670089693.784670; 102458; 6
1670089693.809670; 102483; 6
1670089693.834675; 102508; 6
1670089693.859671; 102533; 6
1670089693.884670; 102558; 6
1670089693.909670; 102583; 5
1670089693.934675; 102608; 5
1670089693.959671; 102633; 5
1670089693.984670; 102658; 5
1670089694.009670; 102683; 5
1670089694.034680; 102708; 5
1670089694.059676; 102733; 5
1670089694.084675; 102758; 5
1670089694.109671; 102783; 5
1670089694.134674; 102808; 5
1670089694.159682; 102833; 5
1670089694.184675; 102858; 5
1670089694.209674; 102883; 5
1670089694.234674; 102908; 5
1670089694.259679; 102933; 5
1670089694.284675; 102958; 5
1670089694.309674; 102983; 5
1670089694.334674; 103008; 5
1670089694.359679; 103033; 5
1670089694.384671; 103058; 5
1670089694.409670; 103083; 5
1670089694.434670; 103108; 5
1670089694.459679; 103133; 5
1670089694.484675; 103158; 5
1670089694.509674; 103183; 5
1670089694.534674; 103208; 5
1670089694.559674; 103233; 5
1670089694.584678; 103258; 5
1670089694.609675; 103283; 5
1670089694.634670; 103308; 5
1670089694.659670; 103333; 5
1670089694.684675; 103358; 5
1670089694.709671; 103383; 5
1670089694.734670; 103408; 5
1670089694.759670; 103433; 5
1670089694.784675; 103458; 5
1670089694.809671; 103483; 6
1670089694.834670; 103508; 6
1670089694.859674; 103533; 6
1670089694.884677; 103558; 6
1670089694.909676; 103583; 10
1670089694.934670; 103608; 10
1670089694.959670; 103633; 10
1670089694.984670; 103658; 10
1670089695.009678; 103683; 11
1670089695.034677; 103708; 11
1670089695.059675; 103733; 11
1670089695.084675; 103758; 11
1670089695.109680; 103783; 11
1670089695.134671; 103808; 12
1670089695.159674; 103833; 12
1670089695.184674; 103858; 12
1670089695.209679; 103883; 12
1670089695.234675; 103908; 11
1670089695.259674; 103933; 11
1670089695.284674; 103958; 11
1670089695.309679; 103983; 11
1670089695.334675; 104008; 12
1670089695.359674; 104033; 12
1670089695.384674; 104058; 12
1670089695.409678; 104083; 12
1670089695.434671; 104108; 13
1670089695.459674; 104133; 13
1670089695.484674; 104158; 13
1670089695.509679; 104183; 13
1670089695.534675; 104208; 13
1670089695.559674; 104233; 13
1670089695.584674; 104258; 13
1670089695.609679; 104283; 13
1670089695.634675; 104308; 12
1670089695.659674; 104333; 12
1670089695.684670; 104358; 12
1670089695.709670; 104383; 12
1670089695.734679; 104408; 12
1670089695.759675; 104433; 12
1670089695.784674; 104458; 12
1670089695.809674; 104483; 12
1670089695.834696; 104508; 13
1670089695.859671; 104533; 13
1670089695.884674; 104558; 13
1670089695.909674; 104583; 13
1670089695.934679; 104608; 12
1670089695.959675; 104633; 12
1670089695.984674; 104658; 12
1670089696.009674; 104683; 12
1670089696.034697; 104708; 12
1670089696.059672; 104733; 12
1670089696.084671; 104758; 12
1670089696.109671; 104783; 12
1670089696.134679; 104808; 13
1670089696.159675; 104833; 13
1670089696.184674; 104858; 13
1670089696.209674; 104883; 13
1670089696.234682; 104908; 13
1670089696.259675; 104933; 14
1670089696.284674; 104958; 14
1670089696.309674; 104983; 14
1670089696.334679; 105008; 14
1670089696.359675; 105033; 16
1670089696.384670; 105058; 16
1670089696.409670; 105083; 16
1670089696.434675; 105108; 16
1670089696.459675; 105133; 14
1670089696.484674; 105158; 14
1670089696.509674; 105183; 14
1670089696.534674; 105208; 14
1670089696.559679; 105233; 14
1670089696.584675; 105258; 14
1670089696.609674; 105283; 14
1670089696.634674; 105308; 14
1670089696.659678; 105333; 14
1670089696.684675; 105358; 14
1670089696.709674; 105383; 14
1670089696.734674; 105408; 14
1670089696.759679; 105433; 15
1670089696.784675; 105458; 15
1670089696.809674; 105483; 15
1670089696.834674; 105508; 15
1670089696.859692; 105533; 15
1670089696.884675; 105558; 15
1670089696.909674; 105583; 15
1670089696.934674; 105608; 15
1670089696.959679; 105633; 15
1670089696.984675; 105658; 15
1670089697.009674; 105683; 15
1670089697.034671; 105708; 15
1670089697.059682; 105733; 15
1670089697.084677; 105758; 15
1670089697.109675; 105783; 15
1670089697.134670; 105808; 15
1670089697.159675; 105833; 15
1670089697.184671; 105858; 15
1670089697.209674; 105883; 15
1670089697.234674; 105908; 15
1670089697.259678; 105933; 15
1670089697.284672; 105958; 15
1670089697.309674; 105983; 15
1670089697.334670; 106008; 15
1670089697.359670; 106033; 15
1670089697.384675; 106058; 15
1670089697.409671; 106083; 15
1670089697.434674; 106108; 15
1670089697.459674; 106133; 15
1670089697.484682; 106158; 15
1670089697.509675; 106183; 15
1670089697.534674; 106208; 15
1670089697.559674; 106233; 15
1670089697.584679; 106258; 15
1670089697.609675; 106283; 15
1670089697.634674; 106308; 15
1670089697.659674; 106333; 15
1670089697.684679; 106358; 15
1670089697.709675; 106383; 15
1670089697.734674; 106408; 15
1670089697.759674; 106433; 15
1670089697.784679; 106458; 15
1670089697.809675; 106483; 15
1670089697.834674; 106508; 15
1670089697.859674; 106533; 15
1670089697.884680; 106558; 15
1670089697.909675; 106583; 15
1670089697.934674; 106608; 15
1670089697.959674; 106633; 15
1670089697.984679; 106658; 15
1670089698.009675; 106683; 15
1670089698.034671; 106708; 15
1670089698.059671; 106733; 15
1670089698.084679; 106758; 15
1670089698.109678; 106783; 15
1670089698.134685; 106808; 15
1670089698.159670; 106833; 15
1670089698.184670; 106858; 15
1670089698.209679; 106883; 15
1670089698.234675; 106908; 15
1670089698.259674; 106933; 15
1670089698.284674; 106958; 15
1670089698.309678; 106983; 15
1670089698.334675; 107008; 15
1670089698.359674; 107033; 15
1670089698.384670; 107058; 15
1670089698.409675; 107083; 15
1670089698.434671; 107108; 15
1670089698.459674; 107133; 15
1670089698.484674; 107158; 15
1670089698.509675; 107183; 15
1670089698.534671; 107208; 15
1670089698.559674; 107233; 15
1670089698.584674; 107258; 15
1670089698.609679; 107283; 16
1670089698.634675; 107308; 16
1670089698.659674; 107333; 16
1670089698.684674; 107358; 16
1670089698.709682; 107383; 16
1670089698.734675; 107408; 16
1670089698.759674; 107433; 16
1670089698.784674; 107458; 16
1670089698.809679; 107483; 14
1670089698.834675; 107508; 14
1670089698.859674; 107533; 14
1670089698.884674; 107558; 14
1670089698.909671; 107583; 13
1670089698.934679; 107608; 13
1670089698.959671; 107633; 13
1670089698.984674; 107658; 13
1670089699.009674; 107683; 14
1670089699.034676; 107708; 14
1670089699.059672; 107733; 14
1670089699.084671; 107758; 14
1670089699.109675; 107783; 16
1670089699.134682; 107808; 16
1670089699.159675; 107833; 16
1670089699.184674; 107858; 16
1670089699.209674; 107883; 17
1670089699.234679; 107908; 17
1670089699.259675; 107933; 17
1670089699.284674; 107958; 17
1670089699.309674; 107983; 19
1670089699.334679; 108008; 19
1670089699.359675; 108033; 19
1670089699.384670; 108058; 19
1670089699.409670; 108083; 16
1670089699.434679; 108108; 16
1670089699.459675; 108133; 16
1670089699.484674; 108158; 16
1670089699.509674; 108183; 13
1670089699.534682; 108208; 13
1670089699.559675; 108233; 13
1670089699.584674; 108258; 13
1670089699.609674; 108283; 13
1670089699.634679; 108308; 13
1670089699.659675; 108333; 13
1670089699.684674; 108358; 13
1670089699.709674; 108383; 13
1670089699.734674; 108408; 13
1670089699.759679; 108433; 13
1670089699.784675; 108458; 13
1670089699.809674; 108483; 13
1670089699.834674; 108508; 12
1670089699.859679; 108533; 12
1670089699.884675; 108558; 12
1670089699.909674; 108583; 12
1670089699.934670; 108608; 13
1670089699.959682; 108633; 13
1670089699.984675; 108658; 13
1670089700.009674; 108683; 13
1670089700.034671; 108708; 13
1670089700.059680; 108733; 13
1670089700.084676; 108758; 13
1670089700.109675; 108783; 13
1670089700.134674; 108808; 13
1670089700.159675; 108833; 13
1670089700.184672; 108858; 13
1670089700.209674; 108883; 13
1670089700.234674; 108908; 12
1670089700.259679; 108933; 12
1670089700.284675; 108958; 12
1670089700.309674; 108983; 12
1670089700.334674; 109008; 13
1670089700.359682; 109033; 13
1670089700.384671; 109058; 13
1670089700.409674; 109083; 13
1670089700.434674; 109108; 15
1670089700.459674; 109133; 15
1670089700.484672; 109158; 15
1670089700.509674; 109183; 15
1670089700.534674; 109208; 20
1670089700.559670; 109233; 20
1670089700.584679; 109258; 20
1670089700.609675; 109283; 20
1670089700.634674; 109308; 20
1670089700.659674; 109333; 20
1670089700.684679; 109358; 20
1670089700.709675; 109383; 20
1670089700.734674; 109408; 21
1670089700.759674; 109433; 21
1670089700.784682; 109458; 21
1670089700.809675; 109483; 21
1670089700.834674; 109508; 22
1670089700.859674; 109533; 22
1670089700.884679; 109558; 22
1670089700.909675; 109583; 22
1670089700.934674; 109608; 22
1670089700.959674; 109633; 21
1670089700.984679; 109658; 21
1670089701.009671; 109683; 21
1670089701.034675; 109708; 21
1670089701.059675; 109733; 24
1670089701.084680; 109758; 24
1670089701.109676; 109783; 24
1670089701.134670; 109808; 24
1670089701.159670; 109833; 21
1670089701.184678; 109858; 21
1670089701.209675; 109883; 21
1670089701.234674; 109908; 21
1670089701.259674; 109933; 22
1670089701.284674; 109958; 22
1670089701.309672; 109983; 22
1670089701.334674; 110008; 22
1670089701.359692; 110033; 23
1670089701.384670; 110058; 23
1670089701.409679; 110083; 23
1670089701.434671; 110108; 23
1670089701.459674; 110133; 26
1670089701.484674; 110158; 26
1670089701.509679; 110183; 26
1670089701.534675; 110208; 26
1670089701.559674; 110233; 25
1670089701.584674; 110258; 25
1670089701.609678; 110283; 25
1670089701.634675; 110308; 25
1670089701.659674; 110333; 26
1670089701.684674; 110358; 26
1670089701.709679; 110383; 26
1670089701.734675; 110408; 26
1670089701.759674; 110433; 27
1670089701.784674; 110458; 27
1670089701.809679; 110483; 27
1670089701.834675; 110508; 27
1670089701.859674; 110533; 28
1670089701.884674; 110558; 28
1670089701.909679; 110583; 28
1670089701.934675; 110608; 28
1670089701.959674; 110633; 29
1670089701.984670; 110658; 29
1670089702.009682; 110683; 29
1670089702.034672; 110708; 29
1670089702.059671; 110733; 29
1670089702.084675; 110758; 27
1670089702.109675; 110783; 27
1670089702.134679; 110808; 27
1670089702.159675; 110833; 27
1670089702.184688; 110858; 25
1670089702.209670; 110883; 25
1670089702.234679; 110908; 25
1670089702.259675; 110933; 25
1670089702.284674; 110958; 25
1670089702.309674; 110983; 25
1670089702.334679; 111008; 25
1670089702.359675; 111033; 25
1670089702.384675; 111058; 25
1670089702.409674; 111083; 25
1670089702.434682; 111108; 25
1670089702.459675; 111133; 25
1670089702.484674; 111158; 25
1670089702.509674; 111183; 25
1670089702.534679; 111208; 25
1670089702.559675; 111233; 25
1670089702.584674; 111258; 25
1670089702.609674; 111283; 25
1670089702.634679; 111308; 25
1670089702.659675; 111333; 25
1670089702.684674; 111358; 27
1670089702.709674; 111383; 27
1670089702.734679; 111408; 27
1670089702.759675; 111433; 27
1670089702.784674; 111458; 28
1670089702.809674; 111483; 28
1670089702.834683; 111508; 28
1670089702.859675; 111533; 28
1670089702.884674; 111558; 26
1670089702.909674; 111583; 26
1670089702.934674; 111608; 26
1670089702.959679; 111633; 26
1670089702.984675; 111658; 26
1670089703.009670; 111683; 26
1670089703.034675; 111708; 26
1670089703.059676; 111733; 26
1670089703.084672; 111758; 25
1670089703.109671; 111783; 25
1670089703.134674; 111808; 25
1670089703.159679; 111833; 25
1670089703.184675; 111858; 26
1670089703.209676; 111883; 26
1670089703.234674; 111908; 26
1670089703.259678; 111933; 26
1670089703.284675; 111958; 26
1670089703.309674; 111983; 27
1670089703.334674; 112008; 27
1670089703.359679; 112033; 27
1670089703.384671; 112058; 27
1670089703.409674; 112083; 26
1670089703.434670; 112108; 26
1670089703.459681; 112133; 26
1670089703.484671; 112158; 26
1670089703.509674; 112183; 24
1670089703.534674; 112208; 24
1670089703.559679; 112233; 24
1670089703.584675; 112258; 24
1670089703.609674; 112283; 24
1670089703.634670; 112308; 24
1670089703.659677; 112333; 24
1670089703.684676; 112358; 24
1670089703.709670; 112383; 24
1670089703.734670; 112408; 24
1670089703.759670; 112433; 24
1670089703.784675; 112458; 24
1670089703.809671; 112483; 23
1670089703.834674; 112508; 23
1670089703.859674; 112533; 23
1670089703.884679; 112558; 23
1670089703.909675; 112583; 20
1670089703.934674; 112608; 20
1670089703.959674; 112633; 20
1670089703.984679; 112658; 20
1670089704.009675; 112683; 20
1670089704.034675; 112708; 20
1670089704.059675; 112733; 20
1670089704.084680; 112758; 20
1670089704.109672; 112783; 19
1670089704.134674; 112808; 19
1670089704.159674; 112833; 19
1670089704.184679; 112858; 19
1670089704.209675; 112883; 19
1670089704.234670; 112908; 19
1670089704.259670; 112933; 19
1670089704.284679; 112958; 19
1670089704.309675; 112983; 16
1670089704.334674; 113008; 16
1670089704.359674; 113033; 16
1670089704.384675; 113058; 16
1670089704.409671; 113083; 16
1670089704.434674; 113108; 15
1670089704.459670; 113133; 15
1670089704.484681; 113158; 15
1670089704.509676; 113183; 15
1670089704.534670; 113208; 16
1670089704.559670; 113233; 16
1670089704.584670; 113258; 16
1670089704.609675; 113283; 16
1670089704.634671; 113308; 15
1670089704.659674; 113333; 15
1670089704.684674; 113358; 15
1670089704.709679; 113383; 15
1670089704.734675; 113408; 14
1670089704.759674; 113433; 14
1670089704.784674; 113458; 14
1670089704.809679; 113483; 14
1670089704.834675; 113508; 14
1670089704.859671; 113533; 14
1670089704.884674; 113558; 14
1670089704.909678; 113583; 14
1670089704.934675; 113608; 14
1670089704.959674; 113633; 14
1670089704.984674; 113658; 14
1670089705.009679; 113683; 14
1670089705.034672; 113708; 14
1670089705.059671; 113733; 14
1670089705.084675; 113758; 14
1670089705.109680; 113783; 14
1670089705.134671; 113808; 14
1670089705.159674; 113833; 14
1670089705.184674; 113858; 14
1670089705.209679; 113883; 14
1670089705.234675; 113908; 14
1670089705.259674; 113933; 14
1670089705.284674; 113958; 14
1670089705.309674; 113983; 14
1670089705.334682; 114008; 13
1670089705.359675; 114033; 13
1670089705.384674; 114058; 13
1670089705.409674; 114083; 13
1670089705.434679; 114108; 13
1670089705.459675; 114133; 13
1670089705.484674; 114158; 13
1670089705.509670; 114183; 13
1670089705.534675; 114208; 13
1670089705.559671; 114233; 12
1670089705.584674; 114258; 12
1670089705.609674; 114283; 12
1670089705.634679; 114308; 12
1670089705.659675; 114333; 13
1670089705.684674; 114358; 13
1670089705.709674; 114383; 13
1670089705.734682; 114408; 13
1670089705.759675; 114433; 13
1670089705.784674; 114458; 13
1670089705.809674; 114483; 13
1670089705.834679; 114508; 13
1670089705.859675; 114533; 14
1670089705.884674; 114558; 14
1670089705.909674; 114583; 14
1670089705.934675; 114608; 14
1670089705.959671; 114633; 13
1670089705.984674; 114658; 13
1670089706.009674; 114683; 13
1670089706.034676; 114708; 13
1670089706.059672; 114733; 12
1670089706.084675; 114758; 12
1670089706.109675; 114783; 12
1670089706.134670; 114808; 12
1670089706.159682; 114833; 13
1670089706.184675; 114858; 13
1670089706.209674; 114883; 13
1670089706.234674; 114908; 13
1670089706.259679; 114933; 13
1670089706.284675; 114958; 13
1670089706.309674; 114983; 13
1670089706.334674; 115008; 13
1670089706.359679; 115033; 12
1670089706.384671; 115058; 12
1670089706.409674; 115083; 12
1670089706.434674; 115108; 12
1670089706.459679; 115133; 12
1670089706.484701; 115158; 12
1670089706.509674; 115183; 12
1670089706.534674; 115208; 12
1670089706.559678; 115233; 13
1670089706.584675; 115258; 13
1670089706.609674; 115283; 13
1670089706.634674; 115308; 13
1670089706.659679; 115333; 13
1670089706.684689; 115358; 13
1670089706.709670; 115383; 13
1670089706.734670; 115408; 13
1670089706.759675; 115433; 13
1670089706.784671; 115458; 13
1670089706.809674; 115483; 13
1670089706.834674; 115508; 13
1670089706.859677; 115533; 13
1670089706.884677; 115558; 13
1670089706.909674; 115583; 13
1670089706.934674; 115608; 13
1670089706.959674; 115633; 13
1670089706.984682; 115658; 14
1670089707.009675; 115683; 14
1670089707.034671; 115708; 14
1670089707.059675; 115733; 14
1670089707.084680; 115758; 13
1670089707.109676; 115783; 13
1670089707.134670; 115808; 13
1670089707.159674; 115833; 13
1670089707.184679; 115858; 13
1670089707.209675; 115883; 13
1670089707.234674; 115908; 13
1670089707.259674; 115933; 13
1670089707.284679; 115958; 14
1670089707.309675; 115983; 14
1670089707.334674; 116008; 14
1670089707.359674; 116033; 14
1670089707.384678; 116058; 15
1670089707.409675; 116083; 15
1670089707.434674; 116108; 15
1670089707.459674; 116133; 15
1670089707.484679; 116158; 15
1670089707.509691; 116183; 15
1670089707.534674; 116208; 15
1670089707.559670; 116233; 15
1670089707.584679; 116258; 15
1670089707.609675; 116283; 15
1670089707.634674; 116308; 15
1670089707.659674; 116333; 15
1670089707.684678; 116358; 15
1670089707.709675; 116383; 15
1670089707.734674; 116408; 15
1670089707.759674; 116433; 15
1670089707.784674; 116458; 15
1670089707.809682; 116483; 15
1670089707.834675; 116508; 15
1670089707.859674; 116533; 15
1670089707.884674; 116558; 15
1670089707.909679; 116583; 15
1670089707.934671; 116608; 15
1670089707.959674; 116633; 15
1670089707.984674; 116658; 15
1670089708.009679; 116683; 15
1670089708.034672; 116708; 15
1670089708.059671; 116733; 15
1670089708.084675; 116758; 15
1670089708.109680; 116783; 15
1670089708.134675; 116808; 15
1670089708.159674; 116833; 15
1670089708.184674; 116858; 15
1670089708.209678; 116883; 15
1670089708.234675; 116908; 15
1670089708.259674; 116933; 15
1670089708.284674; 116958; 15
1670089708.309679; 116983; 15
1670089708.334671; 117008; 15
1670089708.359674; 117033; 15
1670089708.384674; 117058; 15
1670089708.409679; 117083; 15
1670089708.434675; 117108; 15
1670089708.459674; 117133; 15
1670089708.484674; 117158; 15
1670089708.509674; 117183; 15
1670089708.534675; 117208; 15
1670089708.559675; 117233; 15
1670089708.584674; 117258; 15
1670089708.609674; 117283; 15
1670089708.634682; 117308; 15
1670089708.659675; 117333; 15
1670089708.684674; 117358; 15
1670089708.709674; 117383; 15
1670089708.734679; 117408; 15
1670089708.759675; 117433; 15
1670089708.784677; 117458; 15
1670089708.809670; 117483; 15
1670089708.834679; 117508; 15
1670089708.859675; 117533; 15
1670089708.884674; 117558; 15
1670089708.909674; 117583; 15
1670089708.934679; 117608; 15
1670089708.959675; 117633; 15
1670089708.984674; 117658; 15
1670089709.009674; 117683; 15
1670089709.034679; 117708; 15
1670089709.059672; 117733; 15
1670089709.084671; 117758; 15
1670089709.109675; 117783; 15
1670089709.134679; 117808; 15
1670089709.159675; 117833; 15
1670089709.184674; 117858; 15
1670089709.209674; 117883; 15
1670089709.234679; 117908; 15
1670089709.259675; 117933; 15
1670089709.284674; 117958; 15
1670089709.309674; 117983; 15
1670089709.334674; 118008; 15
1670089709.359675; 118033; 15
1670089709.384675; 118058; 15
1670089709.409674; 118083; 15
1670089709.434674; 118108; 15
1670089709.459678; 118133; 15
1670089709.484675; 118158; 15
1670089709.509674; 118183; 15
1670089709.534674; 118208; 14
1670089709.559681; 118233; 14
1670089709.584671; 118258; 14
1670089709.609670; 118283; 14
1670089709.634670; 118308; 15
1670089709.659679; 118333; 15
1670089709.684675; 118358; 15
1670089709.709674; 118383; 15
1670089709.734674; 118408; 15
1670089709.759675; 118433; 15
1670089709.784675; 118458; 15
1670089709.809674; 118483; 15
1670089709.834674; 118508; 15
1670089709.859682; 118533; 15
1670089709.884675; 118558; 15
1670089709.909674; 118583; 15
1670089709.934674; 118608; 15
1670089709.959679; 118633; 15
1670089709.984675; 118658; 15
1670089710.009674; 118683; 15
1670089710.034671; 118708; 15
1670089710.059679; 118733; 15
1670089710.084678; 118758; 15
1670089710.109675; 118783; 15
1670089710.134670; 118808; 17
1670089710.159670; 118833; 17
1670089710.184675; 118858; 17
1670089710.209671; 118883; 17
1670089710.234674; 118908; 17
1670089710.259674; 118933; 16
1670089710.284678; 118958; 16
1670089710.309675; 118983; 16
1670089710.334674; 119008; 16
1670089710.359674; 119033; 16
1670089710.384675; 119058; 16
1670089710.409671; 119083; 16
1670089710.434674; 119108; 16
1670089710.459674; 119133; 16
1670089710.484679; 119158; 16
1670089710.509675; 119183; 16
1670089710.534674; 119208; 16
1670089710.559674; 119233; 17
1670089710.584679; 119258; 17
1670089710.609675; 119283; 17
1670089710.634674; 119308; 17
1670089710.659674; 119333; 17
1670089710.684678; 119358; 17
1670089710.709675; 119383; 17
1670089710.734674; 119408; 17
1670089710.759674; 119433; 17
1670089710.784675; 119458; 17
1670089710.809675; 119483; 17
1670089710.834674; 119508; 17
1670089710.859674; 119533; 17
1670089710.884674; 119558; 17
1670089710.909672; 119583; 17
1670089710.934674; 119608; 17
1670089710.959674; 119633; 16
1670089710.984674; 119658; 16
1670089711.009679; 119683; 16
1670089711.034672; 119708; 16
1670089711.059671; 119733; 16
1670089711.084671; 119758; 16
1670089711.109679; 119783; 16
1670089711.134675; 119808; 16
1670089711.159674; 119833; 17
1670089711.184674; 119858; 17
1670089711.209679; 119883; 17
1670089711.234675; 119908; 17
1670089711.259674; 119933; 16
1670089711.284674; 119958; 16
1670089711.309679; 119983; 16
1670089711.334675; 120008; 16
1670089711.359674; 120033; 16
1670089711.384674; 120058; 16
1670089711.409679; 120083; 16
1670089711.434675; 120108; 16
1670089711.459674; 120133; 16
1670089711.484674; 120158; 16
1670089711.509678; 120183; 16
1670089711.534675; 120208; 16
1670089711.559674; 120233; 16
1670089711.584674; 120258; 17
1670089711.609679; 120283; 17
1670089711.634675; 120308; 17
1670089711.659674; 120333; 17
1670089711.684674; 120358; 16
1670089711.709674; 120383; 16
1670089711.734679; 120408; 16
1670089711.759675; 120433; 16
1670089711.784674; 120458; 16
1670089711.809672; 120483; 16
1670089711.834679; 120508; 16
1670089711.859675; 120533; 16
1670089711.884670; 120558; 16
1670089711.909670; 120583; 16
1670089711.934682; 120608; 16
1670089711.959675; 120633; 16
1670089711.984674; 120658; 16
1670089712.009701; 120683; 16
1670089712.034680; 120708; 16
1670089712.059677; 120733; 16
1670089712.084675; 120758; 17
1670089712.109675; 120783; 17
1670089712.134675; 120808; 17
1670089712.159671; 120833; 17
1670089712.184674; 120858; 17
1670089712.209674; 120883; 17
1670089712.234675; 120908; 17
1670089712.259671; 120933; 17
1670089712.284674; 120958; 17
1670089712.309674; 120983; 17
1670089712.334682; 121008; 17
1670089712.359675; 121033; 17
1670089712.384670; 121058; 17
1670089712.409670; 121083; 17
1670089712.434675; 121108; 17
1670089712.459671; 121133; 17
1670089712.484674; 121158; 17
1670089712.509674; 121183; 17
1670089712.534674; 121208; 17
1670089712.559679; 121233; 17
1670089712.584675; 121258; 17
1670089712.609674; 121283; 17
1670089712.634674; 121308; 17
1670089712.659679; 121333; 17
1670089712.684675; 121358; 17
1670089712.709674; 121383; 17
1670089712.734674; 121408; 17
1670089712.759678; 121433; 17
1670089712.784675; 121458; 17
1670089712.809674; 121483; 16
1670089712.834687; 121508; 16
1670089712.859675; 121533; 16
1670089712.884675; 121558; 16
1670089712.909674; 121583; 16
1670089712.934674; 121608; 16
1670089712.959679; 121633; 16
1670089712.984675; 121658; 16
1670089713.009674; 121683; 16
1670089713.034670; 121708; 16
1670089713.059676; 121733; 16
1670089713.084672; 121758; 16
1670089713.109671; 121783; 16
1670089713.134674; 121808; 16
1670089713.159678; 121833; 16
1670089713.184675; 121858; 16
1670089713.209674; 121883; 16
1670089713.234674; 121908; 16
1670089713.259678; 121933; 16
1670089713.284676; 121958; 16
1670089713.309670; 121983; 16
1670089713.334670; 122008; 16
1670089713.359670; 122033; 16
1670089713.384675; 122058; 16
1670089713.409671; 122083; 16
1670089713.434674; 122108; 16
1670089713.459674; 122133; 16
1670089713.484679; 122158; 16
1670089713.509675; 122183; 16
1670089713.534674; 122208; 16
1670089713.559674; 122233; 16
1670089713.584678; 122258; 16
1670089713.609675; 122283; 16
1670089713.634674; 122308; 16
1670089713.659693; 122333; 16
1670089713.684679; 122358; 16
1670089713.709671; 122383; 16
1670089713.734674; 122408; 16
1670089713.759674; 122433; 16
1670089713.784679; 122458; 16
1670089713.809675; 122483; 16
1670089713.834674; 122508; 17
1670089713.859675; 122533; 17
1670089713.884679; 122558; 17
1670089713.909675; 122583; 17
1670089713.934674; 122608; 18
1670089713.959674; 122633; 18
1670089713.984682; 122658; 18
1670089714.009675; 122683; 18
1670089714.034671; 122708; 18
1670089714.059671; 122733; 18
1670089714.084679; 122758; 18
1670089714.109683; 122783; 18
1670089714.134670; 122808; 16
1670089714.159670; 122833; 16
1670089714.184670; 122858; 16
1670089714.209679; 122883; 16
1670089714.234675; 122908; 17
1670089714.259674; 122933; 17
1670089714.284670; 122958; 17
1670089714.309675; 122983; 17
1670089714.334671; 123008; 17
1670089714.359674; 123033; 17
1670089714.384670; 123058; 17
1670089714.409678; 123083; 17
1670089714.434675; 123108; 16
1670089714.459674; 123133; 16
1670089714.484674; 123158; 16
1670089714.509679; 123183; 16
1670089714.534675; 123208; 18
1670089714.559674; 123233; 18
1670089714.584674; 123258; 18
1670089714.609679; 123283; 18
1670089714.634675; 123308; 17
1670089714.659674; 123333; 17
1670089714.684670; 123358; 17
1670089714.709679; 123383; 17
1670089714.734675; 123408; 16
1670089714.759674; 123433; 16
1670089714.784674; 123458; 16
1670089714.809678; 123483; 16
1670089714.834675; 123508; 16
1670089714.859674; 123533; 17
1670089714.884670; 123558; 17
1670089714.909670; 123583; 17
1670089714.934675; 123608; 17
1670089714.959671; 123633; 17
1670089714.984674; 123658; 17
1670089715.009674; 123683; 17
1670089715.034676; 123708; 17
1670089715.059672; 123733; 16
1670089715.084675; 123758; 16
1670089715.109675; 123783; 16
1670089715.134675; 123808; 16
1670089715.159671; 123833; 16
1670089715.184674; 123858; 16
1670089715.209674; 123883; 16
1670089715.234678; 123908; 16
1670089715.259675; 123933; 16
1670089715.284674; 123958; 16
1670089715.309674; 123983; 16
1670089715.334679; 124008; 16
1670089715.359671; 124033; 15
1670089715.384670; 124058; 15
1670089715.409670; 124083; 15
1670089715.434675; 124108; 15
1670089715.459671; 124133; 15
1670089715.484674; 124158; 15
1670089715.509670; 124183; 15
1670089715.534675; 124208; 15
1670089715.559671; 124233; 15
1670089715.584674; 124258; 15
1670089715.609674; 124283; 15
1670089715.634683; 124308; 15
1670089715.659675; 124333; 16
1670089715.684674; 124358; 16
1670089715.709670; 124383; 16
1670089715.734670; 124408; 16
1670089715.759679; 124433; 16
